tree
version=v4
num_class=1
num_tree_per_iteration=1
label_index=0
max_feature_idx=33
objective=regression
feature_names=Return Log_Return Ret_Lag_1 Ret_Lag_2 Ret_Lag_3 Ret_Lag_5 Ret_Lag_10 Daily_Range_Pct Close_to_MA_5 Close_to_MA_10 Close_to_MA_20 Close_to_MA_50 Close_to_EMA_10 Close_to_EMA_20 Rolling_Std_10 Rolling_Std_20 RSI_14 MACD_Pct Volume_to_MA_10 Global_Industrial_Production_Index USD_Index US_10Y_Yield VIX CPI_Inflation China_PMI News_Volume Daily_Bullish Daily_Bearish Daily_NSS Sentiment_EMA_7d Sentiment_Spike Sentiment_EMA_30d Sentiment_EMA_60d Sentiment_x_Trend
feature_infos=[-0.066940172742521994:0.074641947929079799] [-0.069285956656344794:0.071987534405050499] [-0.066940172742521994:0.074641947929079799] [-0.066940172742521994:0.074641947929079799] [-0.066940172742521994:0.074641947929079799] [-0.066940172742521994:0.074641947929079799] [-0.066940172742521994:0.074641947929079799] [0:0.092802595159413206] [0.91318316788809784:1.0730283848102866] [0.87986156167578455:1.1066018538739253] [0.85692473313438489:1.1552927409995728] [0.79659082927529956:1.1777746655552006] [0.89466740749189477:1.0920323555297982] [0.8686804240890813:1.1281657463110899] [0.0024529130098374001:0.036179077589099801] [0.0057965333731078003:0.029331550672483601] [13.140122716746744:90.832403572489085] [-0.0188041687703022:0.016289486570868299] [0.030548428479792201:9.6792988700484308] [84.561899999999994:104.10039999999999] [88.589996337890597:114.11000061035099] [0.52000000000000002:4.25] [9.1400003433227504:82.690002441406193] [0.0088000000000000005:8.9794] [48:52.600000000000001] none [0:0.43524837493896479] [0:0.4763879776000976] [-0.46199968829751009:0.43156092381104821] [-0.32620258622240861:0.30491887869226991] [-0.34649997753451489:0.3225017049502773] [-0.1977299482266055:0.18516034820322111] [-0.1384271361381611:0.12512591296171061] [-0.0095763178472613002:0.027052535087406002]
tree_sizes=2733 1776 1564 1835 1859 2524

Tree=0
num_leaves=28
num_cat=0
split_feature=22 5 33 15 20 18 23 15 4 24 22 23 24 3 11 33 18 10 27 5 7 5 7 0 4 9 27
split_gain=0.000982689 0.00188362 0.0032069 0.00211904 0.00151903 0.00136082 0.00101728 0.00100424 0.000812645 0.000714696 0.000713464 0.00111459 0.00063328 0.000397292 0.000361965 0.000471724 0.000340148 0.000429924 0.000535496 0.000408641 0.000754521 0.000315761 0.00026941 0.000222254 0.000267722 0.000244644 6.24406e-06
threshold=18.595000267028755 -0.0007657824435823499 0.00034577239869415006 0.015799386430559302 99.409999847412124 0.91618442395451394 1.3824000000000003 0.011040353747473352 0.014311461439377001 50.350000000000001 23.460000038146905 1.4908000000000003 49.550000000000004 0.0061551927518474509 0.91614962078104323 4.4207583247603611e-14 0.5238723457709944 0.98659349012860897 3.5458448287680758e-05 -0.00048452235643124995 0.0050850953201642506 0.013862427278570401 0.013862645747606201 0.0040501748584246509 0.0071304952560622007 1.0202594981956572 3.2976190847025951e-05
decision_type=2 2 2 2 2 2 2 2 2 2 2 2 2 2 2 2 2 2 2 2 2 2 2 2 2 2 2
left_child=9 2 5 4 8 7 -7 -2 -3 12 13 -12 23 -5 -14 -16 17 26 -19 22 -21 -6 -18 24 -1 -25 -11
right_child=1 3 -4 10 21 6 -8 -9 -10 16 11 -13 14 -15 15 -17 19 18 -20 20 -22 -23 -24 25 -26 -27 -28
leaf_value=0.00039538843070069098 0.00029338402832252948 0.00045558900603851149 0.00095642675440502404 0.00030656958379379713 0.00014124952339505928 0.00039879175461863679 0.00013989964069209722 0.00048980194860626265 0.00029284903331376275 0.00031313887712929907 0.00029338402832252948 -0.00013780352702271159 0.00029338402832252948 0.0001060507106078527 0.00013145575954034744 0.00029338402832252948 0.00030606300868697153 5.2810366847011106e-05 0.00029338402832252948 0.0002650415317804338 0.00042507961878265757 0.00029338402832252948 0.00019536742313178504 0.0001580374971318189 0.00029338402832252948 0.00029338402832252948 0.00029338402832252948
leaf_weight=89 41 211 25 58 70 43 89 190 31 37 39 47 31 25 246 118 123 46 44 48 187 23 65 45 23 22 23
leaf_count=89 41 211 25 58 70 43 89 190 31 37 39 47 31 25 246 118 123 46 44 48 187 23 65 45 23 22 23
internal_value=0.000293384 0.000332673 0.000416854 0.000277381 0.000338939 0.000360902 0.000261741 0.000438612 0.000414583 0.000262807 0.000127623 2.29358e-05 0.000222961 0.000293384 0.000187707 0.00017265 0.000294201 0.000240843 0.000166504 0.000325096 0.000371437 0.00019655 0.00029303 0.000293384 0.000343423 0.000231545 0.000293384
internal_weight=2039 892 388 504 335 363 132 231 242 1147 169 86 574 83 395 364 573 150 90 423 235 93 188 179 112 67 60
internal_count=2039 892 388 504 335 363 132 231 242 1147 169 86 574 83 395 364 573 150 90 423 235 93 188 179 112 67 60
is_linear=0
shrinkage=1


Tree=1
num_leaves=19
num_cat=0
split_feature=19 16 6 16 30 3 6 6 2 26 2 33 13 15 1 17 23 4
split_gain=0.00114907 0.00155272 0.00170798 0.00145511 0.00117904 0.00109927 0.00109757 0.000911308 0.000879038 0.000945574 0.000992197 0.000720397 0.00069076 0.000392978 0.000384784 0.000247899 8.0702e-05 4.9094e-05
threshold=98.805550000000011 48.622893474144732 -0.015211229302174998 29.378506111092651 -2.3090255530489143e-14 0.0200410158964224 -0.0015987342127886499 -0.012968313369423399 0.022771515997135155 0.00041517884900455008 -0.0054392258586126998 0.00016435689481150004 1.0140656279615852 0.01469646175123695 -0.0035018952786714996 0.0017194734329337503 1.8697500000000002 0.0055362139327043503
decision_type=2 2 2 2 2 2 2 2 2 2 2 2 2 2 2 2 2 2
left_child=4 2 13 6 -1 11 -4 -5 9 10 -6 12 -3 16 -7 -13 -2 -11
right_child=1 5 3 7 8 14 -8 -9 -10 17 -12 15 -14 -15 -16 -17 -18 -19
leaf_value=-0.0001746100909804227 0 -4.626036974156753e-05 0 -0.0002171862612590303 0 0 -0.00042493960537232111 4.2153180952921783e-05 -5.2970613861561568e-05 -9.300149957198298e-06 0.00023500987603971291 0.00012295681507633316 -0.00017580955601490672 0.00035473211977818137 0.00017622646262022132 0 8.0535376552936876e-05 5.5000128474938189e-05
leaf_weight=29 26 394 23 29 70 30 31 566 38 87 198 38 286 43 44 42 30 35
leaf_count=29 26 394 23 29 70 30 31 566 38 87 198 38 286 43 44 42 30 35
internal_value=0 -2.0567e-05 2.70199e-05 0 6.91912e-05 -6.91645e-05 -0.000244073 2.01258e-05 9.84117e-05 0.000126176 0.000178355 -9.05387e-05 -0.000108601 0.000217342 8.03936e-05 1.12439e-06 1.44277e-05 0
internal_weight=2039 1582 748 649 457 834 54 595 428 390 268 760 680 99 74 80 56 122
internal_count=2039 1582 748 649 457 834 54 595 428 390 268 760 680 99 74 80 56 122
is_linear=0
shrinkage=0.05


Tree=2
num_leaves=17
num_cat=0
split_feature=19 7 4 16 6 27 0 21 22 20 6 3 0 5 6 4
split_gain=0.00104117 0.000923345 0.00109293 0.000937407 0.00145148 0.00146556 0.00103047 0.00117545 0.00103346 0.000722472 0.000632545 0.000538311 0.000680701 0.000180276 9.08352e-06 3.62077e-09
threshold=97.244700000000009 0.035006980971525152 -0.0011051236927818997 48.622893474144732 -0.015211229302174998 0.00012081964853460002 0.0023967173537673002 1.8650000000000004 24.3800001144409 94.844997406005859 0.0047271599868671009 0.012669179256762851 0.011105840044012102 0.010631986177242101 0.0018589188889593501 0.0047271599868671009
decision_type=2 2 2 2 2 2 2 2 2 2 2 2 2 2 2 2
left_child=10 3 -3 4 9 -6 8 -8 -5 -2 11 12 13 -1 -4 -12
right_child=1 2 14 6 5 -7 7 -9 -10 -11 15 -13 -14 -15 -16 -17
leaf_value=0.00039285714622527249 0 -0.00046059672250412409 -3.14219538552646e-05 -5.5286240244110263e-05 -4.0715114937285085e-05 0.00011444910972614838 0.00011823095861802421 -4.1307131994631983e-05 -0.0003753831892613057 0.00027261962366580079 4.2980578989360148e-07 0 0 0 0 0
leaf_weight=45 21 22 20 477 477 216 171 304 33 83 46 24 25 20 21 34
leaf_count=45 21 22 20 477 477 216 171 304 33 83 46 24 25 20 21 34
internal_value=0 -1.2184e-05 -0.000197385 -2.51467e-06 3.45895e-05 7.48707e-07 -3.76116e-05 6.0479e-06 -8.78191e-05 0.000207014 0.000108721 0.000182807 0.000237725 0.000319868 0 0
internal_weight=2039 1845 63 1782 797 693 985 475 510 104 194 114 90 65 41 80
internal_count=2039 1845 63 1782 797 693 985 475 510 104 194 114 90 65 41 80
is_linear=0
shrinkage=0.05


Tree=3
num_leaves=20
num_cat=0
split_feature=19 16 27 6 23 20 5 30 3 2 26 2 22 13 3 0 2 11 4
split_gain=0.000964242 0.00131229 0.00168896 0.00135658 0.00171107 0.00131663 0.00119874 0.00103732 0.000998348 0.000792427 0.00087606 0.000899546 0.000789706 0.00084756 0.000499296 0.000347412 0.000159513 7.76601e-05 4.01317e-05
threshold=98.805550000000011 48.622893474144732 0.00013865627854315002 -0.015211229302174998 2.5551000000000008 92.869998931884723 0.0063690744458600509 -2.3090255530489143e-14 0.0200410158964224 0.022771515997135155 0.00041517884900455008 -0.010390428415213298 10.5349998474121 1.0140656279615852 -0.0068421493439474491 -0.0034957707909993997 0.00057556909993510018 0.97792035575202785 0.0055362139327043503
decision_type=2 2 2 2 2 2 2 2 2 2 2 2 2 2 2 2 2 2 2
left_child=7 2 3 14 -5 17 -7 -1 12 10 11 -9 16 -14 -2 -10 -3 -4 -12
right_child=1 8 5 4 -6 6 -8 9 15 -11 18 -13 13 -15 -16 -17 -18 -19 -20
leaf_value=-0.00016311791474436178 0 0 0 0 -0.00020586798834260867 0.00031394253117072042 0 0 0 -4.9906291952072746e-05 -1.1662557160889261e-05 0.00021013255383312034 -3.7614160913720732e-05 -0.00017456078293824769 0.00024235942986132092 0.00016846668432179363 8.9952497068190735e-05 -7.1478767885740747e-05 4.8146687461810768e-05
leaf_weight=29 22 30 23 334 131 107 42 47 30 38 87 221 389 291 54 44 50 35 35
leaf_count=29 22 30 23 334 131 107 42 47 30 38 87 221 389 291 54 44 50 35 35
internal_value=0 -1.9122e-05 2.42229e-05 -1.42106e-05 -5.47228e-05 0.000147247 0.000227179 6.30915e-05 -6.39185e-05 9.10484e-05 0.000117781 0.000167926 -8.45164e-05 -0.000104049 0.000163034 7.77424e-05 1.90318e-05 0 0
internal_weight=2039 1582 748 541 465 207 149 457 834 428 390 268 760 680 76 74 80 58 122
internal_count=2039 1582 748 541 465 207 149 457 834 428 390 268 760 680 76 74 80 58 122
is_linear=0
shrinkage=0.05


Tree=4
num_leaves=20
num_cat=0
split_feature=19 22 30 26 8 22 16 33 23 13 22 19 15 26 23 1 18 18 3
split_gain=0.000864118 0.000881856 0.00165753 0.00196348 0.00129724 0.00129557 0.00215078 0.000967852 0.000746355 0.000657407 0.000589787 0.000710141 0.000562099 0.000434819 0.000417588 0.00033667 0.000203028 7.08364e-05 1.0859e-05
threshold=97.244700000000009 25.734999656677203 -2.3090255530489143e-14 2.5173647448853744e-05 0.9952221262846459 18.595000267028755 55.39423128475412 -4.9081170183356851e-09 0.78200000000000014 1.0046940619452911 10.5349998474121 98.805550000000011 0.013076700276128152 2.3364288512240705e-15 2.1493000000000007 0.011539565208804602 0.97819147350319835 0.72603978448409079 -0.0020840156975950996
decision_type=2 2 2 2 2 2 2 2 2 2 2 2 2 2 2 2 2 2 2
left_child=9 5 3 -3 -4 10 8 -8 -7 -1 14 -12 13 -11 -2 -15 17 -14 -5
right_child=1 2 4 18 -6 6 7 -9 -10 12 11 -13 16 15 -16 -17 -18 -19 -20
leaf_value=0.00028368670193727172 0.00013448670084471813 -0.00040132372298615687 0.00030044750337016442 6.5850439075861161e-06 -7.4555478904152371e-05 0 0 -0.0002300037105880237 0.00016935887909510301 0 2.7163142940143758e-05 -6.5308022964113838e-05 -4.6969877858646205e-05 0.00025185704503965102 0 0 -0.00016674068524735047 6.98388579301536e-05 -2.7152066434999656e-05
leaf_weight=41 79 68 31 28 39 27 110 54 309 20 186 843 22 47 39 20 22 22 32
leaf_count=41 79 68 31 28 39 27 110 54 309 20 186 843 22 47 39 20 22 22 32
internal_value=0 -1.13402e-05 -0.00011023 -0.000223207 2.85464e-05 0 6.76479e-05 -5.97283e-05 0.000144547 9.87906e-05 -2.85455e-05 -4.37178e-05 1.26894e-05 0.000117515 6.02431e-05 0.000182441 -5.21274e-05 0 0
internal_weight=2039 1845 198 128 70 1647 500 164 336 194 1147 1029 153 87 118 67 66 44 60
internal_count=2039 1845 198 128 70 1647 500 164 336 194 1147 1029 153 87 118 67 66 44 60
is_linear=0
shrinkage=0.05


Tree=5
num_leaves=29
num_cat=0
split_feature=2 5 0 19 19 20 18 2 19 0 17 28 33 16 2 27 11 5 7 11 0 5 18 12 11 10 5 7
split_gain=0.000805914 0.00193005 0.00151477 0.00132212 0.00106259 0.000836703 0.000818232 0.000782119 0.000702487 0.00160355 0.000675898 0.000665647 0.00138379 0.000661761 0.000656779 0.000975559 0.00063603 0.00059948 0.000463127 0.00042465 0.000386089 0.000358744 0.000666937 0.000510752 0.000349183 0.000273143 0.000102174 2.01989e-06
threshold=0.0062451545276761009 -0.0034957707909993997 0.004263753127068351 100.98660000000002 101.46345000000001 96.57500076293941 1.7765158976969719 -0.010652295280044749 101.23795000000001 -0.0058815359501362989 -0.0033220635564781996 -4.4546350769363554e-06 -5.1731410113761544e-05 46.372696300151567 0.021675195172625453 7.3899005445190949e-10 0.96909210349881947 0.027078697125023154 0.014034306368386951 0.99301289304383167 0.008038563456921102 -0.0061334308492886494 0.99021970175423124 0.98111589828507473 1.0171089050510134 0.98733356862678245 0.00085120220662785004 0.010815217646065753
decision_type=2 2 2 2 2 2 2 2 2 2 2 2 2 2 2 2 2 2 2 2 2 2 2 2 2 2 2 2
left_child=3 5 4 7 16 18 8 21 13 -10 25 12 -4 -5 15 -7 -3 -12 19 -2 -13 23 -23 -1 -20 -9 -8 -6
right_child=1 2 11 6 27 14 26 10 9 -11 17 20 -14 -15 -16 -17 -18 -19 24 -21 -22 22 -24 -25 -26 -27 -28 -29
leaf_value=0.00026643747868745226 0 0 0 -0.00021540787241772506 0 0 -0.00032501292543505168 4.1358567478354143e-05 0.00016784927278080486 -3.1602847133797735e-05 0.0001387793918994681 0 0.00040701355167194772 0 0 0.00035226956807626409 -0.0002984173987206305 0 0.00021485738582787629 -0.0001980114397142293 -0.00017952549077906749 0 -0.0001934669869241573 0 0 -0.00010632838862325433 0 -1.421229373663663e-05
leaf_weight=20 28 26 27 69 34 36 24 112 130 344 434 27 25 50 21 51 152 21 20 49 42 99 56 40 20 40 20 22
leaf_count=20 28 26 27 69 34 36 24 112 130 344 434 27 25 50 21 51 152 21 20 49 42 99 56 40 20 40 20 22
internal_value=0 -5.04062e-05 -0.000126951 1.91028e-05 -0.000200807 4.85163e-05 -2.97397e-05 6.29839e-05 -5.01017e-06 1.33286e-05 9.25774e-05 0 0.000146413 -0.000117572 0.000153641 0.000217618 -0.000259761 0.0001229 -8.27049e-06 -0.000110522 -8.20824e-05 0 -5.85152e-05 7.51574e-05 6.62637e-05 0 -0.000235049 0
internal_weight=2039 580 355 1459 234 225 637 822 593 474 607 121 52 119 108 87 178 455 117 77 69 215 155 60 40 152 44 56
internal_count=2039 580 355 1459 234 225 637 822 593 474 607 121 52 119 108 87 178 455 117 77 69 215 155 60 40 152 44 56
is_linear=0
shrinkage=0.05


end of trees

feature_importances:
Ret_Lag_5=9
Ret_Lag_1=8
Global_Industrial_Production_Index=8
Return=7
Ret_Lag_10=7
VIX=7
Ret_Lag_2=6
Ret_Lag_3=6
RSI_14=6
Volume_to_MA_10=6
CPI_Inflation=6
Daily_Range_Pct=5
Close_to_MA_50=5
Daily_Bearish=5
Sentiment_x_Trend=5
Rolling_Std_20=4
USD_Index=4
Daily_Bullish=4
Close_to_EMA_20=3
Sentiment_Spike=3
Log_Return=2
Close_to_MA_20=2
MACD_Pct=2
China_PMI=2
Close_to_MA_5=1
Close_to_MA_10=1
Close_to_EMA_10=1
US_10Y_Yield=1
Daily_NSS=1

parameters:
[boosting: gbdt]
[objective: regression]
[metric: l2]
[tree_learner: serial]
[device_type: cpu]
[data_sample_strategy: bagging]
[data: ]
[valid: ]
[num_iterations: 200]
[learning_rate: 0.05]
[num_leaves: 31]
[num_threads: 20]
[seed: 42]
[deterministic: 0]
[force_col_wise: 0]
[force_row_wise: 0]
[histogram_pool_size: -1]
[max_depth: 5]
[min_data_in_leaf: 20]
[min_sum_hessian_in_leaf: 0.001]
[bagging_fraction: 0.8]
[pos_bagging_fraction: 1]
[neg_bagging_fraction: 1]
[bagging_freq: 0]
[bagging_seed: 400]
[bagging_by_query: 0]
[feature_fraction: 0.8]
[feature_fraction_bynode: 1]
[feature_fraction_seed: 30056]
[extra_trees: 0]
[extra_seed: 12879]
[early_stopping_round: 0]
[early_stopping_min_delta: 0]
[first_metric_only: 0]
[max_delta_step: 0]
[lambda_l1: 0.1]
[lambda_l2: 3]
[linear_lambda: 0]
[min_gain_to_split: 0]
[drop_rate: 0.1]
[max_drop: 50]
[skip_drop: 0.5]
[xgboost_dart_mode: 0]
[uniform_drop: 0]
[drop_seed: 17869]
[top_rate: 0.2]
[other_rate: 0.1]
[min_data_per_group: 100]
[max_cat_threshold: 32]
[cat_l2: 10]
[cat_smooth: 10]
[max_cat_to_onehot: 4]
[top_k: 20]
[monotone_constraints: ]
[monotone_constraints_method: basic]
[monotone_penalty: 0]
[feature_contri: ]
[forcedsplits_filename: ]
[refit_decay_rate: 0.9]
[cegb_tradeoff: 1]
[cegb_penalty_split: 0]
[cegb_penalty_feature_lazy: ]
[cegb_penalty_feature_coupled: ]
[path_smooth: 0]
[interaction_constraints: ]
[verbosity: -1]
[saved_feature_importance_type: 0]
[use_quantized_grad: 0]
[num_grad_quant_bins: 4]
[quant_train_renew_leaf: 0]
[stochastic_rounding: 1]
[linear_tree: 0]
[max_bin: 255]
[max_bin_by_feature: ]
[min_data_in_bin: 3]
[bin_construct_sample_cnt: 200000]
[data_random_seed: 175]
[is_enable_sparse: 1]
[enable_bundle: 1]
[use_missing: 1]
[zero_as_missing: 0]
[feature_pre_filter: 1]
[pre_partition: 0]
[two_round: 0]
[header: 0]
[label_column: ]
[weight_column: ]
[group_column: ]
[ignore_column: ]
[categorical_feature: ]
[forcedbins_filename: ]
[precise_float_parser: 0]
[parser_config_file: ]
[objective_seed: 16083]
[num_class: 1]
[is_unbalance: 0]
[scale_pos_weight: 1]
[sigmoid: 1]
[boost_from_average: 1]
[reg_sqrt: 0]
[alpha: 0.9]
[fair_c: 1]
[poisson_max_delta_step: 0.7]
[tweedie_variance_power: 1.5]
[lambdarank_truncation_level: 30]
[lambdarank_norm: 1]
[label_gain: ]
[lambdarank_position_bias_regularization: 0]
[eval_at: ]
[multi_error_top_k: 1]
[auc_mu_weights: ]
[num_machines: 1]
[local_listen_port: 12400]
[time_out: 120]
[machine_list_filename: ]
[machines: ]
[gpu_platform_id: -1]
[gpu_device_id: -1]
[gpu_device_id_list: ]
[gpu_use_dp: 0]
[num_gpu: 1]

end of parameters

pandas_categorical:[]
