tree
version=v4
num_class=1
num_tree_per_iteration=1
label_index=0
max_feature_idx=33
objective=regression
feature_names=Return Log_Return Ret_Lag_1 Ret_Lag_2 Ret_Lag_3 Ret_Lag_5 Ret_Lag_10 Daily_Range_Pct Close_to_MA_5 Close_to_MA_10 Close_to_MA_20 Close_to_MA_50 Close_to_EMA_10 Close_to_EMA_20 Rolling_Std_10 Rolling_Std_20 RSI_14 MACD_Pct Volume_to_MA_10 Global_Industrial_Production_Index USD_Index US_10Y_Yield VIX CPI_Inflation China_PMI News_Volume Daily_Bullish Daily_Bearish Daily_NSS Sentiment_EMA_7d Sentiment_Spike Sentiment_EMA_30d Sentiment_EMA_60d Sentiment_x_Trend
feature_infos=[-0.066940172742521994:0.074641947929079799] [-0.069285956656344794:0.071987534405050499] [-0.066940172742521994:0.074641947929079799] [-0.066940172742521994:0.074641947929079799] [-0.066940172742521994:0.074641947929079799] [-0.066940172742521994:0.074641947929079799] [-0.066940172742521994:0.074641947929079799] [0:0.092802595159413206] [0.91318316788809784:1.0730283848102866] [0.87986156167578455:1.1066018538739253] [0.85692473313438489:1.1552927409995728] [0.79659082927529956:1.1777746655552006] [0.89466740749189477:1.0920323555297982] [0.8686804240890813:1.1281657463110899] [0.0024529130098374001:0.036179077589099801] [0.0057965333731078003:0.029331550672483601] [13.140122716746744:90.832403572489085] [-0.0188041687703022:0.016289486570868299] [0.030548428479792201:9.6792988700484308] [84.561899999999994:104.10039999999999] [88.589996337890597:114.11000061035099] [0.52000000000000002:4.25] [9.1400003433227504:82.690002441406193] [0.0088000000000000005:8.9794] [48:52.100000000000001] none [0:0.43524837493896479] [0:0.4763879776000976] [-0.46199968829751009:0.43156092381104821] [-0.32620258622240861:0.30491887869226991] [-0.34649997753451489:0.3225017049502773] [-0.1977299482266055:0.18516034820322111] [-0.1384271361381611:0.12512591296171061] [-0.0095763178472613002:0.027052535087406002]
tree_sizes=1768 1601 1740 1641 1474 1741 1807 1577 1904 1891 1809 1850 2264 1718 1802 1730 1705 1731 1805 1812 2164 1948 1825 1704 1795 1940 1803

Tree=0
num_leaves=19
num_cat=0
split_feature=31 26 22 23 15 23 32 23 24 20 27 11 11 26 11 11 23 18
split_gain=5.34329 4.38544 3.57946 2.12327 1.67344 1.23502 1.16746 1.16116 0.933656 0.741911 0.358228 0.266774 0.200962 0.107193 0.0328058 0.0239225 0.00720326 0.00409485
threshold=1.5262852641090192e-12 1.0000000180025095e-35 21.175000190734803 8.5004000000000008 0.010420649850482902 0.37465000000000009 0.058433053248182758 1.6552000000000002 49.350000000000001 105.15000152587852 5.5565181021281236e-08 1.0622613109140657 1.0820506859727186 2.9053085330225061e-05 0.93154011400293923 0.98028968904087288 1.9643500000000003 0.79974203473253214
decision_type=2 2 2 2 2 2 2 2 2 2 2 2 2 2 2 2 2 2
left_child=1 5 4 6 13 -1 8 12 16 -10 -6 -9 -4 -3 -5 17 -2 -7
right_child=3 2 7 14 10 15 -8 11 9 -11 -12 -13 -14 -15 -16 -17 -18 -19
leaf_value=0.026577780711555202 0.028497382648701251 0.036116487018974699 0.037595639856073261 0.02713650409173447 0.034354343050305471 0.031264920679750584 0.034748820292633993 0.034204772021442703 0.029767640608683685 0.03323730317700415 0.030840188047326543 0.031120660160733751 0.034730657301418923 0.032937102994858324 0.023647496630374555 0.030743569832438804 0.026326858044760027 0.031979425564447821
leaf_weight=110 23 71 190 21 25 26 40 77 690 57 376 34 46 20 46 34 63 27
leaf_count=110 23 71 190 21 25 26 40 77 690 57 376 34 46 20 46 34 63 27
internal_value=0.0311569 0.0326408 0.0335877 0.0295218 0.0319255 0.0286473 0.0299338 0.0359091 0.029687 0.0300437 0.0310888 0.0332577 0.0371016 0.0355288 0.024479 0.031296 0.0267644 0.0317071
internal_weight=1976 1036 839 940 492 197 873 347 833 747 401 111 236 91 67 87 86 53
internal_count=1976 1036 839 940 492 197 873 347 833 747 401 111 236 91 67 87 86 53
is_linear=0
shrinkage=1


Tree=1
num_leaves=17
num_cat=0
split_feature=21 19 20 15 23 26 24 20 19 23 23 19 11 11 16 24
split_gain=10.5601 3.33956 2.9434 1.92207 1.84932 1.16453 0.46479 0.295596 0.278269 0.262664 0.212062 0.191658 0.180261 0.110531 0.0348643 0.0154355
threshold=1.1950000000000001 100.45905 105.60499954223552 0.010263929881382602 8.2272000000000016 2.0486813992319393e-11 51.750000000000007 92.75500106811522 100.25970000000002 1.9056500000000003 1.5337500000000002 101.23795000000001 1.0820506859727186 0.92473868526057068 53.724878530139527 51.45000000000001
decision_type=2 2 2 2 2 2 2 2 2 2 2 2 2 2 2 2
left_child=12 3 4 9 5 -3 8 -8 -5 10 -2 14 15 -6 -4 -1
right_child=1 2 11 6 13 -7 7 -9 -10 -11 -12 -13 -14 -15 -16 -17
leaf_value=0.0051659321787504891 0.0019074739846649364 -0.0042548382246740367 0.0019623707790992089 -0.00032315835360234146 -0.0034831168786040507 -0.001442737807657458 0 0.0033815531694889071 -0.0035939775171875952 0.00080451277495277194 0.0049571512517459842 0.0042350192312961034 0.0035645438481460919 -0.007313008926808833 0.00026052692539058623 0.0069377380499186419
leaf_weight=100 38 171 39 473 21 614 43 47 22 30 91 43 52 69 22 101
leaf_count=100 38 171 39 473 21 614 43 47 22 30 91 43 52 69 22 101
internal_value=0 -0.000843123 -0.00199277 0.000667563 -0.00256224 -0.00207298 -0.00012765 0.00181306 -0.000495327 0.00356005 0.00414529 0.00270788 0.00568619 -0.00659281 0.00143645 0.00615988
internal_weight=1976 1723 979 744 875 785 585 90 495 159 129 104 253 90 61 201
internal_count=1976 1723 979 744 875 785 585 90 495 159 129 104 253 90 61 201
is_linear=0
shrinkage=0.03


Tree=2
num_leaves=18
num_cat=0
split_feature=21 19 20 21 19 14 27 32 16 27 19 11 22 33 20 16 27
split_gain=9.95572 3.14693 2.77971 1.24457 1.60001 1.14074 0.490313 0.843247 0.402094 0.181382 0.180264 0.16824 0.129114 0.0840998 0.0498442 0.0326654 0.0209693
threshold=1.1950000000000001 100.45905 105.60499954223552 1.6850000000000003 103.34875000000001 0.011316474544289452 6.833755937004897e-06 -0.0028542419442316494 48.330601284736716 8.4372866672678378e-05 101.23795000000001 1.0820506859727186 10.965000152587852 -1.8833501981806988e-12 98.454998016357365 53.724878530139527 0.082385270884084913
decision_type=2 2 2 2 2 2 2 2 2 2 2 2 2 2 2 2 2
left_child=11 5 3 13 -5 6 14 -8 12 -10 15 16 -7 -3 -2 -4 -1
right_child=1 2 10 4 -6 8 7 -9 9 -11 -12 -13 -14 -15 -16 -17 -18
leaf_value=0.0061904812973073639 -0.00093296398692585243 0.0014786491629336243 0.001907704725063273 -0.0035693164263504097 -0.00013174321135701791 0.0031219613296182259 -0.00035100463757135002 0.0040284402973302822 -0.0016358470495510848 -0.00017430029214735617 0.0041162544806366379 0.0034634405152364212 0.00058853273936983891 -0.0001825974747318671 0.00061780775186320337 0.00025364902817644175 0.0033933946143268889
leaf_weight=181 23 49 39 621 154 20 51 151 147 168 43 52 125 51 59 22 20
leaf_count=181 23 49 39 621 154 20 51 151 147 168 43 52 125 51 59 22 20
internal_value=0 -0.000817884 -0.00193391 -0.00248737 -0.00289324 0.000648497 0.00213405 0.00291915 -0.000270076 -0.000874787 0.00263376 0.00552182 0.00101444 0.000621646 0.000129965 0.00139789 0.00598087
internal_weight=1976 1723 979 875 775 744 284 202 460 315 104 253 145 100 82 61 201
internal_count=1976 1723 979 875 775 744 284 202 460 315 104 253 145 100 82 61 201
is_linear=0
shrinkage=0.03


Tree=3
num_leaves=17
num_cat=0
split_feature=21 19 20 15 23 26 15 23 11 23 19 23 11 11 16 27
split_gain=9.3817 2.96105 2.62351 1.72483 1.72304 1.0763 0.336098 0.244927 0.203707 0.190485 0.169525 0.166718 0.156784 0.105237 0.0305954 0.0171195
threshold=1.1950000000000001 100.45905 105.60499954223552 0.010263929881382602 8.2272000000000016 2.0486813992319393e-11 0.013027847926862951 1.9056500000000003 0.98940723258080987 1.5337500000000002 101.23795000000001 2.5012000000000003 1.0820506859727186 0.92473868526057068 53.724878530139527 0.082385270884084913
decision_type=2 2 2 2 2 2 2 2 2 2 2 2 2 2 2 2
left_child=12 3 4 7 5 -3 11 9 -8 -2 14 -5 15 -6 -4 -1
right_child=1 2 10 6 13 -7 8 -9 -10 -11 -12 -13 -14 -15 -16 -17
leaf_value=0.0060077947443857296 0.0018062478491991029 -0.0040381744845252449 0.0018545615204742976 0.0012356616729211646 -0.0032979904366657133 -0.0013353201256617012 0.00055735733068891264 0.0007144526537528938 -0.0010265499061564538 0.0047048057925669438 0.0040008204261893819 -0.001099295271502342 0.0033652046750892294 -0.0070001420850555095 0.00024695268619805578 0.0033048714253160615
leaf_weight=181 38 171 39 169 21 614 92 30 295 91 43 29 52 69 22 20
leaf_count=181 38 171 39 169 21 614 92 30 295 91 43 29 52 69 22 20
internal_value=6.14994e-07 -0.000792767 -0.00187535 0.000629556 -0.00241309 -0.00194103 -0.000123481 0.00336966 -0.000640931 0.00393415 0.00256171 0.000867445 0.00536146 -0.00630282 0.0013604 0.00580611
internal_weight=1976 1723 979 744 875 785 585 159 387 129 104 198 253 90 61 201
internal_count=1976 1723 979 744 875 785 585 159 387 129 104 198 253 90 61 201
is_linear=0
shrinkage=0.03


Tree=4
num_leaves=15
num_cat=0
split_feature=21 19 21 15 23 33 28 19 23 23 23 13 33 27
split_gain=8.84246 2.79067 1.70103 1.62782 1.15518 1.15015 0.398824 0.32145 0.296275 0.230252 0.178421 0.146327 0.0592878 0.0186924
threshold=1.1950000000000001 100.45905 3.1650000000000005 0.010263929881382602 8.5004000000000008 -9.0578144855637337e-15 5.5294457270364566e-06 100.25970000000002 2.3912500000000003 1.9056500000000003 1.5337500000000002 1.0319300247824679 -0.00053586832944944993 0.082385270884084913
decision_type=2 2 2 2 2 2 2 2 2 2 2 2 2 2
left_child=11 3 4 9 5 -3 12 8 -5 10 -2 13 -4 -1
right_child=1 2 6 7 -6 -7 -8 -9 -10 -11 -12 -13 -14 -15
leaf_value=0.0058986480793144017 0.0017560253884450236 -0.00070538147658261445 0.0013324327234877271 0.00067821352149692387 -0.0062499173554729243 -0.0029595400226356075 -0.00095772921085229216 -0.0034492530021071428 -0.00069230683151205697 0.00069496756088020361 0.004568166226782697 0.0034435163538437336 0.0038951143352314831 0.0032186572480663333
leaf_weight=172 38 388 20 296 58 442 26 22 267 30 91 61 45 20
leaf_count=172 38 388 20 296 58 442 26 22 267 30 91 61 45 20
internal_value=1.23331e-06 -0.000768967 -0.00181997 0.000611741 -0.00222227 -0.00191573 0.00201955 -0.000119674 2.27261e-05 0.0032737 0.00382125 0.00520577 0.00324429 0.00568868
internal_weight=1976 1723 979 744 888 830 91 585 563 159 129 253 65 192
internal_count=1976 1723 979 744 888 830 91 585 563 159 129 253 65 192
is_linear=0
shrinkage=0.03


Tree=5
num_leaves=18
num_cat=0
split_feature=21 19 20 23 15 26 15 23 11 23 23 19 11 11 30 16 27
split_gain=8.33474 2.62847 2.36704 1.56905 1.53689 0.994922 0.307308 0.216438 0.187585 0.167092 0.155022 0.144161 0.139323 0.101504 0.0420694 0.0277055 0.000956449
threshold=1.1950000000000001 100.45905 105.60499954223552 8.2272000000000016 0.010263929881382602 2.0486813992319393e-11 0.013012955368944052 1.9056500000000003 0.98940723258080987 1.5337500000000002 2.5012000000000003 101.23795000000001 1.0820506859727186 0.92473868526057068 -2.3090255530489143e-14 53.724878530139527 3.8609598463723643e-16
decision_type=2 2 2 2 2 2 2 2 2 2 2 2 2 2 2 2 2
left_child=12 4 3 5 7 -3 10 9 -8 -2 -6 15 14 -5 -1 -4 -16
right_child=1 2 11 13 6 -7 8 -9 -10 -11 -12 -13 -14 -15 16 -17 -18
leaf_value=0.003070117283379659 0.001707199298040572 -0.0038423560958908633 0.0017993698472689305 -0.0030876802211860194 0.001202593486302566 -0.0012440474584159899 0.00054440394300526291 0.00067601389556445858 -0.00097311260478290273 0.0044354949404901648 -0.0010505861021520102 0.0037827336457760437 0.0031653887312520636 -0.0066646545728047688 0.0041639426312548048 0.00025353636715561148 0.0060976860305008871
leaf_weight=23 38 171 39 21 166 614 92 30 298 91 29 43 52 69 44 22 134
leaf_count=23 38 171 39 21 166 614 92 30 298 91 29 43 52 69 44 22 134
internal_value=1.76346e-06 -0.000745955 -0.00176598 -0.00227689 0.000593937 -0.00182633 -0.000116614 0.00318049 -0.000606078 0.0037116 0.000841513 0.00244783 0.00505472 -0.00598881 0.00547506 0.00132675 0.00571319
internal_weight=1976 1723 979 875 744 785 585 159 390 129 195 104 253 90 201 61 178
internal_count=1976 1723 979 875 744 785 585 159 390 129 195 104 253 90 201 61 178
is_linear=0
shrinkage=0.03


Tree=6
num_leaves=19
num_cat=0
split_feature=21 19 20 23 26 14 27 32 16 24 30 19 13 16 24 27 20 16
split_gain=7.8612 2.47727 2.23567 1.48309 0.937131 0.903811 0.41695 0.73156 0.326394 0.219089 0.172151 0.13548 0.130821 0.0950079 0.0424875 0.108073 0.0418552 0.0259223
threshold=1.1950000000000001 100.45905 105.60499954223552 8.2272000000000016 2.0486813992319393e-11 0.011637477455576853 6.3115912830109975e-06 -0.0028542419442316494 48.330601284736716 51.750000000000007 1.0312328650775584e-05 101.23795000000001 1.0319300247824679 33.631230813276098 51.45000000000001 6.8261116719002938e-15 98.454998016357365 53.724878530139527
decision_type=2 2 2 2 2 2 2 2 2 2 2 2 2 2 2 2 2 2
left_child=12 5 3 4 -3 6 16 -8 9 -7 -10 17 14 -5 15 -1 -2 -4
right_child=1 2 11 13 -6 8 7 -9 10 -11 -12 -13 -14 -15 -16 -17 -18 -19
leaf_value=0.0049890769595280285 -0.000926235972948444 -0.003729072849677197 0.0017492445548996328 -0.0029238335880572381 -0.0012069074987044982 0.00029217352977670401 -0.00032670469454626136 0.0036326389459740865 -0.0013970042081305483 0.003268368715869969 0 0.0036766526047950208 0.0032389255526941271 -0.0064516465525104576 0.0061830551135353736 0.0019180619097501038 0.00049027823182897488 0.00024684301262721417
leaf_weight=77 23 171 39 20 614 112 55 153 180 26 133 43 61 70 93 22 62 22
leaf_count=77 23 171 39 20 614 112 55 153 180 26 133 43 61 70 93 22 62 22
internal_value=2.57627e-06 -0.000723548 -0.00171382 -0.00221041 -0.00177223 0.000577148 0.00186665 0.00258172 -0.000260791 0.000931792 -0.000799942 0.00238098 0.00490993 -0.00581955 0.00536744 0.00441253 5.43858e-05 0.00129124
internal_weight=1976 1723 979 875 785 744 293 208 451 138 313 104 253 90 192 99 85 61
internal_count=1976 1723 979 875 785 744 293 208 451 138 313 104 253 90 192 99 85 61
is_linear=0
shrinkage=0.03


Tree=7
num_leaves=16
num_cat=0
split_feature=21 30 23 15 23 24 16 20 24 11 24 24 27 11 26
split_gain=7.41525 2.35291 1.35775 1.06887 0.966857 0.858606 0.374554 0.289281 0.236046 0.124343 0.0672562 0.0272471 0.0979253 0.0234169 0.0155015
threshold=1.1950000000000001 1.0000000180025095e-35 8.5004000000000008 0.0099117388679684018 0.37465000000000009 49.350000000000001 50.430230170455836 95.545001983642564 50.150000000000013 1.0820506859727186 51.150000000000013 51.45000000000001 6.8261116719002938e-15 0.93517626463241899 1.2276557993881455e-05
decision_type=2 2 2 2 2 2 2 2 2 2 2 2 2 2 2
left_child=9 2 4 10 -2 -6 7 -5 -8 11 14 12 -1 -4 -3
right_child=1 3 13 6 5 -7 8 -9 -10 -11 -12 -13 -14 -15 -16
leaf_value=0.0048159427394469578 -0.0038599692496710122 0.0051717275686042254 -0.0033602215799689288 0.00023745345009867639 -0.0035925709044119132 -0.0006021025839828834 0.00064335593068072657 0.0024393188861918597 -0.0011275295092552349 0.002978314680267464 0.0019316628964410885 0.0058787430404470516 0.0018674250655062495 -0.0062988145891576999 0.002607749772516241
leaf_weight=78 110 40 22 128 94 869 107 95 169 52 24 101 22 45 20
leaf_count=78 110 40 22 128 94 869 107 95 169 52 24 101 22 45 20
internal_value=3.25757e-06 -0.000701927 -0.00149435 0.000842169 -0.00122276 -0.000907363 0.000298792 0.00120867 -0.000430702 0.00476943 0.00391399 0.00516748 0.00426968 -0.00556212 0.00452956
internal_weight=1976 1723 1140 583 1073 963 499 223 276 253 84 201 100 67 60
internal_count=1976 1723 1140 583 1073 963 499 223 276 253 84 201 100 67 60
is_linear=0
shrinkage=0.03


Tree=8
num_leaves=20
num_cat=0
split_feature=21 19 32 23 32 14 29 30 11 26 24 13 27 24 27 11 11 9 26
split_gain=6.99483 2.2414 1.61211 0.957302 0.873883 0.818298 0.379398 0.78302 0.306848 0.235582 0.176353 0.117877 0.0652804 0.0348613 0.0936809 0.0240882 0.0204156 0.00617045 0.00270711
threshold=1.1950000000000001 100.45905 -0.0059677415971154989 8.5004000000000008 1.032153987325274e-07 0.012026223693290252 -0.00067377979807349987 1.4310950631267436e-06 0.98305767460780091 2.9053085330225061e-05 51.750000000000007 1.0319300247824679 0.10409476776026751 51.45000000000001 6.8261116719002938e-15 0.99296306339589047 0.93517626463241899 0.99861877200405547 3.7071496064470513e-15
decision_type=2 2 2 2 2 2 2 2 2 2 2 2 2 2 2 2 2 2 2
left_child=11 5 12 4 -4 6 15 -8 10 -10 -7 13 17 14 -1 -2 -5 -3 -13
right_child=1 2 3 16 -6 8 7 -9 9 -11 -12 18 -14 -15 -16 -17 -18 -19 -20
leaf_value=0.004708713396079838 0 0.0018186719950754194 -0.0034500455225597898 -0.0032715116742253305 -0.0011436687053831031 0.00037249685347686811 0.00094800884198751223 0.0044207668965277466 -0.0016186040353177058 -5.9988490454225254e-06 0.0033747027415037155 0.0018194328752847817 0.0034145868921821765 0.0058334154849871986 0.0018181250610575077 -0.0013376810425163609 -0.0061216602809727192 0.0007114192360080778 0.0035256017746358387
leaf_weight=77 30 29 196 22 630 73 175 89 145 190 22 23 30 93 22 20 45 27 38
leaf_count=77 30 29 196 22 630 73 175 89 145 190 22 23 30 93 22 20 45 27 38
internal_value=3.7388e-06 -0.00068112 -0.00162312 -0.00200349 -0.00170507 0.000555948 0.00171397 0.0021665 -0.000288762 -0.000721039 0.00118038 0.00463286 0.00222721 0.00506748 0.00416814 -0.000606204 -0.00540896 0.00139898 0.00304461
internal_weight=1976 1723 979 893 826 744 314 264 430 335 95 253 86 192 99 50 67 56 61
internal_count=1976 1723 979 893 826 744 314 264 430 335 95 253 86 192 99 50 67 56 61
is_linear=0
shrinkage=0.03


Tree=9
num_leaves=20
num_cat=0
split_feature=21 19 32 15 19 22 19 21 19 24 27 13 17 27 24 27 16 26 26
split_gain=6.60112 2.11871 1.28417 0.787929 0.737847 0.788211 0.29444 0.262282 0.201789 0.184462 0.157636 0.109266 0.0735381 0.0646931 0.0313701 0.0869994 0.0278421 0.0238296 0.00185121
threshold=1.1950000000000001 100.1632 -0.0054694074210925991 0.010013142358682302 103.38335000000002 11.494999885559052 99.910550000000015 1.8050000000000004 100.57180000000001 51.750000000000007 9.0085829534825504e-05 1.0319300247824679 0.0021733653409487506 0.10409476776026751 51.45000000000001 6.8261116719002938e-15 49.412900633771848 1.4168462781659205e-05 3.7071496064470513e-15
decision_type=2 2 2 2 2 2 2 2 2 2 2 2 2 2 2 2 2 2 2
left_child=11 3 8 7 5 -4 10 17 -3 -8 -5 14 -6 -10 15 -1 -9 -2 -13
right_child=1 2 4 6 12 -7 9 16 13 -11 -12 18 -14 -15 -16 -17 -18 -19 -20
leaf_value=0.0045727494020014999 0.0048549035591158004 -0.00040029480679077095 0.00032302897587639857 -0.00064420774137569287 0.00075530965393673702 -0.0025055678901883781 0 0.0002822870541001774 0.0013364672754716592 0.0032116602752790893 0.0004720038734891344 0.0017711479205351607 -0.0006721065442403777 0.003321461814371022 0.0056638817749917495 0.0017701265641674397 0.0017930001476552425 0.0023265860872748101 0.0034275728016183145
leaf_weight=77 41 37 98 230 85 732 26 24 57 40 218 23 47 30 93 22 38 20 38
leaf_count=77 41 37 98 230 85 732 26 24 57 40 218 23 47 30 93 22 38 20 38
internal_value=4.5072e-06 -0.000660757 -0.00146586 0.000707584 -0.00183741 -0.00216803 0.000179094 0.00283541 0.00136838 0.0020055 -9.48726e-05 0.00450151 0.000221199 0.00214218 0.00492208 0.00404974 0.00129438 0.00422074 0.00296219
internal_weight=1976 1723 1086 637 962 830 514 123 124 66 448 253 132 87 192 99 62 61 61
internal_count=1976 1723 1086 637 962 830 514 123 124 66 448 253 132 87 192 99 62 61 61
is_linear=0
shrinkage=0.03


Tree=10
num_leaves=19
num_cat=0
split_feature=21 19 20 23 15 21 24 19 20 23 23 19 27 11 18 27 16 11
split_gain=6.22672 2.00105 1.95027 1.27636 1.21325 0.806199 0.374657 0.209481 0.203538 0.180311 0.137087 0.110715 0.103922 0.0884519 0.0307753 0.0427349 0.024198 0.014887
threshold=1.1950000000000001 100.45905 105.60499954223552 8.2272000000000016 0.010263929881382602 1.7550000000000001 51.750000000000007 100.25970000000002 92.75500106811522 1.9056500000000003 1.5337500000000002 101.23795000000001 3.8609598463723643e-16 0.93517626463241899 0.30697182396785677 0.082385270884084913 54.396468266158372 1.0920337823103157
decision_type=2 2 2 2 2 2 2 2 2 2 2 2 2 2 2 2 2 2
left_child=12 4 3 5 9 -3 7 -6 -8 10 -2 16 17 -5 -14 -16 -4 -1
right_child=1 2 11 13 6 -7 8 -9 -10 -11 -12 -13 14 -15 15 -17 -18 -19
leaf_value=0.0034566693430552716 0.0014920334866747439 0.00064365960072112702 0.0016987535007805985 -0.0028741912544808451 -0.00028225547777908997 -0.0019957088984293384 5.0949718960074943e-05 -0.0031228065553307528 0.0029433779807388782 0.00054228680089793424 0.0039672181387530991 0.0034772543780829598 0.0028181865231932273 -0.0060318587564903757 0.0054124761257124572 0.0026842388368171193 0.0002033349505888865 0.0015808760070282477
leaf_weight=58 38 120 41 24 473 665 43 22 47 30 91 43 25 66 130 20 20 20
leaf_count=58 38 120 41 24 473 665 43 22 47 30 91 43 25 66 130 20 20 20
internal_value=6.2708e-06 -0.000639811 -0.00152993 -0.00199404 0.000528884 -0.00158752 -0.00010189 -0.000432578 0.00163992 0.00282708 0.0033113 0.00229323 0.00437392 -0.00534195 0.00486801 0.00512808 0.00128784 0.0030891
internal_weight=1976 1723 979 875 744 785 585 495 90 159 129 104 253 90 175 150 61 78
internal_count=1976 1723 979 875 744 785 585 495 90 159 129 104 253 90 175 150 61 78
is_linear=0
shrinkage=0.03


Tree=11
num_leaves=19
num_cat=0
split_feature=21 19 21 21 19 15 30 32 28 19 11 30 10 11 33 28 18 27
split_gain=5.87493 1.88815 1.16907 0.847226 0.778388 0.706671 0.307565 0.562149 0.263052 0.229082 0.114822 0.117529 0.112001 0.0982648 0.0484163 0.0157548 0.00769873 0.0224757
threshold=1.1950000000000001 100.1632 3.1650000000000005 1.6850000000000003 103.34875000000001 0.012961568712193052 1.1960467836926737e-06 -0.0033943454120262998 5.5294457270364566e-06 99.910550000000015 0.9746501681258718 1.0312328650775584e-05 1.0222590423019629 1.0820506859727186 -1.5964874163706561e-08 -1.2326513993667324e-08 0.45738606372494606 0.082385270884084913
decision_type=2 2 2 2 2 2 2 2 2 2 2 2 2 2 2 2 2 2
left_child=13 5 3 12 -5 6 9 -8 14 -2 15 -12 -3 16 -4 -7 -1 -18
right_child=1 2 8 4 -6 10 7 -9 -10 -11 11 -13 -14 -15 -16 -17 17 -19
leaf_value=0.0029252454679372019 0.00018286117923171531 0.00078008798196843978 0.0013132581942315613 -0.0024358727921251436 1.0137569030588824e-05 0.00024261848182011877 -3.2732002306147472e-05 0.004240012584013097 -0.00059695502973547009 0.0024870571590175756 -0.0011777184825578469 3.8060228339115077e-05 -0.0014721349432619045 0.0026416985461657698 0.0035154060163470201 0.0014456946822043893 0.0050316053276100465 0.0026142152053830418
leaf_weight=29 134 124 25 714 137 28 39 82 26 54 133 141 20 52 40 26 152 20
leaf_count=29 134 124 25 714 137 28 39 82 26 54 133 141 20 52 40 26 152 20
internal_value=7.20436e-06 -0.000620318 -0.00138041 -0.00168025 -0.00203993 0.000671247 0.001695 0.00287118 0.00181513 0.00088908 -0.000290764 -0.000547614 0.000423211 0.00424972 0.00280785 0.000920111 0.00460605 0.00481729
internal_weight=1976 1723 1086 995 851 637 309 121 91 188 328 274 144 253 65 54 201 172
internal_count=1976 1723 1086 995 851 637 309 121 91 188 328 274 144 253 65 54 201 172
is_linear=0
shrinkage=0.03


Tree=12
num_leaves=24
num_cat=0
split_feature=31 26 22 22 27 22 15 20 20 20 28 10 27 10 24 24 26 26 20 11 17 22 11
split_gain=2.64744 2.35665 1.85019 0.982548 1.05917 0.996529 0.944343 0.710144 0.470475 0.426934 0.366435 0.2742 0.219722 0.193765 0.185698 0.180596 0.089987 0.0882159 0.0867522 0.0245531 0.0153393 0.00952778 0.00490372
threshold=3.1294804334210932e-12 1.0000000180025095e-35 21.484999656677203 11.494999885559052 5.0954011196872104e-06 16.595000267028755 0.010375735386214053 97.954998016357365 97.865001678466768 95.584999084472614 1.8772155745532797e-11 1.0559354633448941 0.0046106440215602012 1.0190571043368257 51.45000000000001 49.650000000000013 0.00023645323767195004 0.00043766735649355005 105.15000152587852 1.0111383716016704 0.0015085113697597501 16.595000267028755 0.96055564413530459
decision_type=2 2 2 2 2 2 2 2 2 2 2 2 2 2 2 2 2 2 2 2 2 2 2
left_child=1 8 6 9 5 10 16 12 15 17 -5 14 -6 -8 -4 -1 -3 19 -7 -2 -19 -10 -23
right_child=3 2 11 4 7 18 13 -9 21 -11 -12 -13 -14 -15 -16 -17 -18 20 -20 -21 -22 22 -24
leaf_value=-0.00018718548874676342 0 0.0037409055021095585 0.0030028369348405904 -0.003951042563247029 -0.002362278104283317 0.00041709577046650204 0.00040019681680378446 -0.0054652518700808285 -0.0002793023118024899 0.0032651860504126062 -0.0012424071129783023 0.00014599516694075785 0.00073074869358021283 -0.00097777999869610825 0.0047734916483790704 -0.0034054953652167962 0.0011964851243731875 0.0012581175197337868 0.0018236091218306681 -0.0011954720620065925 0.00012149818902835248 0.00067256404867825593 0
leaf_weight=21 23 74 196 61 205 149 293 77 24 46 190 23 20 130 113 109 24 29 57 42 27 23 20
leaf_count=21 23 74 196 61 205 149 293 77 24 46 190 23 20 130 113 109 24 29 57 42 27 23 20
internal_value=8.34128e-06 0.00103969 0.00172413 -0.00115746 -0.00161628 -0.000688774 0.000594978 -0.0029894 -0.00189032 0.00090189 -0.00195138 0.00346593 -0.00206819 -2.01561e-05 0.00369965 -0.00292412 0.00320153 -2.96201e-05 0.000841221 -0.000787906 0.000794995 0.000112047 0.000399662
internal_weight=1976 1050 853 926 759 457 521 302 197 167 251 332 225 423 309 130 98 121 206 65 56 67 43
internal_count=1976 1050 853 926 759 457 521 302 197 167 251 332 225 423 309 130 98 121 206 65 56 67 43
is_linear=0
shrinkage=0.03


Tree=13
num_leaves=18
num_cat=0
split_feature=21 19 20 23 15 26 24 19 11 23 23 26 19 11 30 16 11
split_gain=5.26231 1.72268 1.68417 1.13266 1.04551 0.717491 0.340682 0.178897 0.175686 0.154634 0.12071 0.115431 0.0878416 0.0796301 0.0724428 0.0229395 0.0132163
threshold=1.155 100.45905 105.60499954223552 8.2272000000000016 0.010263929881382602 2.0486813992319393e-11 51.750000000000007 100.25970000000002 1.0281837074701161 1.9056500000000003 1.5337500000000002 1.0885400233879567e-14 101.23795000000001 0.93517626463241899 -2.3090255530489143e-14 54.396468266158372 1.0920337823103157
decision_type=2 2 2 2 2 2 2 2 2 2 2 2 2 2 2 2 2
left_child=11 4 3 5 9 -3 7 -6 -8 10 -2 16 15 -5 -13 -4 -1
right_child=1 2 12 13 6 -7 8 -9 -10 -11 -12 14 -14 -15 -16 -17 -18
leaf_value=0.0031590561099716875 0.0013402769880244371 -0.0031634118246749556 0.0016336549005301839 -0.0026558891592366202 -0.0002603240104549173 -0.0009570584016721491 0.002709601316741615 -0.0028861522789299489 1.7131754096639763e-05 0.00048616106757386164 0.003650669096997872 0.0022153796431096267 0.0032149955996352694 -0.0056406373018803796 0.0049094281112020072 0.00017919866744752812 0.0014110186488732047
leaf_weight=58 38 171 41 24 477 614 50 22 41 30 94 22 43 66 145 20 20
leaf_count=58 38 171 41 24 477 614 50 22 41 30 94 22 43 66 145 20 20
internal_value=8.35731e-06 -0.000574739 -0.00140322 -0.00183468 0.000501143 -0.0014517 -8.38898e-05 -0.000398624 0.00156769 0.00261279 0.00305234 0.00409732 0.00214853 -0.00498831 0.00461753 0.00123441 0.00281674
internal_weight=1976 1731 979 875 752 785 590 499 91 162 132 245 104 90 167 61 78
internal_count=1976 1731 979 875 752 785 590 499 91 162 132 245 104 90 167 61 78
is_linear=0
shrinkage=0.03


Tree=14
num_leaves=19
num_cat=0
split_feature=21 19 20 23 21 14 28 30 16 26 26 20 19 11 30 11 16 11
split_gain=4.9629 1.62364 1.59105 1.07068 0.697891 0.637092 0.315421 0.584576 0.281714 0.124583 0.107249 0.0973815 0.0823987 0.0734664 0.0665109 0.0230701 0.0214336 0.0117126
threshold=1.155 100.45905 105.60499954223552 8.2272000000000016 1.7550000000000001 0.012026223693290252 -0.00067904540410459991 1.4310950631267436e-06 48.330601284736716 2.9053085330225061e-05 1.0885400233879567e-14 96.32500076293941 101.23795000000001 0.93517626463241899 -2.3090255530489143e-14 0.98028968904087288 54.396468266158372 1.0920337823103157
decision_type=2 2 2 2 2 2 2 2 2 2 2 2 2 2 2 2 2 2
left_child=10 5 3 4 -3 6 15 -8 11 -10 17 -7 16 -5 -12 -2 -4 -1
right_child=1 2 12 13 -6 8 7 -9 9 -11 14 -13 -14 -15 -16 -17 -18 -19
leaf_value=0.0030689453304302496 0 0.00066532558769487392 0.0015879867767322469 -0.0025850654929979807 -0.0017887970224270506 0.0001605385334097685 0.00083089380871780548 0.0037856553995924201 -0.001402120812318302 -0.00016207750038692455 0.0021568935870844869 0.0018598274631319905 0.0031248360128830312 -0.0054787754079569945 0.0047651305475549114 -0.001267031643897868 0.00017452392182515367 0.0013742094214843664
leaf_weight=58 26 120 41 24 665 79 175 94 142 161 22 52 43 66 145 23 20 20
leaf_count=58 26 120 41 24 665 79 175 94 142 161 22 52 43 66 145 23 20 20
internal_value=8.75978e-06 -0.000557462 -0.0013618 -0.00178122 -0.00140873 0.00048695 0.00150181 0.00190481 -0.000254997 -0.000761073 0.00397973 0.00088399 0.00208998 -0.00484766 0.0044833 -0.000635133 0.00120134 0.00273843
internal_weight=1976 1731 979 875 785 752 318 269 434 303 245 131 104 90 167 49 61 78
internal_count=1976 1731 979 875 785 752 318 269 434 303 245 131 104 90 167 49 61 78
is_linear=0
shrinkage=0.03


Tree=15
num_leaves=18
num_cat=0
split_feature=21 19 21 23 26 15 30 32 28 19 11 23 26 30 33 28 11
split_gain=4.68039 1.53505 0.96127 0.748789 0.864055 0.594614 0.252648 0.449245 0.198302 0.193197 0.120133 0.100363 0.099601 0.0609972 0.0393708 0.0211683 0.010321
threshold=1.155 100.1632 3.1650000000000005 8.5004000000000008 2.0486813992319393e-11 0.012961568712193052 1.1960467836926737e-06 -0.0033943454120262998 5.5294457270364566e-06 99.910550000000015 0.9746501681258718 0.88 1.0885400233879567e-14 -2.3090255530489143e-14 -1.5964874163706561e-08 -1.2326513993667324e-08 1.0920337823103157
decision_type=2 2 2 2 2 2 2 2 2 2 2 2 2 2 2 2 2
left_child=12 5 3 4 -3 6 9 -8 14 -2 15 -12 16 -14 -4 -7 -1
right_child=1 2 8 -5 -6 10 7 -9 -10 -11 11 -13 13 -15 -16 -17 -18
leaf_value=0.0029814049315745714 0.00015793013719444157 -0.0030611385519067487 0.001165351031082017 -0.004750592290683359 -0.00080545451726977578 0.00021245400713392412 2.0188712939473229e-05 0.0038558591605109328 -0.00041952857123045574 0.0022757183140829987 0.0011849553374470108 -0.00071347235820174001 0.0020999515930842606 0.0046250744489197788 0.0031710922381905627 0.0015446301266551015 0.0013383605245338832
leaf_weight=58 134 193 25 58 745 28 43 82 26 54 24 252 22 145 40 27 20
leaf_count=58 134 193 25 58 745 28 43 82 26 54 24 252 22 145 40 27 20
internal_value=9.21749e-06 -0.000540609 -0.00122792 -0.00149975 -0.00128104 0.000615166 0.00154756 0.00259122 0.0016683 0.000808128 -0.000263523 -0.000526673 0.00386556 0.004353 0.00252922 0.000964224 0.00266232
internal_weight=1976 1731 1087 996 938 644 313 125 91 188 331 276 245 167 65 55 78
internal_count=1976 1731 1087 996 938 644 313 125 91 188 331 276 245 167 65 55 78
is_linear=0
shrinkage=0.03


Tree=16
num_leaves=18
num_cat=0
split_feature=21 19 20 23 15 21 24 20 15 23 23 13 10 11 24 26 19
split_gain=4.41531 1.42423 1.43996 0.977965 0.903455 0.658168 0.298676 0.158383 0.156403 0.135196 0.115379 0.0882882 0.0720205 0.0718502 0.0149698 0.0729114 0.01023
threshold=1.1950000000000001 100.45905 105.60499954223552 8.2272000000000016 0.010263929881382602 1.7550000000000001 51.750000000000007 92.32500076293941 0.012090352328290152 1.9056500000000003 1.5337500000000002 1.0319300247824679 1.015109900732081 0.92473868526057068 51.45000000000001 1.9245203407024833e-13 101.23795000000001
decision_type=2 2 2 2 2 2 2 2 2 2 2 2 2 2 2 2 2
left_child=11 4 3 5 9 -3 8 -8 -6 10 -2 14 16 -5 15 -1 -4
right_child=1 2 12 13 6 -7 7 -9 -10 -11 -12 -13 -14 -15 -16 -17 -18
leaf_value=0.0038086607373319561 0.0012028508472778812 0.00068538176582376583 0.0015857593316274384 -0.0022507684521842746 0.0005897854009841207 -0.0016972285896269198 0 0.0024916170139204371 -0.00067394888944813001 0.00044388907250355588 0.0034520766219084567 0.0023429561371158345 0.00057875495069824594 -0.0051690215064833563 0.0046602483820170158 0.0013245026538334786 0.0030473720725885658
leaf_weight=77 38 120 33 21 109 665 38 52 386 30 91 61 31 69 93 22 40
leaf_count=77 38 120 33 21 109 665 38 52 386 30 91 61 31 69 93 22 40
internal_value=9.93613e-06 -0.000533879 -0.00128496 -0.00168409 0.000451617 -0.00132798 -9.20111e-05 0.00146245 -0.000387771 0.00243494 0.00285464 0.00368804 0.00199815 -0.00461492 0.00405738 0.00334123 0.00251479
internal_weight=1976 1723 979 875 744 785 585 90 495 159 129 253 104 90 192 99 73
internal_count=1976 1723 979 875 744 785 585 90 495 159 129 253 104 90 192 99 73
is_linear=0
shrinkage=0.03


Tree=17
num_leaves=18
num_cat=0
split_feature=21 19 20 21 19 15 21 26 19 20 10 11 24 17 21 18 19
split_gain=4.16494 1.37225 1.27106 0.726712 0.949181 0.527321 0.204441 0.184617 0.156014 0.120721 0.101341 0.0920902 0.0858877 0.0689763 0.0206868 0.0172634 0.000557704
threshold=1.155 100.1632 105.60499954223552 1.6850000000000003 103.34875000000001 0.012961568712193052 1.7750000000000001 0.00016512411464845002 99.910550000000015 90.975002288818359 1.0222590423019629 1.0820506859727186 51.750000000000007 0.0037535034917319005 1.5850000000000002 0.45738606372494606 101.23795000000001
decision_type=2 2 2 2 2 2 2 2 2 2 2 2 2 2 2 2 2
left_child=11 5 3 10 -5 6 7 -2 -8 14 -3 15 -11 16 -7 -1 -4
right_child=1 2 13 4 -6 9 8 -9 -10 12 -12 -13 -14 -15 -16 -17 -18
leaf_value=0.0024150705557403852 0.0032305429461580446 0.00077948384948681583 0.0015937887626350856 -0.0023106752060628611 0.00027338960279080975 -0.00069015063179656856 0.00032269238171526619 0.00018252473049154826 0.0021743082486093044 -0.00023672465990011364 -0.0013585140041035154 0.0021635146227072586 0.0011736085689626635 0.0006584193638501394 -0.0024223024093586462 0.0042070558507017741 0.0029306008685813395
leaf_weight=29 80 125 29 684 154 22 150 26 57 246 20 52 43 35 20 164 40
leaf_count=29 80 125 29 684 154 22 150 26 57 246 20 52 43 35 20 164 40
internal_value=1.07331e-05 -0.000507851 -0.00115775 -0.0014939 -0.00183295 0.00058475 0.00146284 0.00253604 0.000870621 -0.000242291 0.000442758 0.0036486 -6.70701e-06 0.00194427 -0.00168815 0.00399419 0.00250024
internal_weight=1976 1731 1087 983 838 644 313 106 207 331 145 245 289 104 42 193 69
internal_count=1976 1731 1087 983 838 644 313 106 207 331 145 245 289 104 42 193 69
is_linear=0
shrinkage=0.03


Tree=18
num_leaves=19
num_cat=0
split_feature=21 19 20 23 15 26 24 19 20 20 26 13 11 17 24 26 26 19
split_gain=3.9273 1.2742 1.28759 0.910879 0.83036 0.628035 0.269002 0.148375 0.144761 0.124286 0.167471 0.0785099 0.0694694 0.0649538 0.0139469 0.0680512 0.000798938 2.80078e-06
threshold=1.1950000000000001 100.45905 105.60499954223552 8.2272000000000016 0.010263929881382602 2.0486813992319393e-11 51.750000000000007 100.25970000000002 92.32500076293941 94.674999237060504 1.4767035078986567e-06 1.0319300247824679 0.94509390593158449 0.0037535034917319005 51.45000000000001 1.9245203407024833e-13 3.7071496064470513e-15 101.23795000000001
decision_type=2 2 2 2 2 2 2 2 2 2 2 2 2 2 2 2 2 2
left_child=11 4 3 5 9 -3 7 -6 -8 -2 -11 14 -5 17 15 -1 -13 -4
right_child=1 2 13 12 6 -7 8 -9 -10 10 -12 16 -14 -15 -16 -17 -18 -19
leaf_value=0.0035953785452060402 0.00060659334966196464 -0.002845962661927152 0.0015504576511157209 -0.0025112663010950199 -0.00024358777167671016 -0.00078356066932771065 0 -0.0026377112987637516 0.0023685233079574325 0.00044661043293709899 0.0033518269753362983 0.0012622420170272772 -0.0051167310210876163 0.00064022620029036733 0.0044056965392082932 0.0012104506849497556 0.0025688049864569088 0.0028488166406750678
leaf_weight=77 36 171 29 29 473 614 38 22 52 26 97 23 61 35 93 22 38 40
leaf_count=77 36 171 29 29 473 614 38 22 52 26 97 23 61 35 93 22 38 40
internal_value=1.14156e-05 -0.000501383 -0.00121186 -0.00158939 0.000430599 -0.00124575 -9.03647e-05 -0.000371266 0.00138447 0.00233205 0.00278678 0.00348038 -0.00441754 0.00189198 0.00382994 0.003146 0.0022053 0.00243214
internal_weight=1976 1723 979 875 744 785 585 495 90 159 123 253 90 104 192 99 61 69
internal_count=1976 1723 979 875 744 785 585 495 90 159 123 253 90 104 192 99 61 69
is_linear=0
shrinkage=0.03


Tree=19
num_leaves=19
num_cat=0
split_feature=21 19 20 23 26 14 28 28 16 26 24 26 11 10 18 11 11 19
split_gain=3.70728 1.22458 1.21702 0.861168 0.59149 0.498769 0.263117 0.424271 0.240268 0.110628 0.105955 0.0880942 0.0642704 0.0612623 0.0336983 0.0200372 0.00730151 0.00724967
threshold=1.155 100.45905 105.60499954223552 8.2272000000000016 2.0486813992319393e-11 0.012026223693290252 -0.00067904540410459991 -7.6325070033426217e-06 48.330601284736716 2.9053085330225061e-05 51.750000000000007 1.0885400233879567e-14 0.94509390593158449 1.015109900732081 0.30697182396785677 0.98028968904087288 1.0920337823103157 101.23795000000001
decision_type=2 2 2 2 2 2 2 2 2 2 2 2 2 2 2 2 2 2
left_child=11 5 3 4 -3 6 15 -8 10 -10 -7 16 -5 17 -13 -2 -1 -4
right_child=1 2 13 12 -6 8 7 -9 9 -11 -12 14 -14 -15 -16 -17 -18 -19
leaf_value=0.0026101785380332199 0 -0.0027620558472558981 0.0014618361943867057 -0.0024429912556079214 -0.00076016813462198519 0.00033718684931308309 0.0033966070454257234 0.00082495462606799468 -0.0012982265452147815 -0.00012962986000958354 0.0024507789759543432 0.002098991299380681 -0.0049704244995955379 0.00052344890607192239 0.004142665009611639 -0.0012091393334647783 0.0011495501599881961 0.0028041692443711813
leaf_weight=58 26 171 33 29 614 105 87 182 142 161 26 25 61 31 142 23 20 40
leaf_count=58 26 171 33 29 614 105 87 182 142 161 26 25 61 31 142 23 20 40
internal_value=1.17649e-05 -0.000477414 -0.00117607 -0.00154317 -0.00120891 0.000429226 0.00132735 0.001696 -0.000226575 -0.000694451 0.000824543 0.00344403 -0.00429336 0.00184115 0.00389681 -0.000619848 0.00232914 0.00231849
internal_weight=1976 1731 979 875 785 752 318 269 434 303 131 245 90 104 167 49 78 73
internal_count=1976 1731 979 875 785 752 318 269 434 303 131 245 90 104 167 49 78 73
is_linear=0
shrinkage=0.03


Tree=20
num_leaves=23
num_cat=0
split_feature=19 20 23 24 23 26 20 26 24 16 33 32 26 27 16 17 31 16 26 11 26 11
split_gain=3.10009 1.07388 1.04962 0.985733 0.89968 0.794172 0.356633 0.319307 0.377941 0.284862 0.262354 0.172166 0.140943 0.1232 0.0674202 0.0578551 0.0475988 0.0339508 0.0327171 0.0304272 0.0229299 0.00468677
threshold=100.1632 105.60499954223552 1.9056500000000003 50.350000000000001 7.8480500000000006 2.0486813992319393e-11 92.81499862670897 0.00012216064344040004 49.850000000000001 69.677725018494314 -9.0578144855637337e-15 -1.2008356954735182e-05 2.9053085330225061e-05 7.842624756733576e-06 49.524345558047123 0.0037535034917319005 0.00093840047214910013 71.874183741001076 0.00090074759611165009 1.1208535801466712 0.0048946781187422005 0.98862241977795151
decision_type=2 2 2 2 2 2 2 2 2 2 2 2 2 2 2 2 2 2 2 2 2 2
left_child=2 4 3 7 5 10 -7 8 -1 16 -2 12 14 -6 -4 -3 -5 21 -9 -11 -14 -13
right_child=1 15 11 9 13 6 -8 18 -10 19 -12 17 20 -15 -16 -17 -18 -19 -20 -21 -22 -23
leaf_value=5.8554968594883873e-05 0 0.0023024709049689895 -6.6486841566317393e-05 0.0037336370229721066 -0.0012491856923569804 -0.0020348566425786654 -0.00021022726538693078 -8.1158259484384728e-05 0.0031077306812248109 0.0017365328910377536 -0.0031550226005003647 0.002001446962213287 0.0006818425536566792 -0.0043383273505169196 -0.0015962209386869949 0.00060330813490107077 0.0018634322976524178 0 -0.0013241262985305543 0.00022245796697214246 -0.00022437488090751385 0.00087120945121654694
leaf_weight=87 28 69 42 237 20 115 562 39 63 59 166 23 61 93 91 35 30 20 50 22 33 31
leaf_count=87 28 69 42 237 20 115 562 39 63 59 166 23 61 93 91 35 30 20 50 22 33 31
internal_value=1.19106e-05 -0.0010588 0.00132628 0.00206201 -0.00136763 -0.00102819 -0.000532193 0.000552863 0.00139464 0.00307633 -0.00270939 -0.000104823 -0.00052381 -0.00386389 -0.00114733 0.00179162 0.00355765 0.00111182 -0.000832471 0.00138365 0.000335675 0.00148524
internal_weight=1976 1088 888 587 984 871 677 239 150 348 194 301 227 113 133 104 267 74 89 81 94 54
internal_count=1976 1088 888 587 984 871 677 239 150 348 194 301 227 113 133 104 267 74 89 81 94 54
is_linear=0
shrinkage=0.03


Tree=21
num_leaves=20
num_cat=0
split_feature=23 24 23 20 23 15 24 13 31 28 26 31 13 23 24 23 26 28 26
split_gain=1.84572 2.8581 0.900811 0.867936 1.0229 0.402371 0.367236 0.292834 0.202867 0.193237 0.304033 0.114934 0.0554458 0.0436105 0.0367012 0.0165284 0.0264182 0.0112646 0.000352871
threshold=1.8697500000000002 50.350000000000001 0.37465000000000009 105.60499954223552 7.8480500000000006 0.011476151755923701 50.850000000000001 1.0331811877383847 0.0041591233795236007 6.8055272692973299e-10 0.00012216064344040004 4.0903956168653902e-05 1.0130494170952884 1.6552000000000002 49.45000000000001 1.7055000000000002 1.558759684577728e-14 4.5478857807644974e-07 3.7071496064470513e-15
decision_type=2 2 2 2 2 2 2 2 2 2 2 2 2 2 2 2 2 2 2
left_child=1 2 -1 4 5 6 -2 15 -7 10 -4 -6 17 18 -11 16 -3 -5 -9
right_child=3 7 9 12 11 8 -8 13 -10 14 -12 -13 -14 -15 -16 -17 -18 -19 -20
leaf_value=-0.0027779592732544494 -0.0026875041759191641 0.0025411489673757125 0.0012341920498684471 0.0025821042926609519 -0.0012165982267292946 -6.2117163969075515e-05 -0.00057077729992576029 0.001096288493834436 -0.0020373686454617061 -0.00030104054324328903 -0.00080984996145707559 -0.0042122446331559335 0.00043142104891194321 0.00050944430527410337 -0.001509434667478005 0.0022616735084780627 0.0039508138498853115 0.0012062366328712913 0.0023671268929328238
leaf_weight=110 146 53 217 47 20 511 159 21 49 66 89 93 29 39 42 39 186 28 32
leaf_count=110 146 53 217 47 20 511 159 21 49 66 89 93 29 39 42 39 186 28 32
internal_value=1.16913e-05 0.00102003 -0.000401498 -0.000819197 -0.00109901 -0.000737068 -0.00161008 0.0030283 -0.000250216 0.000238177 0.000627884 -0.00375308 0.00174116 0.00143744 -0.000826093 0.00352313 0.00368598 0.00217306 0.00200286
internal_weight=1976 894 524 1082 978 865 305 370 560 414 306 113 104 92 108 278 239 75 53
internal_count=1976 894 524 1082 978 865 305 370 560 414 306 113 104 92 108 278 239 75 53
is_linear=0
shrinkage=0.03


Tree=22
num_leaves=19
num_cat=0
split_feature=21 19 20 21 19 14 28 30 16 26 24 26 17 30 33 11 11 19
split_gain=3.12251 1.03261 1.02891 0.711389 0.914805 0.428909 0.223819 0.398081 0.216258 0.0970374 0.0922083 0.078267 0.0513457 0.0496301 0.0421598 0.0191338 0.00427309 0.000659145
threshold=1.155 100.45905 105.60499954223552 1.6850000000000003 103.34875000000001 0.012026223693290252 -0.00067904540410459991 1.4310950631267436e-06 48.330601284736716 2.9053085330225061e-05 51.750000000000007 1.0885400233879567e-14 0.0037535034917319005 -2.3090255530489143e-14 -1.8833501981806988e-12 0.98028968904087288 1.0920337823103157 101.23795000000001
decision_type=2 2 2 2 2 2 2 2 2 2 2 2 2 2 2 2 2 2
left_child=11 5 3 14 -5 6 15 -8 10 -10 -7 16 17 -13 -3 -2 -1 -4
right_child=1 2 12 4 -6 8 7 -9 9 -11 -12 13 -14 -15 -16 -17 -18 -19
leaf_value=0.0023641944225938597 0 0.0015379040900823802 0.0013584158007470249 -0.0022367008275127422 0.00032301396816493611 0.00032638168290415905 0.00067818800170495164 0.0031215867387975769 -0.001222777470845151 -0.00012649452118323719 0.0023030586883682628 0.0016234136115945875 0.00056751375414291702 0.0038251947106139081 0.00022411166760139169 -0.0011403402896741262 0.0010483619250033214 0.0025637175828911534
leaf_weight=58 26 49 29 621 154 105 175 94 142 161 26 22 35 145 51 23 20 40
leaf_count=58 26 49 29 621 154 105 175 94 142 161 26 22 35 145 51 23 20 40
internal_value=1.13858e-05 -0.000437434 -0.00107906 -0.00141676 -0.00172492 0.000394875 0.00122785 0.00156806 -0.000212837 -0.000657019 0.000783865 0.00316146 0.00169416 0.00358655 0.000923039 -0.000564824 0.00211516 0.00217652
internal_weight=1976 1731 979 875 775 752 318 269 434 303 131 245 104 167 100 49 78 69
internal_count=1976 1731 979 875 775 752 318 269 434 303 131 245 104 167 100 49 78 69
is_linear=0
shrinkage=0.03


Tree=23
num_leaves=18
num_cat=0
split_feature=21 19 20 23 21 15 30 32 19 20 11 16 11 13 30 21 21
split_gain=2.94389 0.973044 0.907857 0.784042 0.426673 0.389349 0.168052 0.31848 0.136815 0.105365 0.0665963 0.0621119 0.0596372 0.0502421 0.0347434 0.0181764 0.00958157
threshold=1.155 100.1632 105.60499954223552 8.2272000000000016 1.6450000000000002 0.012961568712193052 1.1960467836926737e-06 -0.0033943454120262998 99.910550000000015 90.975002288818359 1.0820506859727186 41.734204145036628 0.92473868526057068 1.0130494170952884 -2.3090255530489143e-14 1.5850000000000002 3.2650000000000001
decision_type=2 2 2 2 2 2 2 2 2 2 2 2 2 2 2 2 2
left_child=10 5 3 4 -3 6 8 -8 -2 15 14 -11 -5 16 -1 -7 -4
right_child=1 2 13 12 -6 9 7 -9 -10 11 -12 -13 -14 -15 -16 -17 -18
leaf_value=0.0015805554618313908 9.4328120634228283e-05 0.00058140548988316659 0.0011401320548480255 -0.0018014811804168856 -0.001246542246459513 -0.00062234347986057394 0 0.0031679924357025059 0.0018783663652445139 0.0010506020894728947 0.0017951511383056641 -0.00018299562848991021 -0.0043861619668702284 0.00039790671502123586 0.0035479389910810979 -0.0022528287237105161 0.002446868029385805
leaf_weight=22 134 131 28 21 762 22 43 82 54 40 52 249 69 29 171 20 47
leaf_count=22 134 131 28 21 762 22 43 82 54 40 52 249 69 29 171 20 47
internal_value=1.22372e-05 -0.000423513 -0.000970931 -0.00125531 -0.000973992 0.00049605 0.00125081 0.00210365 0.000643926 -0.000213511 0.00307092 0 -0.00389289 0.00164879 0.00336661 -0.00156386 0.0020601
internal_weight=1976 1731 1087 983 893 644 313 125 188 331 245 289 90 104 193 42 75
internal_count=1976 1731 1087 983 893 644 313 125 188 331 245 289 90 104 193 42 75
is_linear=0
shrinkage=0.03


Tree=24
num_leaves=19
num_cat=0
split_feature=21 19 20 21 19 15 24 21 13 20 26 26 13 26 18 20 10 11
split_gain=2.77493 0.917104 0.91867 0.641121 0.853674 0.622013 0.227268 0.117136 0.110134 0.0971568 0.12903 0.0731285 0.0472218 0.0335279 0.0286706 0.009163 0.00656509 0.00309608
threshold=1.155 100.45905 105.60499954223552 1.6850000000000003 103.34875000000001 0.010317393144332601 51.750000000000007 1.5950000000000004 1.0176635457826027 94.674999237060504 1.4767035078986567e-06 1.0885400233879567e-14 1.0130494170952884 1.2335258049563875e-10 0.30697182396785677 109.02500152587852 1.0339787359705759 1.0920337823103157
decision_type=2 2 2 2 2 2 2 2 2 2 2 2 2 2 2 2 2 2
left_child=11 5 3 13 -5 9 7 -7 -8 16 -11 17 15 -3 -13 -4 -2 -1
right_child=1 2 12 4 -6 6 8 -9 -10 10 -12 14 -14 -15 -16 -17 -18 -19
leaf_value=0.0022076216347393443 0.00091423184116897383 1.9576992675964087e-05 0.0012309883015144518 -0.0021217305795964 0.00035019039649163294 0.00038738110816190414 0.0019437866599129685 -0.00062330019116028381 -0.0001932759575870624 0.00035240761069972311 0.0029123905627336352 0.0017708368166349825 0.00038708862937346567 0.0012680349830922711 0.0036130309887744223 0.002476794089169003 0 0.00097418331128099696
leaf_weight=58 20 34 35 621 154 138 63 360 28 26 97 25 29 66 142 40 20 20
leaf_count=58 20 34 35 621 154 138 63 360 28 26 97 25 29 66 142 40 20 20
internal_value=1.23787e-05 -0.000410638 -0.00101537 -0.00133458 -0.00162722 0.000373574 -7.82751e-05 -0.000336601 0.00126913 0.00199631 0.00241634 0.00298203 0.00160436 0.000885619 0.00339102 0.00200359 0.000556469 0.00197619
internal_weight=1976 1731 979 875 775 752 589 498 91 163 123 245 104 100 167 75 40 78
internal_count=1976 1731 979 875 775 752 589 498 91 163 123 245 104 100 167 75 40 78
is_linear=0
shrinkage=0.03


Tree=25
num_leaves=20
num_cat=0
split_feature=23 24 23 20 23 27 28 13 11 24 24 27 13 23 33 23 26 28 26
split_gain=1.51683 2.28428 0.777908 0.701719 0.858062 0.434749 0.39172 0.23913 0.228122 0.170122 0.440626 0.108089 0.0443925 0.0334065 0.0291852 0.01031 0.0181728 0.00828301 0.00306986
threshold=1.8697500000000002 50.350000000000001 0.37465000000000009 105.60499954223552 7.8480500000000006 1.1042894242168893e-08 0.0014755697133597002 1.0319300247824679 0.97180325808584256 50.050000000000004 49.850000000000001 7.842624756733576e-06 1.0130494170952884 1.6552000000000002 4.5000797336942523e-06 1.7055000000000002 1.558759684577728e-14 4.5478857807644974e-07 5.3085373317213992e-15
decision_type=2 2 2 2 2 2 2 2 2 2 2 2 2 2 2 2 2 2 2
left_child=1 2 -1 4 5 8 -7 15 -2 10 -4 -6 17 18 -11 16 -3 -5 -9
right_child=3 7 9 12 11 6 -8 13 -10 14 -12 -13 -14 -15 -16 -17 -18 -19 -20
leaf_value=-0.0025516725459952005 0.00019738040001331163 0.0022807067528648195 4.14632565950324e-07 0.0023154956301301714 -0.0010061110746641846 1.9814558152251243e-06 -0.0016373726398954112 0.0010601057816296815 -0.0028559421739044869 -0.0014419432933184156 0.0027222375879612038 -0.003863386349796201 0.00037656465117470364 0.00052595004276372492 -0.00023813692668076366 0.0020619527181344375 0.0035770214357488863 0.0010722655143678909 0.0022504015017081706
leaf_weight=110 25 50 262 47 20 570 166 27 104 43 65 93 29 41 44 39 182 28 31
leaf_count=110 25 50 262 47 20 570 166 27 104 43 65 93 29 41 44 39 182 28 31
internal_value=1.33643e-05 0.00092759 -0.000342768 -0.000739724 -0.000991504 -0.000659723 -0.000368851 0.00272302 -0.00225045 0.00025108 0.00057037 -0.00342263 0.00156136 0.00134763 -0.000894687 0.00319426 0.00334309 0.00194891 0.00182487
internal_weight=1976 894 524 1082 978 865 736 370 129 414 327 113 104 99 87 271 232 75 58
internal_count=1976 894 524 1082 978 865 736 370 129 414 327 113 104 99 87 271 232 75 58
is_linear=0
shrinkage=0.03


Tree=26
num_leaves=19
num_cat=0
split_feature=21 19 20 23 26 15 30 32 19 20 26 24 11 30 19 21 16 11
split_gain=2.46896 0.819395 0.767232 0.690597 0.605156 0.343868 0.137649 0.264975 0.117323 0.0997113 0.0633061 0.0628829 0.0560052 0.0437073 0.0426033 0.016174 0.0143471 0.00217234
threshold=1.155 100.1632 105.60499954223552 8.2272000000000016 2.0486813992319393e-11 0.012961568712193052 9.9938705683704343e-07 -0.0033943454120262998 99.910550000000015 90.975002288818359 1.0885400233879567e-14 51.750000000000007 0.94509390593158449 -2.3090255530489143e-14 101.23795000000001 1.5850000000000002 54.396468266158372 1.0920337823103157
decision_type=2 2 2 2 2 2 2 2 2 2 2 2 2 2 2 2 2 2
left_child=10 5 3 4 -3 6 8 -8 -2 15 17 -11 -5 -12 16 -7 -4 -1
right_child=1 2 14 12 -6 9 7 -9 -10 11 13 -13 -14 -15 -16 -17 -18 -19
leaf_value=0.0020850710175076472 8.3837503570378691e-05 -0.00236348146233204 0.0011672475151505999 -0.0019695748145895776 -0.00046524806600515612 -0.0006130655068159103 0 0.0028691747645762833 0.0017438163645565508 -0.00019191979374801415 0.0013873230441659686 0.0010153512632874162 -0.0042358738481998439 0.0034192136130673251 0.0022760626209656827 -0.0021808519703538521 2.2354075634528103e-05 0.00091800979087534157
leaf_weight=58 131 193 41 29 700 22 43 85 54 246 22 43 61 145 43 20 20 20
leaf_count=58 131 193 41 29 700 22 43 85 54 246 22 43 61 145 43 20 20 20
internal_value=1.34112e-05 -0.000385519 -0.000887947 -0.00114953 -0.000885393 0.000458072 0.00116753 0.00192602 0.000604424 -0.000208288 0.00281464 0 -0.00362497 0.00319839 0.00151936 -0.00152192 0.000857391 0.00186795
internal_weight=1976 1731 1087 983 893 644 313 128 185 331 245 289 90 167 104 42 61 78
internal_count=1976 1731 1087 983 893 644 313 128 185 331 245 289 90 167 104 42 61 78
is_linear=0
shrinkage=0.03


end of trees

feature_importances:
Global_Industrial_Production_Index=54
CPI_Inflation=51
Close_to_MA_50=48
Daily_Bullish=46
US_10Y_Yield=41
USD_Index=39
China_PMI=34
Daily_Bearish=23
Rolling_Std_20=22
RSI_14=21
Sentiment_Spike=17
Daily_NSS=14
Close_to_EMA_20=13
Sentiment_EMA_60d=11
Sentiment_x_Trend=8
Close_to_MA_20=7
VIX=7
Rolling_Std_10=6
MACD_Pct=6
Volume_to_MA_10=6
Sentiment_EMA_30d=5
Close_to_MA_10=1
Sentiment_EMA_7d=1

parameters:
[boosting: gbdt]
[objective: regression]
[metric: l2]
[tree_learner: serial]
[device_type: cpu]
[data_sample_strategy: bagging]
[data: ]
[valid: ]
[num_iterations: 200]
[learning_rate: 0.03]
[num_leaves: 31]
[num_threads: 20]
[seed: 42]
[deterministic: 0]
[force_col_wise: 0]
[force_row_wise: 0]
[histogram_pool_size: -1]
[max_depth: 5]
[min_data_in_leaf: 20]
[min_sum_hessian_in_leaf: 0.001]
[bagging_fraction: 0.8]
[pos_bagging_fraction: 1]
[neg_bagging_fraction: 1]
[bagging_freq: 0]
[bagging_seed: 400]
[bagging_by_query: 0]
[feature_fraction: 0.8]
[feature_fraction_bynode: 1]
[feature_fraction_seed: 30056]
[extra_trees: 0]
[extra_seed: 12879]
[early_stopping_round: 0]
[early_stopping_min_delta: 0]
[first_metric_only: 0]
[max_delta_step: 0]
[lambda_l1: 0.1]
[lambda_l2: 3]
[linear_lambda: 0]
[min_gain_to_split: 0]
[drop_rate: 0.1]
[max_drop: 50]
[skip_drop: 0.5]
[xgboost_dart_mode: 0]
[uniform_drop: 0]
[drop_seed: 17869]
[top_rate: 0.2]
[other_rate: 0.1]
[min_data_per_group: 100]
[max_cat_threshold: 32]
[cat_l2: 10]
[cat_smooth: 10]
[max_cat_to_onehot: 4]
[top_k: 20]
[monotone_constraints: ]
[monotone_constraints_method: basic]
[monotone_penalty: 0]
[feature_contri: ]
[forcedsplits_filename: ]
[refit_decay_rate: 0.9]
[cegb_tradeoff: 1]
[cegb_penalty_split: 0]
[cegb_penalty_feature_lazy: ]
[cegb_penalty_feature_coupled: ]
[path_smooth: 0]
[interaction_constraints: ]
[verbosity: -1]
[saved_feature_importance_type: 0]
[use_quantized_grad: 0]
[num_grad_quant_bins: 4]
[quant_train_renew_leaf: 0]
[stochastic_rounding: 1]
[linear_tree: 0]
[max_bin: 255]
[max_bin_by_feature: ]
[min_data_in_bin: 3]
[bin_construct_sample_cnt: 200000]
[data_random_seed: 175]
[is_enable_sparse: 1]
[enable_bundle: 1]
[use_missing: 1]
[zero_as_missing: 0]
[feature_pre_filter: 1]
[pre_partition: 0]
[two_round: 0]
[header: 0]
[label_column: ]
[weight_column: ]
[group_column: ]
[ignore_column: ]
[categorical_feature: ]
[forcedbins_filename: ]
[precise_float_parser: 0]
[parser_config_file: ]
[objective_seed: 16083]
[num_class: 1]
[is_unbalance: 0]
[scale_pos_weight: 1]
[sigmoid: 1]
[boost_from_average: 1]
[reg_sqrt: 0]
[alpha: 0.9]
[fair_c: 1]
[poisson_max_delta_step: 0.7]
[tweedie_variance_power: 1.5]
[lambdarank_truncation_level: 30]
[lambdarank_norm: 1]
[label_gain: ]
[lambdarank_position_bias_regularization: 0]
[eval_at: ]
[multi_error_top_k: 1]
[auc_mu_weights: ]
[num_machines: 1]
[local_listen_port: 12400]
[time_out: 120]
[machine_list_filename: ]
[machines: ]
[gpu_platform_id: -1]
[gpu_device_id: -1]
[gpu_device_id_list: ]
[gpu_use_dp: 0]
[num_gpu: 1]

end of parameters

pandas_categorical:[]
