tree
version=v4
num_class=1
num_tree_per_iteration=1
label_index=0
max_feature_idx=34
objective=regression
feature_names=Return Log_Return Ret_Lag_1 Ret_Lag_2 Ret_Lag_3 Ret_Lag_5 Ret_Lag_10 Daily_Range_Pct Close_to_MA_5 Close_to_MA_10 Close_to_MA_20 Close_to_MA_50 Close_to_EMA_10 Close_to_EMA_20 Rolling_Std_10 Rolling_Std_20 RSI_14 MACD_Pct Volume_to_MA_10 EIA_Crude_Inventory US_Rig_Count USD_Index US_10Y_Yield VIX CPI_Inflation OPEC_Production News_Volume Daily_Bullish Daily_Bearish Daily_NSS Sentiment_EMA_7d Sentiment_Spike Sentiment_EMA_30d Sentiment_EMA_60d Sentiment_x_Trend
feature_infos=[-0.99945265463878241:1000.0000228881836] [-7.5104305814334893:6.9087548021805389] [-0.99945265463878241:1000.0000228881836] [-0.99945265463878241:1000.0000228881836] [-0.99945265463878241:1000.0000228881836] [-0.99945265463878241:1000.0000228881836] [-0.99945265463878241:1000.0000228881836] [0.0083536294793647992:1784.0000381469724] [0.00063995902012410003:1.4797344852633123] [0.0005133997267981:1.4539841552591597] [0.00046727879981480001:1.5269670948329741] [0.00029838810814999999:1.5922540838875798] [0.00057339711350370005:1.3303027267290908] [0.00046582756044130001:1.3470234504852556] [0.0058608158131277996:316.27152822580433] [0.0074630450429006004:223.62115619093399] [13.331281508840434:83.896914726101471] [-89.405824856286031:0.075284306871814699] [0:2.7565734898736189] [394137:540722] [250:1077] [88.589996337890597:114.11000061035099] [0.52000000000000002:4.25] [9.1400003433227504:82.690002441406193] [0.19819999999999999:8.9794] [26.25830086301988:36.13391069951679] [0:2] [0.00023806446617779999:0.4745018482208252] [0.00065102029166490001:0.48785680532455439] [-0.48401349177584041:0.46379701048135757] [-0.40634679421782488:0.3638543627868181] [-0.63182064786255998:0.62840842175264955] [-0.40634679421782488:0.25139843384038518] [-0.40634679421782488:0.21275761978830729] [-0.19777102882399031:0.42854098044924721]
tree_sizes=1756 1889 1802 2398 1960 2243 1901 1904 2268 1817

Tree=0
num_leaves=19
num_cat=0
split_feature=20 11 20 24 13 20 33 33 20 24 24 20 20 21 22 32 21 11
split_gain=49.0499 12.717 10.5467 9.38759 8.25362 6.37755 4.5366 3.76101 3.19905 1.77488 1.74874 1.37566 1.00888 0.608841 0.300101 0.239109 0.235191 0.0710251
threshold=617.50000000000011 0.91387451045935553 885.50000000000011 2.4666000000000001 0.89767816109822085 790.50000000000011 -0.0066428925689925493 -0.063643820244654384 850.50000000000011 5.3234000000000012 8.2073500000000017 385.50000000000006 458.50000000000006 96.344997406005859 1.6650000000000003 -0.095469501732134934 91.124999999999957 0.821211321099099
decision_type=2 2 2 2 2 2 2 2 2 2 2 2 2 2 2 2 2 2
left_child=1 17 4 7 -2 10 9 -4 -7 12 -6 -8 -3 -9 -11 -5 -13 -1
right_child=2 6 3 15 5 8 11 13 -10 14 -12 16 -14 -15 -16 -17 -18 -19
leaf_value=0.097694519965842511 0.083027118975027236 0.076075860917654295 0.077198174611292594 0.063053458401555962 0.067850096620873726 0.055630235268019607 0.083478725118399322 0.072740298000965944 0.066378319467604974 0.08210629756205845 0.063577817562879932 0.074063976133757412 0.072354264736731844 0.070221746403294955 0.07599571332672965 0.066986563019101011 0.078691658165972109 0.086701209256842882
leaf_weight=24 20 137 131 96 289 89 113 146 41 34 132 21 130 201 20 36 44 22
leaf_count=24 20 137 131 96 289 89 113 146 41 34 132 21 130 201 20 36 44 22
internal_value=0.0716465 0.0790674 0.0682119 0.0709675 0.0652922 0.0645849 0.0775847 0.0729277 0.0588022 0.075382 0.0664559 0.0814127 0.074303 0.0712903 0.0802438 0.0639765 0.0774133 0.0937417
internal_weight=1726 545 1181 610 571 551 499 478 130 321 421 178 267 347 54 132 65 46
internal_count=1726 545 1181 610 571 551 499 478 130 321 421 178 267 347 54 132 65 46
is_linear=0
shrinkage=1


Tree=1
num_leaves=20
num_cat=0
split_feature=20 19 11 25 24 33 21 11 25 11 25 19 20 20 19 20 25 19 22
split_gain=46.3031 12.3134 12.0728 7.38563 6.068 4.30028 3.99389 4.33565 2.21932 2.12376 2.00764 1.64093 1.28414 1.21993 1.01703 0.561098 0.443897 0.236421 0.16048
threshold=617.50000000000011 450432.50000000006 0.9241924043868458 33.394593931848625 2.4666000000000001 -0.0066428925689925493 96.094997406005859 0.78494728264815883 33.197614827464761 1.0035877910048072 32.123304830393757 435571.00000000006 458.50000000000006 385.50000000000006 500265.00000000006 1049.0000000000002 34.535066498360372 430793.00000000006 1.6650000000000003
decision_type=2 2 2 2 2 2 2 2 2 2 2 2 2 2 2 2 2 2 2
left_child=2 3 14 8 16 11 -3 -8 10 -9 -2 18 -13 -7 -1 -6 -5 -15 -4
right_child=1 6 5 4 15 13 7 9 -10 -11 -12 12 -14 17 -16 -17 -18 -19 -20
leaf_value=0.014504189701901898 -0.016430519067324123 0.0054877011601691655 0.0091790598138820293 -0.0021385407165757245 -0.0047761671177559712 0.011367822844731179 0.011536521887649661 0.00066230049814426097 -0.01614496114341224 -0.0043337670562569024 -0.0070938997517088044 0.0042992895289989449 2.4362016946446794e-05 0.0080211444720625878 0.026994319019110303 -0.008078925605331147 0.0012946034606074082 0.0035749882155986026 0.0042357175201177596
leaf_weight=34 23 112 40 39 130 111 20 143 38 158 242 137 118 25 20 109 167 40 20
leaf_count=34 23 112 40 39 130 111 20 143 38 158 242 137 118 25 20 109 167 40 20
internal_value=1.26013e-06 -0.00333409 0.00721303 -0.00565772 -0.00315358 0.00564619 0.000684369 -0.00101759 -0.00925864 -0.00196724 -0.00809029 0.00347789 0.002356 0.00938686 0.0203601 -0.00637632 0.000608918 0.0056076 0.00785906
internal_weight=1726 1181 545 748 445 491 433 321 303 301 265 315 255 176 54 239 206 65 60
internal_count=1726 1181 545 748 445 491 433 321 303 301 265 315 255 176 54 239 206 65 60
is_linear=0
shrinkage=0.03


Tree=2
num_leaves=19
num_cat=0
split_feature=20 11 25 11 25 23 20 24 20 24 24 34 32 11 25 11 11 16
split_gain=43.7201 11.4832 11.4426 6.64673 3.57017 5.02493 3.18407 2.96565 2.94757 2.68945 2.03823 2.03788 1.31187 0.749222 0.61087 0.553133 0.0751783 0.0392125
threshold=617.50000000000011 0.91387451045935553 35.467212688581476 0.83130753986337647 33.309359902703399 14.920000076293901 385.50000000000006 2.4666000000000001 885.50000000000011 5.3234000000000012 1.8697500000000002 -0.0034787839445733497 -0.025944538892825695 1.0677867477011078 27.404090617515546 1.125463983697353 0.821211321099099 63.508094840504498
decision_type=2 2 2 2 2 2 2 2 2 2 2 2 2 2 2 2 2 2
left_child=1 16 3 -2 5 -5 11 8 -4 13 -6 17 -10 -8 -13 -11 -1 -3
right_child=2 6 7 4 10 -7 9 -9 12 15 -12 14 -14 -15 -16 -17 -18 -19
leaf_value=0.024730664418803318 0.010766400787493458 0.0044749253094196317 -0.0048933186853385487 -0.014239441161128607 -0.00061386792413204122 -0.0057655928031656086 0.0030852883355223016 -0.0058945478540151685 0.0052140436408106882 0.0089587673616560188 -0.0051178498378358422 0.0054330841243267064 0.0010557278857204234 -0.00051324896879651274 0.011767947067997671 0.0026034773581701774 0.014244339101314544 0.0020398068526410497
leaf_weight=24 20 24 43 85 130 265 136 44 148 76 314 27 132 80 107 20 22 29
leaf_count=24 20 24 43 85 130 265 136 44 148 76 314 27 132 80 107 20 22 29
internal_value=3.67847e-06 0.00701146 -0.00323726 -0.00521496 -0.00566029 -0.00793555 0.00560247 0.00114786 0.00216181 0.00367263 -0.0038188 0.0086977 0.00329627 0.00175002 0.0106603 0.00778407 0.0209558 0.00337673
internal_weight=1726 545 1181 814 794 350 499 367 323 312 444 187 280 216 134 96 46 53
internal_count=1726 545 1181 814 794 350 499 367 323 312 444 187 280 216 134 96 46 53
is_linear=0
shrinkage=0.03


Tree=3
num_leaves=26
num_cat=0
split_feature=20 19 11 20 20 24 33 22 19 30 20 20 20 22 21 21 20 19 24 19 22 19 15 15 30
split_gain=41.2638 11.1771 10.8998 6.66315 5.46278 5.24339 3.81687 3.7648 1.84482 1.22497 1.18042 1.12365 1.11562 0.996734 0.957475 0.685475 0.571843 0.397855 0.394701 0.247351 0.221166 0.213729 0.175612 0.147081 0.0337123
threshold=617.50000000000011 453323.50000000006 0.91387451045935553 924.00000000000011 790.50000000000011 2.4666000000000001 -0.0066428925689925493 2.3750000000000004 435571.00000000006 0.0077974346426974506 458.50000000000006 954.00000000000011 385.50000000000006 3.2950000000000004 97.735000610351562 96.954998016357408 865.50000000000011 495697.50000000006 2.1111000000000004 422714.50000000006 1.6650000000000003 430793.00000000006 0.020993406714423502 0.017062839316335354 -0.00027628066978724997
decision_type=2 2 2 2 2 2 2 2 2 2 2 2 2 2 2 2 2 2 2 2 2 2 2 2 2
left_child=2 3 17 4 14 18 8 9 20 11 -10 -3 24 15 -2 -9 -6 -1 -5 -7 -4 -14 -15 -11 -8
right_child=1 7 6 5 16 19 12 13 10 23 -12 -13 21 22 -16 -17 -18 -19 -20 -21 -22 -23 -24 -25 -26
leaf_value=0.013951173407690864 -0.00050281495726941258 0.00588680935817513 0.0091617291942238804 -0.0012025873473420566 -0.014807456370281136 -0.0081967002945867451 0.012520174600576098 0.001307155109618021 0.004073565924726426 -0.0018049141456457701 0 -0.000303414327042821 0.0076276086579476089 -0.00016542214755299351 -0.0062358701897531066 -0.0044273141091847315 -0.0070903170220553875 0.025249843105673787 0.001238539243810331 -0.0046071606408432126 0.0039578296992441881 0.0033905035927241974 0.0032235470246523615 0.0012928867876306985 0.0086883840512844823
leaf_weight=25 31 138 45 94 89 85 54 20 137 30 119 31 25 28 261 115 21 21 150 47 20 40 21 20 59
leaf_count=25 31 138 45 94 89 85 54 20 137 30 119 31 25 28 261 115 21 21 150 47 20 40 21 20 59
internal_value=6.76084e-06 -0.00314178 0.00681488 -0.00523642 -0.00791313 -0.00232671 0.00544208 0.000903391 0.00342046 0.00354459 0.00220632 0.0047484 0.00895411 -0.0022306 -0.0056487 -0.00354608 -0.0135881 0.0204006 0.000282775 -0.00707161 0.0078499 0.00532889 0.00133148 -0.000506147 0.0108218
internal_weight=1726 1181 545 778 402 376 499 403 321 219 256 169 178 184 292 135 110 46 244 132 65 65 49 50 113
internal_count=1726 1181 545 778 402 376 499 403 321 219 256 169 178 184 292 135 110 46 244 132 65 65 49 50 113
is_linear=0
shrinkage=0.03


Tree=4
num_leaves=21
num_cat=0
split_feature=20 19 11 25 24 33 23 21 23 11 19 21 20 20 19 20 25 19 19 28
split_gain=38.9787 10.5392 10.3589 6.52267 5.27235 3.62822 3.25077 3.03713 3.45038 1.44851 1.39879 1.32425 1.11222 0.98881 0.929208 0.535883 0.420074 0.253747 0.202192 0.135868
threshold=617.50000000000011 453323.50000000006 0.9241924043868458 33.394593931848625 2.4666000000000001 -0.0066428925689925493 14.920000076293901 96.094997406005859 22.974999427795353 1.0035877910048072 435571.00000000006 97.63499832153316 458.50000000000006 385.50000000000006 500265.00000000006 1049.0000000000002 34.535066498360372 433131.00000000006 430793.00000000006 0.015101525957269102
decision_type=2 2 2 2 2 2 2 2 2 2 2 2 2 2 2 2 2 2 2 2
left_child=2 3 14 6 16 10 17 -3 9 -9 19 -8 -12 -7 -1 -6 -5 -2 -15 -4
right_child=1 7 5 4 15 13 11 8 -10 -11 12 -13 -14 18 -16 -17 -18 -19 -20 -21
leaf_value=0.013318358395147965 -0.008859633886255323 0.0050598778358734806 0.0039723978955298654 -0.001791417625514441 -0.0042935209141009376 0.010402458081119937 -0.001216028114401757 0.00057100326351508773 0.010437591803057686 -0.0037507195486003279 0.0039539775483044123 -0.0074093381533562441 0 0.007423297736527665 0.025047147305115407 -0.0074682342897036237 0.0012696572348393964 -0.015184541621955774 0.0032958848716739871 0.0085004756876400547
leaf_weight=34 29 110 21 49 132 111 40 133 20 140 137 191 118 25 20 109 172 56 40 39
leaf_count=34 29 110 21 49 132 111 40 133 20 140 137 191 118 25 20 109 172 56 40 39
internal_value=9.40038e-06 -0.00305067 0.00662636 -0.00508467 -0.00277426 0.00517487 -0.00839529 0.000877178 -0.000718351 -0.00165107 0.00318216 -0.00637906 0.00214562 0.00861148 0.0188046 -0.00581585 0.000562662 -0.0134363 0.00518493 0.0072279
internal_weight=1726 1181 545 778 462 491 316 403 293 273 315 231 255 176 54 241 221 85 65 60
internal_count=1726 1181 545 778 462 491 316 403 293 273 315 231 255 176 54 241 221 85 65 60
is_linear=0
shrinkage=0.03


Tree=5
num_leaves=24
num_cat=0
split_feature=22 21 14 22 19 24 34 22 33 27 27 11 11 24 14 15 14 21 17 11 24 19 14
split_gain=36.5465 11.4841 7.51517 6.50898 5.62662 2.96585 2.61543 2.52215 1.89888 1.56189 1.41434 1.0781 0.901375 0.755561 0.691749 0.555169 0.534212 0.442779 0.341099 0.295775 0.250944 0.233986 0.0372257
threshold=1.4950000000000003 97.155002593994126 0.098211494507163613 2.8150000000000004 452515.00000000006 2.4666000000000001 -0.00042794130554564997 1.9750000000000003 0.045885187264728962 0.015307374890241801 0.0056968752666027508 1.0015184674765008 1.0833933187950191 8.2272000000000016 0.041702095988239006 0.013584581130592702 0.019280714705396804 96.344997406005859 0.0017416211555499501 0.91693104570147532 2.5459000000000005 422714.50000000006 0.015945289500918402
decision_type=2 2 2 2 2 2 2 2 2 2 2 2 2 2 2 2 2 2 2 2 2 2 2
left_child=2 3 6 8 7 22 14 10 12 16 -3 19 -2 -9 20 -11 -8 -10 -13 -6 -1 -7 -5
right_child=1 4 -4 5 11 21 9 13 17 15 -12 18 -14 -15 -16 -17 -18 -19 -20 -21 -22 -23 -24
leaf_value=0.0027669741468759434 0.004114265732741069 -0.0038240180097880859 0.021009246794077063 0 0.0031172559773549437 -0.0077427731569517742 0.0057679056395655093 -0.0038782056934130674 0.00029539212821363172 0.0012540735591041006 -0.012062842330967005 -0.0046023049402859183 0.00076076750455943577 -0.0074545970095055434 0.0076421452721823829 0.0071043008702045126 0.013128829488754271 -0.0036529419640712658 -0.0014223103703204856 -0.0003893824118120323 -0.00039776250167550254 -0.0042676170403708 0.0013244147804428144
leaf_weight=59 289 28 36 33 24 85 20 151 59 20 114 88 101 102 20 107 72 40 56 103 32 46 41
leaf_count=59 289 28 36 33 24 85 20 151 59 20 114 88 101 102 20 107 72 40 56 103 32 46 41
internal_value=1.15276e-05 -0.0022542 0.00838862 0.00044367 -0.00505935 -0.00400233 0.00682595 -0.00733385 0.00232667 0.00872361 -0.0105717 -0.00168918 0.00326587 -0.00540225 0.00292456 0.00625628 0.0117929 -0.001331 -0.00344031 0.000306857 0.00164501 -0.00666774 0.000753142
internal_weight=1726 1360 366 694 666 205 330 395 489 219 142 271 390 253 111 127 92 99 144 127 91 131 74
internal_count=1726 1360 366 694 666 205 330 395 489 219 142 271 390 253 111 127 92 99 144 127 91 131 74
is_linear=0
shrinkage=0.03


Tree=6
num_leaves=20
num_cat=0
split_feature=20 11 25 11 22 33 22 27 24 24 24 20 20 20 22 27 20 11 30
split_gain=34.9271 9.43482 9.18727 5.52337 4.68537 3.2746 2.93938 2.28763 1.89067 1.35586 1.12611 1.18738 0.894396 0.740504 0.225931 0.187082 0.15935 0.101939 0.0314825
threshold=617.50000000000011 0.91387451045935553 35.467212688581476 0.83130753986337647 1.9500000000000002 -0.0066428925689925493 2.3750000000000004 0.0056968752666027508 1.8697500000000002 5.3234000000000012 2.4666000000000001 902.00000000000011 385.50000000000006 458.50000000000006 1.6650000000000003 0.054867499920179107 916.50000000000011 0.821211321099099 -0.00027628066978724997
decision_type=2 2 2 2 2 2 2 2 2 2 2 2 2 2 2 2 2 2 2
left_child=1 17 3 -2 7 9 16 -5 -6 13 11 -8 18 -3 -11 -14 -4 -1 -7
right_child=2 5 6 4 8 12 10 -9 -10 14 -12 -13 15 -15 -16 -17 -18 -19 -20
leaf_value=0.022408192581600608 0.009904307090069937 0.0037016577501648236 0.0017847451018885921 -0.0028614578897302803 -0.00056219068250215761 0.011509556673075022 -0.0044089582812573223 -0.011323141763938798 -0.0046580419406658706 0.0089909118446143896 -0.0051121752694883241 0.0012728921930406964 0.0027516279747576587 0.00051291166104838466 0.0036792541978799775 0.0066371362358331682 0.0051060753460671444 0.012753498952388762 0.0079563191876776754
leaf_weight=24 20 137 23 41 131 54 39 132 490 34 44 153 32 130 20 33 108 22 59
leaf_count=24 20 137 23 41 131 54 39 132 490 34 44 153 32 130 20 33 108 22 59
internal_value=1.21446e-05 0.00627587 -0.00288444 -0.00465664 -0.00506308 0.00499864 0.00104406 -0.00941777 -0.00380569 0.00312573 -0.000949277 5.33074e-05 0.00825183 0.00218315 0.00737345 0.00497417 0.00459834 0.0189155 0.00993394
internal_weight=1726 545 1181 814 794 499 367 173 621 321 236 192 178 267 54 65 131 46 113
internal_count=1726 545 1181 814 794 499 367 173 621 321 236 192 178 267 54 65 131 46 113
is_linear=0
shrinkage=0.03


Tree=7
num_leaves=20
num_cat=0
split_feature=20 19 13 20 24 20 23 21 23 34 22 15 24 20 19 17 24 31 19
split_gain=32.979 9.02496 7.51585 5.10633 4.11015 3.80828 2.85314 2.77861 3.20552 1.90296 1.70854 1.23318 0.613966 0.48882 0.291241 0.290758 0.24423 0.228017 0.217564
threshold=617.50000000000011 450432.50000000006 0.9174786660909221 924.00000000000011 2.4666000000000001 790.50000000000011 16.355000495910605 96.094997406005859 24.105000495910605 -0.0034787839445733497 1.5050000000000001 0.017680326391727102 8.2272000000000016 865.50000000000011 445258.50000000006 0.0037067162401820506 2.1111000000000004 0.0151246455037505 422714.50000000006
decision_type=2 2 2 2 2 2 2 2 2 2 2 2 2 2 2 2 2 2 2
left_child=2 3 -1 5 16 12 14 -3 11 15 -11 -9 -2 -7 -4 -8 -5 -16 -6
right_child=1 7 6 4 18 13 9 8 -10 10 -12 -13 -14 -15 17 -17 -18 -19 -20
leaf_value=0.020569418393796488 -0.003966293032879052 0.0046468224309060878 0.0030564140416681762 -0.00099902386547483756 -0.0073780125706371926 -0.013216289685717943 0.001591399524984233 -0.0033689781520685009 0.0097682115689967774 0.0090279692652512275 0.0039551942892651999 0.00044850352410464841 -0.0070840448484356909 -0.006170985211618245 -0.0019482086571199191 0.0047967048313944261 0.00099783384234399062 0.001463396618009678 -0.0040613187536224721
leaf_weight=28 173 112 23 84 85 84 76 162 21 209 97 138 109 21 43 44 145 25 47
leaf_count=28 173 112 23 84 85 84 76 162 21 209 97 138 109 21 43 44 145 25 47
internal_value=1.57906e-05 -0.00279881 0.00610236 -0.00478824 -0.00218288 -0.00717539 0.00519892 0.000640319 -0.000778411 0.00622288 0.00748365 -0.00161598 -0.00524379 -0.0120456 0.000327918 0.0028794 0.000248984 -0.000642852 -0.00633579
internal_weight=1726 1181 545 748 361 387 517 433 321 426 306 300 282 105 91 120 229 68 132
internal_count=1726 1181 545 748 361 387 517 433 321 426 306 300 282 105 91 120 229 68 132
is_linear=0
shrinkage=0.03


Tree=8
num_leaves=24
num_cat=0
split_feature=22 21 11 22 19 34 24 25 23 27 33 11 11 15 15 25 17 25 11 21 24 34 15
split_gain=30.881 9.67482 5.9009 5.56622 4.83297 2.58999 2.50864 2.25706 1.78789 1.78204 1.60689 0.980593 0.785318 0.505788 0.486402 0.447656 0.291137 0.272963 0.265601 0.249592 0.214395 0.0683076 0.0305041
threshold=1.4950000000000003 97.155002593994126 0.60400812386373481 2.8150000000000004 452515.00000000006 -0.00042794130554564997 2.4666000000000001 33.394593931848625 14.045000076293901 0.015838824719571303 0.045885187264728962 1.0035877910048072 1.0833933187950191 0.013584581130592702 0.056574687999589361 34.535066498360372 0.0017416211555499501 35.418538988178604 0.91693104570147532 101.55500030517551 2.5459000000000005 2.8621662255057958e-05 0.017536453105109154
decision_type=2 2 2 2 2 2 2 2 2 2 2 2 2 2 2 2 2 2 2 2 2 2 2
left_child=2 3 -1 10 7 14 22 8 -3 21 12 18 -2 -11 20 -12 -13 -8 -6 -9 -4 -7 -5
right_child=1 4 5 6 11 9 17 19 -10 13 15 16 -14 -15 -16 -17 -18 -19 -20 -21 -22 -23 -24
leaf_value=0.020438345040044475 0.0038069051772464469 -0.012993894024973822 0.002526744649619243 0.00018978697381680834 0.0030221189437951474 0.0087039497823131334 -0.0076774629795032983 -0.0001514097286853939 -0.0067917859130672041 0.00096533522001751094 -0.0032928187062355634 -0.004291592087550089 0.00067588985052917936 0.0065087248030195532 0.0061472773720909445 0.00061959152172078437 -0.0013212363450498929 -0.004290806177209186 -0.00029210540908388788 -0.0038973126731093291 -0.00041825095971247979 0.013109206319919653 0.0015807355146971529
leaf_weight=28 289 60 56 53 24 46 66 21 207 20 46 87 101 106 25 53 55 65 105 107 32 53 21
leaf_count=28 289 60 56 53 24 46 66 21 207 20 46 87 101 106 25 53 55 65 105 107 32 53 21
internal_value=1.60003e-05 -0.00206658 0.00771657 0.000409331 -0.00464134 0.00648336 -0.0037017 -0.00674932 -0.00832552 0.00833887 0.00215093 -0.00151761 0.00301504 0.00569499 0.00264278 -0.00121226 -0.00321293 -0.00615313 0.000356438 -0.00332319 0.00144439 0.0114079 0.000669685
internal_weight=1726 1360 366 694 666 338 205 395 267 225 489 271 390 126 113 99 142 131 129 128 88 99 74
internal_count=1726 1360 366 694 666 338 205 395 267 225 489 271 390 126 113 99 142 131 129 128 88 99 74
is_linear=0
shrinkage=0.03


Tree=9
num_leaves=19
num_cat=0
split_feature=20 11 25 11 22 33 22 27 24 11 24 20 17 28 27 11 14 20
split_gain=29.5533 8.23716 7.7722 4.6305 4.00283 2.86754 2.54349 1.98723 1.58455 1.01149 0.924552 1.03944 0.885811 0.702935 0.520086 0.487429 0.363354 0.142653
threshold=617.50000000000011 0.9241924043868458 35.467212688581476 0.83130753986337647 1.9500000000000002 -0.0066428925689925493 2.3750000000000004 0.0056968752666027508 1.8697500000000002 1.0677867477011078 2.4666000000000001 902.00000000000011 0.0066227320316442507 0.034386873687719505 0.010182380023793952 0.821211321099099 0.014815280994269301 916.50000000000011
decision_type=2 2 2 2 2 2 2 2 2 2 2 2 2 2 2 2 2 2
left_child=1 15 3 -2 7 9 17 -5 -6 12 11 -8 -3 16 -11 -1 -7 -4
right_child=2 5 6 4 8 13 10 -9 -10 14 -12 -13 -14 -15 -16 -17 -18 -19
leaf_value=0.020945377343230775 0.0090513152697164079 0.0031149197439834515 0.0016169319533957884 -0.0025686835795640942 -0.00051580971121569094 0.0058844371390559024 -0.0041548528586115158 -0.010450738456845281 -0.0042677831428411701 0.0026873112342320382 -0.0046599327703105639 0.0011616873372801749 0.0089788446515798575 0.0029035259041086054 -0.0010609791554397324 0.01150923658975146 0.009887411332867118 0.0047511679451610585
leaf_weight=24 20 160 23 41 131 59 39 132 490 57 44 153 27 31 71 30 86 108
leaf_count=24 20 160 23 41 131 59 39 132 490 57 44 153 27 31 71 30 86 108
internal_value=1.67631e-05 0.00577863 -0.00264755 -0.00427763 -0.00464995 0.00448453 0.000965196 -0.00867541 -0.0034874 0.00271328 -0.000888274 1.90739e-05 0.00410578 0.0075393 0.000608597 0.0166374 0.00843118 0.00427179
internal_weight=1726 545 1181 814 794 491 367 173 621 315 236 192 187 176 128 54 145 131
internal_count=1726 545 1181 814 794 491 367 173 621 315 236 192 187 176 128 54 145 131
is_linear=0
shrinkage=0.03


end of trees

feature_importances:
US_Rig_Count=36
Close_to_MA_50=27
CPI_Inflation=23
EIA_Crude_Inventory=20
US_10Y_Yield=16
OPEC_Production=14
USD_Index=12
Sentiment_EMA_60d=9
Rolling_Std_20=7
Daily_Bullish=7
VIX=6
Rolling_Std_10=5
Sentiment_x_Trend=5
MACD_Pct=4
Sentiment_EMA_7d=3
Close_to_EMA_20=2
Daily_Bearish=2
Sentiment_EMA_30d=2
RSI_14=1
Sentiment_Spike=1

parameters:
[boosting: gbdt]
[objective: regression]
[metric: l2]
[tree_learner: serial]
[device_type: cpu]
[data_sample_strategy: bagging]
[data: ]
[valid: ]
[num_iterations: 200]
[learning_rate: 0.03]
[num_leaves: 31]
[num_threads: 20]
[seed: 42]
[deterministic: 0]
[force_col_wise: 0]
[force_row_wise: 0]
[histogram_pool_size: -1]
[max_depth: 5]
[min_data_in_leaf: 20]
[min_sum_hessian_in_leaf: 0.001]
[bagging_fraction: 0.8]
[pos_bagging_fraction: 1]
[neg_bagging_fraction: 1]
[bagging_freq: 0]
[bagging_seed: 400]
[bagging_by_query: 0]
[feature_fraction: 0.8]
[feature_fraction_bynode: 1]
[feature_fraction_seed: 30056]
[extra_trees: 0]
[extra_seed: 12879]
[early_stopping_round: 0]
[early_stopping_min_delta: 0]
[first_metric_only: 0]
[max_delta_step: 0]
[lambda_l1: 0.1]
[lambda_l2: 3]
[linear_lambda: 0]
[min_gain_to_split: 0]
[drop_rate: 0.1]
[max_drop: 50]
[skip_drop: 0.5]
[xgboost_dart_mode: 0]
[uniform_drop: 0]
[drop_seed: 17869]
[top_rate: 0.2]
[other_rate: 0.1]
[min_data_per_group: 100]
[max_cat_threshold: 32]
[cat_l2: 10]
[cat_smooth: 10]
[max_cat_to_onehot: 4]
[top_k: 20]
[monotone_constraints: ]
[monotone_constraints_method: basic]
[monotone_penalty: 0]
[feature_contri: ]
[forcedsplits_filename: ]
[refit_decay_rate: 0.9]
[cegb_tradeoff: 1]
[cegb_penalty_split: 0]
[cegb_penalty_feature_lazy: ]
[cegb_penalty_feature_coupled: ]
[path_smooth: 0]
[interaction_constraints: ]
[verbosity: -1]
[saved_feature_importance_type: 0]
[use_quantized_grad: 0]
[num_grad_quant_bins: 4]
[quant_train_renew_leaf: 0]
[stochastic_rounding: 1]
[linear_tree: 0]
[max_bin: 255]
[max_bin_by_feature: ]
[min_data_in_bin: 3]
[bin_construct_sample_cnt: 200000]
[data_random_seed: 175]
[is_enable_sparse: 1]
[enable_bundle: 1]
[use_missing: 1]
[zero_as_missing: 0]
[feature_pre_filter: 1]
[pre_partition: 0]
[two_round: 0]
[header: 0]
[label_column: ]
[weight_column: ]
[group_column: ]
[ignore_column: ]
[categorical_feature: ]
[forcedbins_filename: ]
[precise_float_parser: 0]
[parser_config_file: ]
[objective_seed: 16083]
[num_class: 1]
[is_unbalance: 0]
[scale_pos_weight: 1]
[sigmoid: 1]
[boost_from_average: 1]
[reg_sqrt: 0]
[alpha: 0.9]
[fair_c: 1]
[poisson_max_delta_step: 0.7]
[tweedie_variance_power: 1.5]
[lambdarank_truncation_level: 30]
[lambdarank_norm: 1]
[label_gain: ]
[lambdarank_position_bias_regularization: 0]
[eval_at: ]
[multi_error_top_k: 1]
[auc_mu_weights: ]
[num_machines: 1]
[local_listen_port: 12400]
[time_out: 120]
[machine_list_filename: ]
[machines: ]
[gpu_platform_id: -1]
[gpu_device_id: -1]
[gpu_device_id_list: ]
[gpu_use_dp: 0]
[num_gpu: 1]

end of parameters

pandas_categorical:[]
