tree
version=v4
num_class=1
num_tree_per_iteration=1
label_index=0
max_feature_idx=34
objective=regression
feature_names=Return Log_Return Ret_Lag_1 Ret_Lag_2 Ret_Lag_3 Ret_Lag_5 Ret_Lag_10 Daily_Range_Pct Close_to_MA_5 Close_to_MA_10 Close_to_MA_20 Close_to_MA_50 Close_to_EMA_10 Close_to_EMA_20 Rolling_Std_10 Rolling_Std_20 RSI_14 MACD_Pct Volume_to_MA_10 EIA_Crude_Inventory US_Rig_Count USD_Index US_10Y_Yield VIX CPI_Inflation OPEC_Production News_Volume Daily_Bullish Daily_Bearish Daily_NSS Sentiment_EMA_7d Sentiment_Spike Sentiment_EMA_30d Sentiment_EMA_60d Sentiment_x_Trend
feature_infos=[-0.99945265463878241:1000.0000228881836] [-7.5104305814334893:6.9087548021805389] [-0.99945265463878241:1000.0000228881836] [-0.99945265463878241:1000.0000228881836] [-0.99945265463878241:1000.0000228881836] [-0.99945265463878241:1000.0000228881836] [-0.99945265463878241:1000.0000228881836] [0.0083536294793647992:1784.0000381469724] [0.00063995902012410003:1.4797344852633123] [0.0005133997267981:1.4539841552591597] [0.00046727879981480001:1.5269670948329741] [0.00029838810814999999:1.5922540838875798] [0.00057339711350370005:1.3303027267290908] [0.00046582756044130001:1.3470234504852556] [0.0058608158131277996:316.27152822580433] [0.0074630450429006004:223.62115619093399] [13.331281508840434:83.896914726101471] [-89.405824856286031:0.075284306871814699] [0:2.7565734898736189] [394137:540722] [250:1077] [88.589996337890597:114.11000061035099] [0.52000000000000002:4.25] [9.1400003433227504:82.690002441406193] [0.19819999999999999:8.9794] [26.25830086301988:36.13391069951679] [0:2] [0.00023806446617779999:0.4745018482208252] [0.00065102029166490001:0.48785680532455439] [-0.48401349177584041:0.46379701048135757] [-0.40634679421782488:0.3638543627868181] [-0.63182064786255998:0.62840842175264955] [-0.40634679421782488:0.25139843384038518] [-0.40634679421782488:0.21275761978830729] [-0.19777102882399031:0.42854098044924721]
tree_sizes=1332 1455 1467 1458

Tree=0
num_leaves=14
num_cat=0
split_feature=15 20 22 20 11 24 20 22 15 20 30 28 21
split_gain=14.6714 3.94661 3.91724 2.68473 1.26711 1.14092 0.661967 0.654789 0.589727 0.484343 0.40924 0.231911 0.113749
threshold=0.18464176070000474 704.50000000000011 1.6650000000000003 829.00000000000011 0.94801345650914259 2.3860500000000004 1059.5000000000002 3.0450000000000004 0.013071359077714551 265.50000000000006 -0.03516755686069719 0.010930274008232902 92.165000915527315
decision_type=2 2 2 2 2 2 2 2 2 2 2 2 2
left_child=1 4 3 10 11 7 -7 -4 12 -10 -3 -1 -6
right_child=-2 2 5 -5 8 6 -8 -9 9 -11 -12 -13 -14
leaf_value=0.029939128711829376 0.045016277088428973 0.014959395143982515 0.021981181383751866 0.021400080538000108 0.021450128713966475 0.020046984530847096 0.015037474829850345 0.016809691556779596 0.020484932331787092 0.023350451701858364 0.0068856994034900698 0.025376553518954095 0.018289310780206101
leaf_weight=20 21 20 517 28 21 473 23 20 56 496 27 45 24
leaf_count=20 21 20 517 28 21 473 23 20 56 496 27 45 24
internal_value=0.0217176 0.0214022 0.0203072 0.0138171 0.0232286 0.0208028 0.0197699 0.0217568 0.0227744 0.0230492 0.00964968 0.0271253 0.019593
internal_weight=1791 1770 1108 75 662 1033 496 537 597 552 47 65 45
internal_count=1791 1770 1108 75 662 1033 496 537 597 552 47 65 45
is_linear=0
shrinkage=1


Tree=1
num_leaves=15
num_cat=0
split_feature=15 20 22 20 11 24 20 22 15 20 30 28 19 19
split_gain=13.9116 3.72439 3.71427 2.54236 1.20225 1.0745 0.628524 0.620829 0.557949 0.456685 0.383696 0.220409 0.124973 0.0023299
threshold=0.18464176070000474 704.50000000000011 1.6650000000000003 829.00000000000011 0.94801345650914259 2.3860500000000004 1059.5000000000002 3.0450000000000004 0.013071359077714551 265.50000000000006 -0.03516755686069719 0.010930274008232902 458994.50000000006 435229.50000000006
decision_type=2 2 2 2 2 2 2 2 2 2 2 2 2 2
left_child=1 4 3 10 11 7 -7 -4 12 -10 -3 -1 -6 -13
right_child=-2 2 5 -5 8 6 -8 -9 9 -11 -12 13 -14 -15
leaf_value=0.0080070429610331426 0.022687075987458227 -0.0065819150844345928 0.0002557084543507629 -0.00030892683382356358 -0.0034909189079816525 -0.001620824002787009 -0.0065028560551313262 -0.0047798871900076442 -0.0011975791261578767 0.0015841495004389071 -0.014431450659036636 0.0043728147643804548 -0.00022331698380410669 0.0022449719948120987
leaf_weight=20 21 20 517 28 23 473 23 20 56 496 27 22 22 23
leaf_count=20 21 20 517 28 23 473 23 20 56 496 27 22 22 23
internal_value=0 -0.000307457 -0.00137125 -0.00769108 0.00146667 -0.000888567 -0.00189095 3.70944e-05 0.00102414 0.00129159 -0.0117466 0.00526252 -0.00206973 0.00355603
internal_weight=1791 1770 1108 75 662 1033 496 537 597 552 47 65 45 45
internal_count=1791 1770 1108 75 662 1033 496 537 597 552 47 65 45 45
is_linear=0
shrinkage=0.03


Tree=2
num_leaves=15
num_cat=0
split_feature=15 20 25 28 25 11 34 21 15 25 20 20 28 25
split_gain=13.1911 3.51607 3.04036 1.88918 1.57712 1.14373 0.649003 0.704402 0.527974 0.492757 0.430614 0.322697 0.208103 0.105531
threshold=0.18464176070000474 704.50000000000011 33.067452310958096 0.015076588203235501 32.645809634444426 0.94801345650914259 -0.011368688764004599 97.145000457763658 0.013071359077714551 32.406870914317786 265.50000000000006 1049.0000000000002 0.010930274008232902 29.959612713391063
decision_type=2 2 2 2 2 2 2 2 2 2 2 2 2 2
left_child=1 5 3 4 -3 12 11 -8 13 -5 -10 -4 -1 -7
right_child=-2 2 6 9 -6 8 7 -9 10 -11 -12 -13 -14 -15
leaf_value=0.0077981635986057963 0.022091540202498434 -0.013505829401971661 -0.00091407294251458259 0.0011808674698516439 -0.0033371098504867401 -0.00046235654130578045 0.00057966720651384798 -0.0011936322630535037 -0.0011634785593645171 -0.0034086118367715524 0.0015369106687643057 -0.0042465293843881226 0.0034636366522172468 -0.0035149872873140413
leaf_weight=20 21 31 55 23 29 25 409 390 56 114 496 57 45 20
leaf_count=20 21 31 55 23 29 25 409 390 56 114 496 57 45 20
internal_value=0 -0.000299537 -0.00133319 -0.00468545 -0.00903152 0.0014242 -0.000591994 -0.000283385 0.000992471 -0.00260789 0.00125274 -0.00270268 0.00512665 -0.00201647
internal_weight=1791 1770 1108 197 60 662 911 799 597 137 552 112 65 45
internal_count=1791 1770 1108 197 60 662 911 799 597 137 552 112 65 45
is_linear=0
shrinkage=0.03


Tree=3
num_leaves=15
num_cat=0
split_feature=15 20 22 20 11 24 20 22 15 20 28 28 19 19
split_gain=12.5075 3.31614 3.35771 2.29624 1.08524 0.970014 0.593295 0.563138 0.499968 0.389005 0.19774 0.173301 0.133591 0.00434866
threshold=0.18464176070000474 704.50000000000011 1.6650000000000003 829.00000000000011 0.94801345650914259 2.3860500000000004 1059.5000000000002 3.0450000000000004 0.013315642822595451 265.50000000000006 0.010930274008232902 0.013554266490973502 458994.50000000006 435229.50000000006
decision_type=2 2 2 2 2 2 2 2 2 2 2 2 2 2
left_child=1 4 3 11 10 7 -7 -4 12 -10 -1 -3 -6 -12
right_child=-2 2 5 -5 8 6 -8 -9 9 -11 13 -13 -14 -15
leaf_value=0.0075947330563288663 0.021511637859046456 -0.013457369993472921 0.00025124659851062463 -0.00028429765909189177 -0.0032977355536487367 -0.0015266058904204679 -0.0062677021657045074 -0.0045444155455283495 -0.001109674880697735 0.0014965517699857891 0.004165932558774948 -0.0068612188212573534 -0.00013709100647347754 0.0020934743089601397
leaf_weight=20 21 26 517 28 24 473 23 20 54 493 22 21 26 23
leaf_count=20 21 26 517 28 24 473 23 20 54 493 22 21 26 23
internal_value=0 -0.000291575 -0.00129545 -0.00730444 0.00138238 -0.000836388 -0.00178883 4.28272e-05 0.000961706 0.00122916 0.00498908 -0.0111587 -0.00181159 0.00336622
internal_weight=1791 1770 1108 75 662 1033 496 537 597 547 65 47 50 45
internal_count=1791 1770 1108 75 662 1033 496 537 597 547 65 47 50 45
is_linear=0
shrinkage=0.03


end of trees

feature_importances:
US_Rig_Count=15
Rolling_Std_20=8
US_10Y_Yield=6
Daily_Bearish=6
Close_to_MA_50=4
EIA_Crude_Inventory=4
OPEC_Production=4
CPI_Inflation=3
USD_Index=2
Sentiment_EMA_7d=2
Sentiment_x_Trend=1

parameters:
[boosting: gbdt]
[objective: regression]
[metric: l2]
[tree_learner: serial]
[device_type: cpu]
[data_sample_strategy: bagging]
[data: ]
[valid: ]
[num_iterations: 200]
[learning_rate: 0.03]
[num_leaves: 31]
[num_threads: 20]
[seed: 42]
[deterministic: 0]
[force_col_wise: 0]
[force_row_wise: 0]
[histogram_pool_size: -1]
[max_depth: 5]
[min_data_in_leaf: 20]
[min_sum_hessian_in_leaf: 0.001]
[bagging_fraction: 0.8]
[pos_bagging_fraction: 1]
[neg_bagging_fraction: 1]
[bagging_freq: 0]
[bagging_seed: 400]
[bagging_by_query: 0]
[feature_fraction: 0.8]
[feature_fraction_bynode: 1]
[feature_fraction_seed: 30056]
[extra_trees: 0]
[extra_seed: 12879]
[early_stopping_round: 0]
[early_stopping_min_delta: 0]
[first_metric_only: 0]
[max_delta_step: 0]
[lambda_l1: 0.1]
[lambda_l2: 3]
[linear_lambda: 0]
[min_gain_to_split: 0]
[drop_rate: 0.1]
[max_drop: 50]
[skip_drop: 0.5]
[xgboost_dart_mode: 0]
[uniform_drop: 0]
[drop_seed: 17869]
[top_rate: 0.2]
[other_rate: 0.1]
[min_data_per_group: 100]
[max_cat_threshold: 32]
[cat_l2: 10]
[cat_smooth: 10]
[max_cat_to_onehot: 4]
[top_k: 20]
[monotone_constraints: ]
[monotone_constraints_method: basic]
[monotone_penalty: 0]
[feature_contri: ]
[forcedsplits_filename: ]
[refit_decay_rate: 0.9]
[cegb_tradeoff: 1]
[cegb_penalty_split: 0]
[cegb_penalty_feature_lazy: ]
[cegb_penalty_feature_coupled: ]
[path_smooth: 0]
[interaction_constraints: ]
[verbosity: -1]
[saved_feature_importance_type: 0]
[use_quantized_grad: 0]
[num_grad_quant_bins: 4]
[quant_train_renew_leaf: 0]
[stochastic_rounding: 1]
[linear_tree: 0]
[max_bin: 255]
[max_bin_by_feature: ]
[min_data_in_bin: 3]
[bin_construct_sample_cnt: 200000]
[data_random_seed: 175]
[is_enable_sparse: 1]
[enable_bundle: 1]
[use_missing: 1]
[zero_as_missing: 0]
[feature_pre_filter: 1]
[pre_partition: 0]
[two_round: 0]
[header: 0]
[label_column: ]
[weight_column: ]
[group_column: ]
[ignore_column: ]
[categorical_feature: ]
[forcedbins_filename: ]
[precise_float_parser: 0]
[parser_config_file: ]
[objective_seed: 16083]
[num_class: 1]
[is_unbalance: 0]
[scale_pos_weight: 1]
[sigmoid: 1]
[boost_from_average: 1]
[reg_sqrt: 0]
[alpha: 0.9]
[fair_c: 1]
[poisson_max_delta_step: 0.7]
[tweedie_variance_power: 1.5]
[lambdarank_truncation_level: 30]
[lambdarank_norm: 1]
[label_gain: ]
[lambdarank_position_bias_regularization: 0]
[eval_at: ]
[multi_error_top_k: 1]
[auc_mu_weights: ]
[num_machines: 1]
[local_listen_port: 12400]
[time_out: 120]
[machine_list_filename: ]
[machines: ]
[gpu_platform_id: -1]
[gpu_device_id: -1]
[gpu_device_id_list: ]
[gpu_use_dp: 0]
[num_gpu: 1]

end of parameters

pandas_categorical:[]
