tree
version=v4
num_class=1
num_tree_per_iteration=1
label_index=0
max_feature_idx=34
objective=regression
feature_names=Return Log_Return Ret_Lag_1 Ret_Lag_2 Ret_Lag_3 Ret_Lag_5 Ret_Lag_10 Daily_Range_Pct Close_to_MA_5 Close_to_MA_10 Close_to_MA_20 Close_to_MA_50 Close_to_EMA_10 Close_to_EMA_20 Rolling_Std_10 Rolling_Std_20 RSI_14 MACD_Pct Volume_to_MA_10 EIA_Crude_Inventory US_Rig_Count USD_Index US_10Y_Yield VIX CPI_Inflation OPEC_Production News_Volume Daily_Bullish Daily_Bearish Daily_NSS Sentiment_EMA_7d Sentiment_Spike Sentiment_EMA_30d Sentiment_EMA_60d Sentiment_x_Trend
feature_infos=[-0.99945265463878241:1000.0000228881836] [-7.5104305814334893:6.9087548021805389] [-0.99945265463878241:1000.0000228881836] [-0.99945265463878241:1000.0000228881836] [-0.99945265463878241:1000.0000228881836] [-0.99945265463878241:1000.0000228881836] [-0.99945265463878241:1000.0000228881836] [0.0083536294793647992:1784.0000381469724] [0.00063995902012410003:1.4797344852633123] [0.0005133997267981:1.4539841552591597] [0.00046727879981480001:1.5269670948329741] [0.00029838810814999999:1.5922540838875798] [0.00057339711350370005:1.3303027267290908] [0.00046582756044130001:1.3470234504852556] [0.0058608158131277996:316.27152822580433] [0.0074630450429006004:223.62115619093399] [13.331281508840434:83.896914726101471] [-89.405824856286031:0.075284306871814699] [0:2.7565734898736189] [394137:540722] [250:1077] [88.589996337890597:114.11000061035099] [0.52000000000000002:4.25] [9.1400003433227504:82.690002441406193] [0.19819999999999999:8.9794] [26.25830086301988:36.13391069951679] [0:2] [0.00023806446617779999:0.4745018482208252] [0.00065102029166490001:0.48785680532455439] [-0.48401349177584041:0.46379701048135757] [-0.40634679421782488:0.3638543627868181] [-0.63182064786255998:0.62840842175264955] [-0.40634679421782488:0.25139843384038518] [-0.40634679421782488:0.21275761978830729] [-0.19777102882399031:0.42854098044924721]
tree_sizes=1009 1039 946 944 1032 943 1043 949 1033 1041 1046 1038 1031 943 966 960 1027 1042 1027 957 958 1046 960 1044 1032 946 1036 959 1008 973 932 973 1046 1042 969 1052 1057 1052 965 1049 1052 1045 1059 952 1038 955 1051 880 879 963

Tree=0
num_leaves=10
num_cat=0
split_feature=15 23 20 24 22 22 17 11 33
split_gain=8.7443 1.35817 0.813961 0.569899 0.875663 0.208635 0.150729 0.166254 0.0920242
threshold=0.18464176070000474 39.389999389648409 723.50000000000011 2.3860500000000004 1.6050000000000002 2.9050000000000007 0.0048957090367557007 0.98513809703717792 -0.18499810366246008
decision_type=2 2 2 2 2 2 2 2 2
left_child=1 2 6 5 -5 -4 7 -1 -8
right_child=-2 -3 3 4 -6 -7 8 -9 -10
leaf_value=0.013029790112265453 0.029650866939474739 0.0056513407247664746 0.011837122828631868 0.0045349761974785947 0.010578292071460497 0.0096162645809917784 0.01198460455538458 0.011769853884192563 0.013614693532606786
leaf_weight=124 21 33 527 20 481 38 51 393 113
leaf_count=124 21 33 527 20 481 38 51 393 113
internal_value=0.0116632 0.0114211 0.0115419 0.0110235 0.0102901 0.0116725 0.0123482 0.012084 0.0131406
internal_weight=1801 1780 1747 1066 501 565 681 517 164
internal_count=1801 1780 1747 1066 501 565 681 517 164
is_linear=0
shrinkage=1


Tree=1
num_leaves=10
num_cat=0
split_feature=15 11 20 25 22 34 19 25 19
split_gain=8.29089 0.866654 0.808966 0.819739 0.717537 0.345497 0.14316 0.226058 0.201775
threshold=0.18464176070000474 0.74022571203754772 723.50000000000011 33.067452310958096 1.5650000000000002 -0.011368688764004599 425143.00000000006 32.645809634444426 452067.00000000006
decision_type=2 2 2 2 2 2 2 2 2
left_child=1 -1 6 4 -4 -5 7 -3 -8
right_child=-2 2 3 5 -6 -7 8 -9 -10
leaf_value=-0.0050547183715442022 0.017515486527234315 0.002041346888809816 -0.0074919019890949132 -0.0018432023397525366 -0.0017236608515992496 -7.9010374539427539e-05 -0.00079765042559851358 -0.00097545371724603084 0.00069739167926759422
leaf_weight=30 21 119 21 112 137 799 95 24 443
leaf_count=30 21 119 21 112 137 799 95 24 443
internal_value=0 -0.000235381 -0.000142543 -0.000658072 -0.00263427 -0.000304524 0.000661658 0.00150484 0.000424893
internal_weight=1801 1780 1750 1069 158 911 681 143 538
internal_count=1801 1780 1750 1069 158 911 681 143 538
is_linear=0
shrinkage=0.03


Tree=2
num_leaves=9
num_cat=0
split_feature=15 23 20 25 23 34 28 20
split_gain=7.86141 1.24295 0.750035 0.724649 0.383114 0.325566 0.108714 0.149348
threshold=0.18464176070000474 41.804998397827106 723.50000000000011 33.067452310958096 27.525000572204554 -0.011368688764004599 0.0025264767058621501 572.00000000000011
decision_type=2 2 2 2 2 2 2 2
left_child=1 2 6 4 -4 -5 -1 -8
right_child=-2 -3 3 5 -6 -7 7 -9
leaf_value=0.0024129974622159231 0.01705570479109883 -0.006619471795960433 -0.0017802606254978025 -0.0017893487834159043 -0.0060047074842452999 -7.6648937973226909e-05 0.00020098093556078253 0.0011519700660005943
leaf_weight=28 21 24 135 112 22 799 424 236
leaf_count=28 21 24 135 112 22 799 424 236
internal_value=0 -0.00022929 -0.000129107 -0.000627489 -0.00249246 -0.000295676 0.00063957 0.00054923
internal_weight=1801 1780 1756 1068 157 911 688 660
internal_count=1801 1780 1756 1068 157 911 688 660
is_linear=0
shrinkage=0.03


Tree=3
num_leaves=9
num_cat=0
split_feature=15 23 20 22 21 19 14 19
split_gain=7.45395 1.17755 0.707818 0.599458 0.337052 0.131623 0.23965 0.187679
threshold=0.18464176070000474 41.804998397827106 723.50000000000011 1.5350000000000004 96.655002593994126 425143.00000000006 0.037929738179465051 452067.00000000006
decision_type=2 2 2 2 2 2 2 2
left_child=1 2 5 -4 -5 6 -1 -7
right_child=-2 -3 3 4 -6 7 -8 -9
leaf_value=0.0020973191298668033 0.0166079921759665 -0.006442952536589777 -0.0052165003488957888 0.00015820549107354752 -0.00093377267617244109 -0.00078379170736773127 -0.0006973328506185984 0.00065589798189139156
leaf_weight=110 21 24 22 418 628 95 33 450
leaf_count=110 21 24 22 418 628 95 33 450
internal_value=0 -0.000223093 -0.000125535 -0.000609728 -0.000495335 0.000621134 0.00143077 0.000396551
internal_weight=1801 1780 1756 1068 1046 688 143 545
internal_count=1801 1780 1756 1068 1046 688 143 545
is_linear=0
shrinkage=0.03


Tree=4
num_leaves=10
num_cat=0
split_feature=15 23 20 25 23 17 19 25 19
split_gain=7.06756 1.11561 0.666613 0.66995 0.358085 0.18799 0.123836 0.206454 0.176877
threshold=0.18464176070000474 41.804998397827106 723.50000000000011 33.067452310958096 27.525000572204554 0.0053152633736901515 425143.00000000006 32.645809634444426 452067.00000000006
decision_type=2 2 2 2 2 2 2 2 2
left_child=1 2 6 4 -4 -5 7 -1 -8
right_child=-2 -3 3 5 -6 -7 8 -9 -10
leaf_value=0.0019019979232345844 0.016172032516449691 -0.0062711404798416583 -0.0016964293340342525 -6.4856107209285249e-05 -0.005780417438149452 -0.0011838774334194562 -0.00076099774320799929 -0.00097709112435889734 0.00063635135048133824
leaf_weight=119 21 24 135 747 22 164 95 24 450
leaf_count=119 21 24 135 747 22 164 95 24 450
internal_value=0 -0.000217014 -0.00012201 -0.00059194 -0.00238511 -0.000272811 0.000602535 0.0013881 0.00038447
internal_weight=1801 1780 1756 1068 157 911 688 143 545
internal_count=1801 1780 1756 1068 157 911 688 143 545
is_linear=0
shrinkage=0.03


Tree=5
num_leaves=9
num_cat=0
split_feature=15 23 21 22 33 24 24 24
split_gain=6.70147 1.05908 0.532612 0.490699 0.441289 0.498546 0.266058 0.233182
threshold=0.18464176070000474 39.389999389648409 96.624999999999957 3.0550000000000002 -0.015576362022444347 2.1386000000000007 8.3472000000000026 7.148600000000001
decision_type=2 2 2 2 2 2 2 2
left_child=1 2 3 7 6 -6 -4 -1
right_child=-2 -3 4 -5 5 -7 -8 -9
leaf_value=0.00043372767330932032 0.015747516948729754 -0.0053065733585196239 7.2184267585572758e-05 -0.0027313415236172398 -0.00030962533105146673 -0.0028306962036206548 -0.0019039123933205543 0.0023526493491981887
leaf_weight=764 21 33 531 39 145 142 66 60
leaf_count=764 21 33 531 39 145 142 66 60
internal_value=0 -0.000211422 -0.000104531 0.000422829 -0.000622434 -0.00158371 -0.000149706 0.00058511
internal_weight=1801 1780 1747 863 884 287 597 824
internal_count=1801 1780 1747 863 884 287 597 824
is_linear=0
shrinkage=0.03


Tree=6
num_leaves=10
num_cat=0
split_feature=15 23 20 25 22 34 17 11 33
split_gain=6.35407 1.00867 0.603455 0.612553 0.561711 0.297796 0.113636 0.162792 0.067228
threshold=0.18464176070000474 41.804998397827106 723.50000000000011 33.067452310958096 1.5650000000000002 -0.011368688764004599 0.0048957090367557007 0.98513809703717792 -0.18499810366246008
decision_type=2 2 2 2 2 2 2 2 2
left_child=1 2 6 4 -4 -5 7 -1 -8
right_child=-2 -3 3 5 -6 -7 8 -9 -10
leaf_value=0.0012723755328661356 0.015334144618362189 -0.0059624013119480681 -0.0066830598841542783 -0.0016852845377810098 -0.0014830548982267958 -4.762774633290565e-05 0.00024859901293206754 3.2133372932752705e-05 0.0016414509246487571
leaf_weight=125 21 24 20 112 137 799 51 394 118
leaf_count=125 21 24 20 112 137 799 51 394 118
internal_value=0 -0.000205646 -0.000115226 -0.000562412 -0.00227711 -0.000257117 0.000574039 0.000342186 0.00125023
internal_weight=1801 1780 1756 1068 157 911 688 519 169
internal_count=1801 1780 1756 1068 157 911 688 519 169
is_linear=0
shrinkage=0.03


Tree=7
num_leaves=9
num_cat=0
split_feature=15 23 20 22 24 17 23 33
split_gain=6.02476 0.957194 0.588532 0.525902 0.299982 0.130609 0.156527 0.0788396
threshold=0.18464176070000474 40.815000534057553 723.50000000000011 1.5350000000000004 2.3860500000000004 0.0048957090367557007 27.574999809265105 -0.18499810366246008
decision_type=2 2 2 2 2 2 2 2
left_child=1 2 5 -4 -5 6 -1 -7
right_child=-2 -3 3 4 -6 7 -8 -9
leaf_value=7.4529020041176933e-05 0.014931623285636304 -0.0054277077719959762 -0.0048613475333154207 3.3867137587265616e-05 -0.00097732392173320061 0.00024155540285412117 0.0014147541509770161 0.0017467680686983303
leaf_weight=424 21 28 22 555 491 51 95 114
leaf_count=424 21 28 22 555 491 51 95 114
internal_value=0 -0.000200116 -0.000105725 -0.000546624 -0.000439371 0.000577708 0.000332318 0.001312
internal_weight=1801 1780 1752 1068 1046 684 519 165
internal_count=1801 1780 1752 1068 1046 684 519 165
is_linear=0
shrinkage=0.03


Tree=8
num_leaves=10
num_cat=0
split_feature=15 23 21 22 33 24 24 24 11
split_gain=5.71222 0.908765 0.502066 0.506956 0.458234 0.448152 0.242981 0.212092 0.00890653
threshold=0.18464176070000474 41.804998397827106 96.764999389648423 3.0550000000000002 -0.015576362022444347 2.1386000000000007 8.3472000000000026 7.148600000000001 1.0322274523660844
decision_type=2 2 2 2 2 2 2 2 2
left_child=1 2 3 7 6 -6 -4 -1 -5
right_child=-2 -3 4 8 5 -7 -8 -9 -10
leaf_value=0.00041353107597134306 0.014539667937904597 -0.0056586652638183702 8.4609486707585288e-05 -0.0033279792408530524 -0.00038757225174049378 -0.0028002930234562462 -0.0018074286478703193 0.002228722570842365 -0.0014511912691852319
leaf_weight=789 21 24 514 23 143 140 66 61 20
leaf_count=789 21 24 514 23 143 140 66 61 20
internal_value=0 -0.000194353 -0.000108441 0.000387556 -0.000624708 -0.00160849 -0.000133738 0.000554695 -0.00267184
internal_weight=1801 1780 1756 893 863 283 580 850 43
internal_count=1801 1780 1756 893 863 283 580 850 43
is_linear=0
shrinkage=0.03


Tree=9
num_leaves=10
num_cat=0
split_feature=14 23 20 25 22 34 17 11 22
split_gain=4.18711 1.02804 0.582929 0.548586 0.515447 0.270836 0.183846 0.144475 0.115904
threshold=0.12514542862298914 40.815000534057553 723.50000000000011 33.067452310958096 1.5650000000000002 -0.011368688764004599 0.0060585758712656508 0.98513809703717792 0.76500000000000012
decision_type=2 2 2 2 2 2 2 2 2
left_child=1 2 6 4 -4 -5 7 -1 -8
right_child=-2 -3 3 5 -6 -7 8 -9 -10
leaf_value=0.0012221012537174136 0.012448427573079244 -0.0062086028813570738 -0.0063608579130276389 -0.0015912545395387417 -0.0013806715774981836 -2.9644026579666287e-05 0.0036369058792175639 7.4507414230508994e-05 0.0011229831769131123
leaf_weight=128 21 22 20 112 137 799 20 430 112
leaf_count=128 21 22 20 112 137 799 20 430 112
internal_value=0 -0.000166253 -7.84859e-05 -0.000518546 -0.00214121 -0.000229506 0.000597617 0.00034823 0.00159846
internal_weight=1801 1780 1758 1068 157 911 690 558 132
internal_count=1801 1780 1758 1068 157 911 690 558 132
is_linear=0
shrinkage=0.03


Tree=10
num_leaves=10
num_cat=0
split_feature=15 23 20 25 22 22 29 33 15
split_gain=5.21856 0.848788 0.486005 0.518672 0.489583 0.224624 0.104964 0.300739 0.110707
threshold=0.18464176070000474 41.804998397827106 723.50000000000011 33.067452310958096 1.5650000000000002 3.0050000000000003 -0.00068315839684149988 -0.071892646527903378 0.013047101664398953
decision_type=2 2 2 2 2 2 2 2 2
left_child=1 2 6 4 -4 -5 7 -1 -8
right_child=-2 -3 3 5 -6 -7 8 -9 -10
leaf_value=0.0006640122435874272 0.013897317081689835 -0.0054665848212834033 -0.0061949226247227712 5.3312345889642517e-05 -0.0013401389927937999 -0.0010116835718843504 -0.00049663785888775678 -0.0011719700838206336 0.0012483963701285939
leaf_weight=332 21 24 20 674 137 237 34 102 220
leaf_count=332 21 24 20 674 137 237 34 102 220
internal_value=0 -0.000185647 -0.000102564 -0.000504028 -0.00208189 -0.000222879 0.00051578 0.000220566 0.00100007
internal_weight=1801 1780 1756 1068 157 911 688 434 254
internal_count=1801 1780 1756 1068 157 911 688 434 254
is_linear=0
shrinkage=0.03


Tree=11
num_leaves=10
num_cat=0
split_feature=15 23 20 25 22 34 19 14 19
split_gain=4.94825 0.804049 0.457951 0.490539 0.465006 0.251784 0.1063 0.191229 0.169784
threshold=0.18464176070000474 41.804998397827106 723.50000000000011 33.067452310958096 1.5650000000000002 -0.011368688764004599 425143.00000000006 0.037929738179465051 452067.00000000006
decision_type=2 2 2 2 2 2 2 2 2
left_child=1 2 6 4 -4 -5 7 -1 -8
right_child=-2 -3 3 5 -6 -7 8 -9 -10
leaf_value=0.0018239139200618853 0.01353251214325428 -0.0053208092968497012 -0.0060333158386790238 -0.0015290947296449145 -0.001300796333591487 -2.3379826888632484e-05 -0.00082432329340372229 -0.00066595384626028445 0.00054591522488242129
leaf_weight=110 21 24 20 112 137 799 95 33 450
leaf_count=110 21 24 20 112 137 799 95 33 450
internal_value=0 -0.000180871 -9.99604e-05 -0.000489705 -0.00202424 -0.000216189 0.000500208 0.0012269 0.000298387
internal_weight=1801 1780 1756 1068 157 911 688 143 545
internal_count=1801 1780 1756 1068 157 911 688 143 545
is_linear=0
shrinkage=0.03


Tree=12
num_leaves=10
num_cat=0
split_feature=15 23 20 24 22 22 11 17 15
split_gain=4.69201 0.764083 0.412638 0.390504 0.600457 0.150345 0.11197 0.126814 0.0015435
threshold=0.18464176070000474 39.389999389648409 723.50000000000011 2.3860500000000004 1.6050000000000002 2.8850000000000002 0.95200260258841796 0.0048957090367557007 0.023736796085923457
decision_type=2 2 2 2 2 2 2 2 2
left_child=1 2 6 5 -5 -4 8 -8 -1
right_child=-2 -3 3 4 -6 -7 7 -9 -10
leaf_value=0.00096278932214611103 0.013177284204401075 -0.00450426040419067 0.00023515074579620566 -0.0058284131882145353 -0.00082304175290681247 -0.001499750652165171 0.00010249492378344684 0.0010890901627869385 0.00209756183057713
leaf_weight=24 21 33 519 20 481 46 466 158 33
leaf_count=24 21 33 519 20 481 46 466 158 33
internal_value=0 -0.000176319 -8.52706e-05 -0.000454766 -0.00106231 8.14453e-05 0.000488189 0.000361106 0.00174179
internal_weight=1801 1780 1747 1066 501 565 681 624 57
internal_count=1801 1780 1747 1066 501 565 681 624 57
is_linear=0
shrinkage=0.03


Tree=13
num_leaves=9
num_cat=0
split_feature=14 23 24 21 25 24 21 33
split_gain=3.55775 0.866756 0.436813 0.360927 0.63806 0.272107 0.194788 0.176201
threshold=0.12514542862298914 40.815000534057553 1.7358000000000002 96.764999389648423 32.642781253027472 7.148600000000001 98.985000610351562 -0.0021052802162126994
decision_type=2 2 2 2 2 2 2 2
left_child=1 2 6 5 -5 -4 7 -1
right_child=-2 -3 3 4 -6 -7 -8 -9
leaf_value=6.5487168530520609e-06 0.011474959884770215 -0.005701388174593449 -2.8743264135586726e-06 -0.0048014935279600598 -0.00057233517447282864 0.002056260613106133 0.0029735539424632276 0.0013689256531430874
leaf_weight=209 21 22 563 31 715 61 32 147
leaf_count=209 21 22 563 31 715 61 32 147
internal_value=0 -0.000153083 -7.23521e-05 -0.00032572 -0.000770611 0.00020251 0.000810234 0.000584198
internal_weight=1801 1780 1758 1370 746 624 388 356
internal_count=1801 1780 1758 1370 746 624 388 356
is_linear=0
shrinkage=0.03


Tree=14
num_leaves=9
num_cat=0
split_feature=14 11 20 22 24 32 29 24
split_gain=3.37319 0.499989 0.432973 0.486504 0.224748 0.126073 0.266914 0.13878
threshold=0.12514542862298914 0.74022571203754772 723.50000000000011 1.5350000000000004 2.3860500000000004 -0.17519124013293583 -0.00068315839684149988 8.5174000000000021
decision_type=2 2 2 2 2 2 2 2
left_child=1 -1 5 -4 -5 7 -7 -3
right_child=-2 2 3 4 -6 6 -8 -9
leaf_value=-0.0042024907386706513 0.011173742115031927 0.0013734366985442377 -0.0045285404727149472 5.0786844230598398e-05 -0.00082397718230708874 -0.0004993329507701267 0.00091382208990823733 -0.0009326923728311577
leaf_weight=24 21 191 23 555 491 232 241 23
leaf_count=24 21 191 23 555 491 232 241 23
internal_value=4.48469e-08 -0.000148676 -8.44921e-05 -0.000463104 -0.000358156 0.000499748 0.000215608 0.00110229
internal_weight=1801 1780 1756 1069 1046 687 473 214
internal_count=1801 1780 1756 1069 1046 687 473 214
is_linear=0
shrinkage=0.03


Tree=15
num_leaves=9
num_cat=0
split_feature=15 23 21 22 33 24 16 11
split_gain=4.13698 0.714884 0.388601 0.375047 0.364777 0.402714 0.225785 0.182894
threshold=0.18464176070000474 41.804998397827106 96.624999999999957 3.0550000000000002 -0.015576362022444347 2.1386000000000007 39.164045561486084 0.98513809703717792
decision_type=2 2 2 2 2 2 2 2
left_child=1 2 3 7 6 -6 -4 -1
right_child=-2 -3 4 -5 5 -7 -8 -9
leaf_value=0.0014033621575185282 0.012374114423990249 -0.0050113591025066047 0.0012082947471821115 -0.0023937700358967829 -0.00026657010080616955 -0.0025072109922183866 -0.00035639213612593276 0.00027498398067397938
leaf_weight=162 21 24 96 39 150 144 502 663
leaf_count=162 21 24 96 39 150 144 502 663
internal_value=6.96818e-08 -0.000164808 -8.84288e-05 0.000362348 -0.000528159 -0.00138837 -9.54357e-05 0.000504461
internal_weight=1801 1780 1756 864 892 294 598 825
internal_count=1801 1780 1756 864 892 294 598 825
is_linear=0
shrinkage=0.03


Tree=16
num_leaves=10
num_cat=0
split_feature=14 23 20 25 23 34 23 17 30
split_gain=3.085 0.757834 0.399452 0.418818 0.293506 0.223999 0.158638 0.130182 0.0710263
threshold=0.12514542862298914 40.815000534057553 723.50000000000011 33.067452310958096 27.525000572204554 -0.011368688764004599 27.355000495910605 0.0035595763185867 -0.2856582522879057
decision_type=2 2 2 2 2 2 2 2 2
left_child=1 2 6 4 -4 -5 7 -1 -8
right_child=-2 -3 3 5 -6 -7 8 -9 -10
leaf_value=-6.403573388950561e-05 0.010686002475165879 -0.0053300094719231136 -0.0012333989421626345 -0.001415923603642327 -0.0049032333116233355 0 0.0028855461147096421 0.00089476116879231237 0.00099575026223704447
leaf_weight=367 21 22 135 112 22 799 24 188 111
leaf_count=367 21 22 135 112 22 799 24 188 111
internal_value=2.03564e-07 -0.00014195 -6.63524e-05 -0.000430885 -0.00184869 -0.000177996 0.000492975 0.000258434 0.00140888
internal_weight=1801 1780 1758 1068 157 911 690 555 135
internal_count=1801 1780 1758 1068 157 911 690 555 135
is_linear=0
shrinkage=0.03


Tree=17
num_leaves=10
num_cat=0
split_feature=15 23 21 22 33 24 16 11 10
split_gain=3.77927 0.668036 0.356685 0.395498 0.34513 0.329953 0.227428 0.160547 0.0146631
threshold=0.18464176070000474 41.804998397827106 96.764999389648423 3.0550000000000002 -0.015576362022444347 2.1386000000000007 39.164045561486084 0.99229457000883825 1.010325734866907
decision_type=2 2 2 2 2 2 2 2 2
left_child=1 2 3 7 6 -6 -4 -1 -5
right_child=-2 -3 4 8 5 -7 -8 -9 -10
leaf_value=0.0012135677798313723 0.011827289885375649 -0.004842362580406997 0.0012534868065688877 -0.0030325455364699546 -0.00032176222564008291 -0.0023954962959490274 -0.00035482971810415619 0.00024227394945953092 -0.0011748133715616701
leaf_weight=204 21 24 91 23 143 140 489 646 20
leaf_count=204 21 24 91 23 143 140 489 646 20
internal_value=2.25545e-07 -0.00015729 -8.34021e-05 0.00033435 -0.000518801 -0.00137249 -9.21929e-05 0.00048235 -0.00236667
internal_weight=1801 1780 1756 893 863 283 580 850 43
internal_count=1801 1780 1756 893 863 283 580 850 43
is_linear=0
shrinkage=0.03


Tree=18
num_leaves=10
num_cat=0
split_feature=15 23 20 25 22 34 23 17 20
split_gain=3.58346 0.632853 0.327132 0.388683 0.38275 0.204559 0.0990316 0.123788 0.0264224
threshold=0.18464176070000474 41.804998397827106 723.50000000000011 33.067452310958096 1.5650000000000002 -0.011368688764004599 27.574999809265105 0.0047982760109592003 295.50000000000006
decision_type=2 2 2 2 2 2 2 2 2
left_child=1 2 6 4 -4 -5 7 -1 -8
right_child=-2 -3 3 5 -6 -7 8 -9 -10
leaf_value=-8.2118595561841572e-06 0.011516823808895424 -0.004713232824682361 -0.0054133478312388718 -0.0013501140324201476 -0.0011197313599770756 0 0.000490564759601565 0.00099897955714550344 0.0015474353372905171
leaf_weight=420 21 24 20 112 137 799 48 143 77
leaf_count=420 21 24 20 112 137 799 48 143 77
internal_value=1.89593e-07 -0.000153147 -8.1185e-05 -0.000410827 -0.00177668 -0.000167096 0.000425747 0.00024625 0.00118604
internal_weight=1801 1780 1756 1068 157 911 688 563 125
internal_count=1801 1780 1756 1068 157 911 688 563 125
is_linear=0
shrinkage=0.03


Tree=19
num_leaves=9
num_cat=0
split_feature=34 23 24 21 25 22 21 33
split_gain=2.46003 0.814192 0.365356 0.261868 0.398426 0.330605 0.202825 0.169161
threshold=0.066905283188203712 39.389999389648409 1.7358000000000002 96.764999389648423 32.642781253027472 3.0550000000000002 98.985000610351562 -0.0021052802162126994
decision_type=2 2 2 2 2 2 2 2
left_child=1 2 6 5 -5 -4 7 -1
right_child=-2 -3 3 4 -6 -7 -8 -9
leaf_value=-2.6862381398843343e-05 0.008989407692738394 -0.0053055360640088716 0.00036103571885170597 -0.0039588215988405869 -0.00051216471407613867 -0.0022768029486153114 0.002827246455601058 0.00128612488629674
leaf_weight=208 24 24 579 29 713 43 36 145
leaf_count=208 24 24 579 29 713 43 36 145
internal_value=2.23555e-07 -0.000134444 -5.29962e-05 -0.00028603 -0.000666298 0.000163824 0.000752401 0.000510333
internal_weight=1801 1777 1753 1364 742 622 389 353
internal_count=1801 1777 1753 1364 742 622 389 353
is_linear=0
shrinkage=0.03


Tree=20
num_leaves=9
num_cat=0
split_feature=15 14 20 22 21 11 19 15
split_gain=3.30673 0.475671 0.322257 0.511114 0.196276 0.122977 0.110219 0.00639086
threshold=0.18464176070000474 0.092806805719929913 723.50000000000011 1.5050000000000001 96.655002593994126 0.95200260258841796 425143.00000000006 0.023736796085923457
decision_type=2 2 2 2 2 2 2 2
left_child=1 2 5 -4 -5 7 -7 -1
right_child=-2 -3 3 4 -6 6 -8 -9
leaf_value=0.00087636253160114092 0.0110632648372557 -0.0041011673461438872 -0.0046588054436445233 0.00019344553072987161 -0.00063794184589697003 0.0010326255633795103 6.8999883434211237e-05 0.0021135449247887809
leaf_weight=24 21 24 22 418 633 137 488 34
leaf_count=24 21 24 22 418 633 137 488 34
internal_value=1.86102e-07 -0.000147046 -8.43952e-05 -0.000409629 -0.00030483 0.000421734 0.000288928 0.00171906
internal_weight=1801 1780 1756 1073 1051 683 625 58
internal_count=1801 1780 1756 1073 1051 683 625 58
is_linear=0
shrinkage=0.03


Tree=21
num_leaves=10
num_cat=0
split_feature=14 23 24 21 25 22 20 14 17
split_gain=2.52353 0.611563 0.323368 0.252664 0.4983 0.314405 0.164696 0.170187 0.0983422
threshold=0.12514542862298914 40.815000534057553 1.7358000000000002 96.764999389648423 32.642781253027472 3.0550000000000002 295.50000000000006 0.024264599715283105 -0.0020588854014536996
decision_type=2 2 2 2 2 2 2 2 2
left_child=1 2 6 5 -5 -4 8 -8 -1
right_child=-2 -3 3 4 -6 -7 7 -9 -10
leaf_value=0.00050530248998984461 0.0096653233789838859 -0.0047885587447509164 0.0003551339382259494 -0.0042127888920333459 -0.00047471757830963097 -0.0022167516996901802 0.00061508848616337807 0.0023415473904020178 -0.0012373203561336806
leaf_weight=61 21 22 581 31 715 43 207 71 49
leaf_count=61 21 22 581 31 715 43 207 71 49
internal_value=5.77151e-07 -0.000127833 -5.97459e-05 -0.000277971 -0.00065031 0.000163361 0.00069934 0.00108699 -0.000256649
internal_weight=1801 1780 1758 1370 746 624 388 278 110
internal_count=1801 1780 1758 1370 746 624 388 278 110
is_linear=0
shrinkage=0.03


Tree=22
num_leaves=9
num_cat=0
split_feature=15 14 20 22 10 20 20 25
split_gain=3.02051 0.445876 0.292518 0.467289 0.207398 0.100896 0.400868 0.114853
threshold=0.18464176070000474 0.092806805719929913 723.50000000000011 1.5050000000000001 0.90574563389512164 562.50000000000011 540.50000000000011 32.642781253027472
decision_type=2 2 2 2 2 2 2 2
left_child=1 2 5 -4 -5 6 -1 -7
right_child=-2 -3 3 4 -6 7 -8 -9
leaf_value=0.00043309237097252027 0.010574067735113204 -0.0039683894935684891 -0.0044525405819714065 0.0016492388800549459 -0.00038131078298936718 0.0019613819290020995 -0.0025192547113351196 0.00045665378059493375
leaf_weight=402 21 24 22 44 1007 65 43 173
leaf_count=402 21 24 22 44 1007 65 43 173
internal_value=5.37506e-07 -0.000140105 -7.93982e-05 -0.000389334 -0.000289003 0.000402714 0.000126153 0.000899357
internal_weight=1801 1780 1756 1073 1051 683 445 238
internal_count=1801 1780 1756 1073 1051 683 445 238
is_linear=0
shrinkage=0.03


Tree=23
num_leaves=10
num_cat=0
split_feature=15 23 21 22 33 22 16 11 9
split_gain=2.86389 0.536979 0.270252 0.323036 0.29483 0.260595 0.216727 0.148444 0.017067
threshold=0.18464176070000474 41.804998397827106 96.764999389648423 3.0550000000000002 -0.015576362022444347 1.5350000000000004 39.164045561486084 0.99229457000883825 0.98421316753277022
decision_type=2 2 2 2 2 2 2 2 2
left_child=1 2 3 7 6 -6 -4 -1 -5
right_child=-2 -3 4 8 5 -7 -8 -9 -10
leaf_value=0.0011302387580052827 0.01029649815340963 -0.0043367035527610114 0.0012594031083863228 -0.0028062694407999514 -0.0043546902412832109 -0.00094302235168091525 -0.00031135637153801795 0.00019698015428106956 -0.00099034372081413199
leaf_weight=204 21 24 91 23 20 263 489 646 20
leaf_count=204 21 24 91 23 20 263 489 646 20
internal_value=7.08608e-07 -0.000136196 -6.97821e-05 0.000293592 -0.000448967 -0.00123777 -5.45514e-05 0.000427667 -0.00214654
internal_weight=1801 1780 1756 893 863 283 580 850 43
internal_count=1801 1780 1756 893 863 283 580 850 43
is_linear=0
shrinkage=0.03


Tree=24
num_leaves=10
num_cat=0
split_feature=34 23 24 32 25 24 20 25 17
split_gain=2.12607 0.655364 0.294308 0.239412 0.236924 0.176997 0.17539 0.166481 0.0842592
threshold=0.066905283188203712 39.389999389648409 1.7358000000000002 -0.011388305459290997 34.091082200066786 8.3472000000000026 295.50000000000006 35.205425000000005 -0.0020588854014536996
decision_type=2 2 2 2 2 2 2 2 2
left_child=1 2 6 5 -5 -4 8 -8 -1
right_child=-2 -3 3 4 -6 -7 7 -9 -10
leaf_value=0.0003921738364283116 0.0083573701145748299 -0.0047641754663652848 0.00014323114649964964 -0.0016335182906449992 -0.00024219473588914532 -0.0014927925140073056 0.0015484331198341596 0 -0.0012270571062511478
leaf_weight=59 24 24 835 186 282 61 194 87 49
leaf_count=59 24 24 835 186 282 61 194 87 49
internal_value=4.94811e-07 -0.000124582 -5.13232e-05 -0.000260623 -0.000808409 2.39032e-05 0.000671296 0.00106563 -0.000328758
internal_weight=1801 1777 1753 1364 468 896 389 281 108
internal_count=1801 1777 1753 1364 468 896 389 281 108
is_linear=0
shrinkage=0.03


Tree=25
num_leaves=9
num_cat=0
split_feature=15 23 20 22 10 23 29 20
split_gain=2.64793 0.510104 0.247674 0.280367 0.181101 0.0996457 0.115724 0.0267884
threshold=0.18464176070000474 41.804998397827106 723.50000000000011 1.5350000000000004 0.90574563389512164 27.574999809265105 -0.00097826422942449975 265.50000000000006
decision_type=2 2 2 2 2 2 2 2
left_child=1 2 5 -4 -5 6 -1 -7
right_child=-2 -3 3 4 -6 7 -8 -9
leaf_value=-0.00015905289489567186 0.0099004570797551414 -0.0042252288265671161 -0.0035048478859663009 0.0015561379124790066 -0.00036034039562548627 0 0.00070487185897403289 0.0013233407329017711
leaf_weight=330 21 24 22 43 1003 20 233 105
leaf_count=330 21 24 22 43 1003 20 233 105
internal_value=3.94214e-07 -0.000131183 -6.6412e-05 -0.000353447 -0.000274471 0.000374418 0.000195027 0.00113545
internal_weight=1801 1780 1756 1068 1046 688 563 125
internal_count=1801 1780 1756 1068 1046 688 563 125
is_linear=0
shrinkage=0.03


Tree=26
num_leaves=10
num_cat=0
split_feature=15 23 24 34 28 10 20 25 17
split_gain=2.51059 0.48331 0.240799 0.237631 0.404313 0.27665 0.135048 0.131288 0.088173
threshold=0.18464176070000474 41.804998397827106 1.7358000000000002 -0.011683264957627698 0.045771443008314955 0.94150212063671601 295.50000000000006 35.205425000000005 -0.0020588854014536996
decision_type=2 2 2 2 2 2 2 2 2
left_child=1 2 6 4 -4 -5 8 -8 -1
right_child=-2 -3 3 5 -6 -7 7 -9 -10
leaf_value=0.00044944710603704151 0.0096405700775794682 -0.0041125561520457266 -0.0035537591801583766 0.0012104815415689679 -0.00040324909216461459 -0.00025047935611339557 0.0013843190403313201 0 -0.001198478879913007
leaf_weight=61 21 24 47 128 152 1043 189 87 49
leaf_count=61 21 24 47 128 152 1043 189 87 49
internal_value=6.33872e-07 -0.000127443 -6.43497e-05 -0.000252454 -0.00120392 -8.55437e-05 0.000592362 0.000946183 -0.00027041
internal_weight=1801 1780 1756 1370 199 1171 386 276 110
internal_count=1801 1780 1756 1370 199 1171 386 276 110
is_linear=0
shrinkage=0.03


Tree=27
num_leaves=9
num_cat=0
split_feature=15 15 20 22 17 11 19 19
split_gain=2.38048 0.312489 0.244806 0.661838 0.195137 0.13549 0.113998 0.0149917
threshold=0.18464176070000474 0.10530258806575717 723.50000000000011 1.4650000000000001 0.0053152633736901515 0.95200260258841796 425143.00000000006 484399.50000000006
decision_type=2 2 2 2 2 2 2 2
left_child=1 2 5 -4 -5 7 -7 -1
right_child=-2 -3 3 4 -6 6 -8 -9
leaf_value=0.0010185415180256733 0.0093875050505157556 -0.0035270032178668768 -0.0052908487275708472 -5.3430491123905997e-05 -0.0011373121855532305 0.00098070103685022323 2.315389994987013e-06 0.0024406158750358512
leaf_weight=36 21 21 21 879 179 137 484 23
leaf_count=36 21 21 21 879 179 137 484 23
internal_value=6.43035e-07 -0.000124027 -7.57616e-05 -0.000357761 -0.000242334 0.000366918 0.000226644 0.00171257
internal_weight=1801 1780 1759 1079 1058 680 621 59
internal_count=1801 1780 1759 1079 1058 680 621 59
is_linear=0
shrinkage=0.03


Tree=28
num_leaves=10
num_cat=0
split_feature=34 23 24 20 21 11 20 25 17
split_gain=1.91174 0.561306 0.242644 0.219951 0.239334 0.165639 0.153174 0.137777 0.07352
threshold=0.066905283188203712 39.389999389648409 1.7358000000000002 1059.5000000000002 96.795001983642564 0.83310481727670549 295.50000000000006 35.205425000000005 -0.0020588854014536996
decision_type=2 2 2 2 2 2 2 2 2
left_child=1 2 6 4 -4 -5 8 -8 -1
right_child=-2 -3 3 5 -6 -7 7 -9 -10
leaf_value=0.00034402135809162451 0.0079253529216318092 -0.0044116256609559052 0.00029003662485319173 0 -0.00052340923805054408 -0.0030689070144934317 0.0014142231072818028 0 -0.0011660709628217422
leaf_weight=59 24 24 591 23 711 39 194 87 49
leaf_count=59 24 24 591 23 711 39 194 87 49
internal_value=8.14379e-07 -0.000117705 -4.97731e-05 -0.000239948 -0.000152056 -0.00194734 0.000606143 0.000975051 -0.000327084
internal_weight=1801 1777 1753 1364 1302 62 389 281 108
internal_count=1801 1777 1753 1364 1302 62 389 281 108
is_linear=0
shrinkage=0.03


Tree=29
num_leaves=9
num_cat=0
split_feature=15 14 27 34 28 21 24 32
split_gain=2.19888 0.349833 0.229146 0.313459 0.320498 0.277102 0.10496 0.0762438
threshold=0.18464176070000474 0.092806805719929913 0.0042754907722550506 -0.01061111056401925 0.0044824620562859503 96.795001983642564 8.5174000000000021 0.00079812244056070008
decision_type=2 2 2 2 2 2 2 2
left_child=1 2 6 4 -4 -5 7 -1
right_child=-2 -3 3 5 -6 -7 -8 -9
leaf_value=0.00091249100518945745 0.0090225705525954266 -0.0035100458483211692 -0.004312134028039873 0.00036219680405467496 -0.0007928552845816141 -0.00052553380017628863 -0.0011047441704597856 -0.0008424072084219559
leaf_weight=295 21 24 27 639 131 619 25 20
leaf_count=295 21 24 27 639 131 619 25 20
internal_value=7.90614e-07 -0.000118965 -6.50052e-05 -0.000234643 -0.00148203 -7.24438e-05 0.000628613 0.000784739
internal_weight=1801 1780 1756 1416 158 1258 340 315
internal_count=1801 1780 1756 1416 158 1258 340 315
is_linear=0
shrinkage=0.03


Tree=30
num_leaves=9
num_cat=0
split_feature=15 23 10 21 33 22 28 19
split_gain=2.08505 0.413626 0.218498 0.263955 0.335635 0.261875 0.0833829 0.0416555
threshold=0.18464176070000474 41.804998397827106 0.90920598357011273 96.764999389648423 -0.015576362022444347 3.0550000000000002 0.0058125068820297004 441385.00000000006
decision_type=2 2 2 2 2 2 2 2
left_child=1 2 6 5 -5 -4 -1 -8
right_child=-2 -3 3 4 -6 -7 7 -9
leaf_value=0 0.0087857284226338372 -0.0038027662608979473 0.00035192782320195092 -9.7643742813493482e-05 -0.0014126533857211038 -0.002042464388187888 0.00092447488320370516 0.0030718901859197231
leaf_weight=20 21 24 832 560 255 40 24 25
leaf_count=20 21 24 832 560 255 40 24 25
internal_value=5.27909e-07 -0.000116043 -5.755e-05 -0.00012805 -0.000516428 0.000232039 0.00155797 0.0021918
internal_weight=1801 1780 1756 1687 815 872 69 49
internal_count=1801 1780 1756 1687 815 872 69 49
is_linear=0
shrinkage=0.03


Tree=31
num_leaves=9
num_cat=0
split_feature=15 14 24 34 28 13 21 33
split_gain=1.97691 0.316494 0.216718 0.230135 0.392316 0.263227 0.115471 0.127174
threshold=0.18464176070000474 0.092806805719929913 1.7358000000000002 -0.012455171479555298 0.012125513598222103 0.92097274927563866 98.775001525878864 -0.0021052802162126994
decision_type=2 2 2 2 2 2 2 2
left_child=1 2 6 4 -4 -5 7 -1
right_child=-2 -3 3 5 -6 -7 -8 -9
leaf_value=-8.0376298192067437e-05 0.0085551026423927399 -0.0033382815351295802 -0.0034902367970533672 0.0021204005809045061 -0.00038438425364372298 -0.00016855021641823813 0.0022317020168794049 0.0010628632588825207
leaf_weight=205 21 24 47 44 151 1133 32 144
leaf_count=205 21 24 47 44 151 1133 32 144
internal_value=7.20526e-07 -0.000112744 -6.13354e-05 -0.000238404 -0.00117765 -7.52663e-05 0.000566751 0.000387848
internal_weight=1801 1780 1756 1375 198 1177 381 349
internal_count=1801 1780 1756 1375 198 1177 381 349
is_linear=0
shrinkage=0.03


Tree=32
num_leaves=10
num_cat=0
split_feature=15 23 27 34 24 10 30 19 22
split_gain=1.87437 0.374672 0.2087 0.252389 0.249945 0.226618 0.100155 0.1576 0.034241
threshold=0.18464176070000474 41.804998397827106 0.0042754907722550506 -0.01061111056401925 2.4666000000000001 0.94504016567767313 -0.32400105577089894 413412.00000000006 2.3250000000000006
decision_type=2 2 2 2 2 2 2 2 2
left_child=1 2 6 4 -4 -5 8 -8 -1
right_child=-2 -3 3 5 -6 -7 7 -9 -10
leaf_value=0.002595115724518629 0.0083305313352029769 -0.0036183959850135984 -8.7825791701151299e-05 0.0010469949528621025 -0.0024972138602042389 -0.00021603405687849645 -0.0015779726089571009 0.00061107708877085548 0.00081625037874494277
leaf_weight=25 21 24 79 141 79 1117 30 253 32
leaf_count=25 21 24 79 141 79 1117 30 253 32
internal_value=9.23825e-07 -0.000109516 -5.37632e-05 -0.00021576 -0.00133524 -6.99372e-05 0.000608148 0.000354415 0.0017372
internal_weight=1801 1780 1756 1416 158 1258 340 283 57
internal_count=1801 1780 1756 1416 158 1258 340 283 57
is_linear=0
shrinkage=0.03


Tree=33
num_leaves=10
num_cat=0
split_feature=15 23 21 22 10 32 24 19 23
split_gain=1.77714 0.354994 0.198197 0.248829 0.223144 0.212601 0.132494 0.0534848 0.0240452
threshold=0.18464176070000474 41.804998397827106 96.764999389648423 3.0450000000000004 0.90574563389512164 -0.011388305459290997 7.148600000000001 450432.50000000006 15.684999942779502
decision_type=2 2 2 2 2 2 2 2 2
left_child=1 2 3 6 7 -6 -1 -4 -5
right_child=-2 -3 4 8 5 -7 -8 -9 -10
leaf_value=0.00026825672145956155 0.0081118551750550966 -0.0035219053958749605 0.00034655887029699583 -0.00065210770402589571 -0.00014137039072533916 -0.0011693943364198961 0.0017035063562689174 0.0025913090900704264 -0.0024395212649271406
leaf_weight=786 21 24 23 20 542 276 61 22 26
leaf_count=786 21 24 23 20 542 276 61 22 26
internal_value=1.11575e-06 -0.000106378 -5.20638e-05 0.000258855 -0.000377038 -0.000494894 0.000380799 0.00159986 -0.00181111
internal_weight=1801 1780 1756 893 863 818 847 45 46
internal_count=1801 1780 1756 893 863 818 847 45 46
is_linear=0
shrinkage=0.03


Tree=34
num_leaves=9
num_cat=0
split_feature=34 23 27 34 21 24 24 32
split_gain=1.6629 0.451865 0.182405 0.224024 0.227123 0.208436 0.0891836 0.0682922
threshold=0.066905283188203712 39.389999389648409 0.004471388349708851 -0.01061111056401925 96.795001983642564 2.4666000000000001 8.5174000000000021 0.00079812244056070008
decision_type=2 2 2 2 2 2 2 2
left_child=1 2 6 5 -5 -4 7 -1
right_child=-2 -3 3 4 -6 -7 -8 -9
leaf_value=0.00080508889616754634 0.0073922055050109825 -0.0039620169268714048 -0.00011965526912554905 0.00032533818194174536 -0.00048108202636252075 -0.0024073054953895686 -0.0010461824712609605 -0.00085045445439122294
leaf_weight=312 24 24 74 633 616 73 25 20
leaf_count=312 24 24 74 633 616 73 25 20
internal_value=1.28668e-06 -0.00010914 -4.80034e-05 -0.000204463 -7.01875e-05 -0.00130112 0.000552082 0.000689679
internal_weight=1801 1777 1753 1396 1249 147 357 332
internal_count=1801 1777 1753 1396 1249 147 357 332
is_linear=0
shrinkage=0.03


Tree=35
num_leaves=10
num_cat=0
split_feature=15 23 27 34 24 21 30 19 22
split_gain=1.64459 0.338163 0.184591 0.222931 0.225151 0.219958 0.0929603 0.144894 0.0310857
threshold=0.18464176070000474 41.804998397827106 0.0042754907722550506 -0.01061111056401925 2.4666000000000001 97.145000457763658 -0.32400105577089894 413412.00000000006 2.3250000000000006
decision_type=2 2 2 2 2 2 2 2 2
left_child=1 2 6 4 -4 -5 8 -8 -1
right_child=-2 -3 3 5 -6 -7 7 -9 -10
leaf_value=0.0024810334795370829 0.0078034847708186132 -0.0034358763968080487 -6.8744699957389417e-05 0.00029501705042365739 -0.002356554174300272 -0.00049883825289604529 -0.0015235598559745333 0.00057506050912448363 0.00077635028168026882
leaf_weight=25 21 24 79 685 79 573 30 253 32
leaf_count=25 21 24 79 685 79 573 30 253 32
internal_value=1.03136e-06 -0.000102312 -4.92634e-05 -0.000201715 -0.00125388 -6.45195e-05 0.000573117 0.000328455 0.00166069
internal_weight=1801 1780 1756 1416 158 1258 340 283 57
internal_count=1801 1780 1756 1416 158 1258 340 283 57
is_linear=0
shrinkage=0.03


Tree=36
num_leaves=10
num_cat=0
split_feature=15 15 24 34 28 13 27 13 27
split_gain=1.5593 0.24536 0.183783 0.214184 0.370028 0.264908 0.133963 0.119935 0.11542
threshold=0.18464176070000474 0.10530258806575717 1.7358000000000002 -0.012455171479555298 0.012125513598222103 0.92097274927563866 0.019381564682552452 1.0181725851173427 0.010122106620715452
decision_type=2 2 2 2 2 2 2 2 2
left_child=1 2 6 4 -4 -5 8 -8 -1
right_child=-2 -3 3 5 -6 -7 7 -9 -10
leaf_value=0.00042201407949303408 0.0075986434083897625 -0.0031146805228199808 -0.0033385731754276685 0.0020726177781564183 -0.00035003227754686327 -0.00015689490847259075 0.002106881710164168 0.00047129437182486032 -0.0011836224919825327
leaf_weight=140 21 21 48 47 153 1133 66 119 53
leaf_count=140 21 21 48 47 153 1133 66 119 53
internal_value=1.15245e-06 -9.94327e-05 -5.64904e-05 -0.000218551 -0.00111702 -6.05256e-05 0.000524771 0.00109507 -1.49737e-05
internal_weight=1801 1780 1759 1381 201 1180 378 185 193
internal_count=1801 1780 1759 1381 201 1180 378 185 193
is_linear=0
shrinkage=0.03


Tree=37
num_leaves=10
num_cat=0
split_feature=34 23 32 34 11 24 22 24 11
split_gain=1.51707 0.402812 0.167786 0.196994 0.23666 0.218314 0.0968739 0.0771181 0.0408634
threshold=0.066905283188203712 39.389999389648409 -0.19097750934159771 -0.010223145299124348 0.88621326625888386 2.4666000000000001 3.0850000000000004 8.5174000000000021 0.99308834254038747
decision_type=2 2 2 2 2 2 2 2 2
left_child=1 2 6 5 -5 -4 7 -1 -8
right_child=-2 -3 3 4 -6 -7 8 -9 -10
leaf_value=0.00088798402122575756 0.0070607857443392274 -0.003741957182685534 -6.265920674060147e-05 0.001557681141810271 -0.00016768357872453394 -0.0023071956266766955 5.6548996246419841e-05 -0.00088281381411639884 -0.0016129379771325897
leaf_weight=274 24 24 83 73 1184 76 23 20 20
leaf_count=274 24 24 83 73 1184 76 23 20 20
internal_value=1.29387e-06 -0.000104105 -4.62837e-05 -0.000191201 -6.16323e-05 -0.0011769 0.000550116 0.00074972 -0.000709289
internal_weight=1801 1777 1753 1416 1257 159 337 294 43
internal_count=1801 1777 1753 1416 1257 159 337 294 43
is_linear=0
shrinkage=0.03


Tree=38
num_leaves=9
num_cat=0
split_feature=15 23 10 32 34 22 19 27
split_gain=1.44087 0.31211 0.179893 0.202773 0.236053 0.104522 0.0635926 0.0382328
threshold=0.18464176070000474 41.804998397827106 0.90920598357011273 -0.19097750934159771 -0.0084891730717754996 3.0850000000000004 479666.50000000006 0.029002916927593703
decision_type=2 2 2 2 2 2 2 2
left_child=1 2 6 5 -5 -4 7 -1
right_child=-2 -3 3 4 -6 -7 -8 -9
leaf_value=0.0013616536409203294 0.0073044700378959533 -0.0032980200984360029 0.00076084179861959217 -0.0013414325647080239 -0.00012273127945069064 -0.00078778537189778432 0.0026612709402823102 -0.00020770855783484876
leaf_weight=25 21 24 288 161 1197 41 23 21
leaf_count=25 21 24 288 161 1197 41 23 21
internal_value=1.14468e-06 -9.54808e-05 -4.44546e-05 -0.000108598 -0.000272059 0.000553441 0.00142131 0.000615129
internal_weight=1801 1780 1756 1687 1358 329 69 46
internal_count=1801 1780 1756 1687 1358 329 69 46
is_linear=0
shrinkage=0.03


Tree=39
num_leaves=10
num_cat=0
split_feature=15 23 20 25 22 11 20 20 25
split_gain=1.36612 0.295721 0.166963 0.290699 0.261091 0.191256 0.104599 0.347657 0.0743621
threshold=0.18464176070000474 41.804998397827106 723.50000000000011 33.067452310958096 1.5650000000000002 0.98365581178561512 562.50000000000011 540.50000000000011 32.995284623997733
decision_type=2 2 2 2 2 2 2 2 2
left_child=1 2 6 4 -4 -5 7 -1 -8
right_child=-2 -3 3 5 -6 -7 8 -9 -10
leaf_value=0.00032385598143246845 0.0071127277596388016 -0.0032100728509637214 -0.0044682689386865366 0.00050730123895152874 -0.00091231775189350758 -0.0003949277902295818 0.0012102857377605549 -0.0024272990131689962 8.3137344472482305e-05
leaf_weight=402 21 24 20 326 137 585 154 43 89
leaf_count=402 21 24 20 326 137 585 154 43 89
internal_value=1.32639e-06 -9.2716e-05 -4.30021e-05 -0.000279001 -0.00145934 -6.81788e-05 0.000318624 3.68436e-05 0.000815705
internal_weight=1801 1780 1756 1068 157 911 688 445 243
internal_count=1801 1780 1756 1068 157 911 688 445 243
is_linear=0
shrinkage=0.03


Tree=40
num_leaves=10
num_cat=0
split_feature=34 23 21 33 22 13 22 22 23
split_gain=1.39492 0.35844 0.156363 0.189727 0.186933 0.162518 0.142107 0.117665 0.0203052
threshold=0.066905283188203712 39.389999389648409 96.624999999999957 -0.015576362022444347 3.0450000000000004 0.96633676474700259 1.5650000000000002 0.81500000000000006 15.684999942779502
decision_type=2 2 2 2 2 2 2 2 2
left_child=1 2 4 5 7 -4 -5 -1 -6
right_child=-2 -3 3 6 8 -7 -8 -9 -10
leaf_value=-0.00072800346843346396 0.0067705071030391591 -0.0035316476118233469 0.00085801208566861457 -0.0032745795160653473 -0.00058015459128048111 -0.00029342649390594664 -0.0007380297373708359 0.00046628339264047255 -0.0022834680515527723
leaf_weight=78 24 24 141 20 20 467 265 740 22
leaf_count=78 24 24 141 20 20 467 265 740 22
internal_value=1.12817e-06 -9.98699e-05 -4.52244e-05 -0.000324179 0.000241078 -1.85871e-05 -0.000958706 0.000346505 -0.00163178
internal_weight=1801 1777 1753 893 860 608 285 818 42
internal_count=1801 1777 1753 893 860 608 285 818 42
is_linear=0
shrinkage=0.03


Tree=41
num_leaves=10
num_cat=0
split_feature=34 23 21 33 24 22 16 11 23
split_gain=1.32166 0.33949 0.147032 0.179162 0.249599 0.177313 0.16856 0.116781 0.018958
threshold=0.066905283188203712 39.389999389648409 96.624999999999957 -0.015576362022444347 2.1386000000000007 3.0450000000000004 39.164045561486084 0.99229457000883825 15.684999942779502
decision_type=2 2 2 2 2 2 2 2 2
left_child=1 2 5 6 -5 7 -4 -1 -7
right_child=-2 -3 3 4 -6 8 -8 -9 -10
leaf_value=0.00098181352859585589 0.006589960322120331 -0.0034374703731801775 0.0011106587149781373 -3.2568438281855745e-05 -0.0018213641909517152 -0.00056502012669554225 -0.00024044740011664652 0.00013073093980569647 -0.0022231844763457775
leaf_weight=191 24 24 96 145 140 20 512 627 22
leaf_count=191 24 24 96 145 140 20 512 627 22
internal_value=6.78528e-07 -9.7587e-05 -4.43583e-05 -0.0003149 -0.000931511 0.000233207 -1.7799e-05 0.000335971 -0.00159056
internal_weight=1801 1777 1753 893 285 860 608 818 42
internal_count=1801 1777 1753 893 285 860 608 818 42
is_linear=0
shrinkage=0.03


Tree=42
num_leaves=10
num_cat=0
split_feature=34 14 24 32 25 24 33 31 9
split_gain=1.25214 0.2151 0.160459 0.168293 0.253766 0.140571 0.118484 0.185375 0.0652328
threshold=0.066905283188203712 0.092806805719929913 1.7358000000000002 -0.011388305459290997 34.091082200066786 8.3472000000000026 -0.0021052802162126994 0.0016312630757890501 0.99784642791069056
decision_type=2 2 2 2 2 2 2 2 2
left_child=1 2 6 5 -5 -4 7 -1 -8
right_child=-2 -3 3 4 -6 -7 8 -9 -10
leaf_value=-0.00097228605421382543 0.0064142282377385226 -0.0028060868893964928 0.00013898509034415501 -0.0014950021207834094 -7.4506760496603281e-05 -0.0013184738702038885 0.0023989008584758267 0.00073835811274934506 0.00075416659006857236
leaf_weight=92 24 23 836 192 282 61 29 139 123
leaf_count=92 24 23 836 192 282 61 29 139 123
internal_value=5.33105e-07 -9.50688e-05 -5.30815e-05 -0.000206356 -0.00066197 3.24735e-05 0.000485154 4.05114e-05 0.00112768
internal_weight=1801 1777 1754 1371 474 897 383 231 152
internal_count=1801 1777 1754 1371 474 897 383 231 152
is_linear=0
shrinkage=0.03


Tree=43
num_leaves=9
num_cat=0
split_feature=15 23 10 21 33 22 19 27
split_gain=1.21806 0.288421 0.168077 0.18604 0.247982 0.19022 0.0650049 0.0293844
threshold=0.18464176070000474 41.804998397827106 0.90574563389512164 96.764999389648423 -0.015576362022444347 3.0850000000000004 479666.50000000006 0.019036483392119354
decision_type=2 2 2 2 2 2 2 2
left_child=1 2 6 5 -5 -4 7 -1
right_child=-2 -3 3 4 -6 -7 -8 -9
leaf_value=0.0013258607721654697 0.0067157443480100488 -0.003166581537005388 0.00028854042569896718 -6.4332958447491681e-05 -0.0011942044445076622 -0.0021341091986745594 0.0028002441650377989 -0.00010034907206326074
leaf_weight=21 21 24 850 563 255 27 20 20
leaf_count=21 21 24 850 563 255 27 20 20
internal_value=6.55718e-07 -8.8051e-05 -3.8941e-05 -9.74178e-05 -0.000423285 0.000203525 0.00146747 0.00060256
internal_weight=1801 1780 1756 1695 818 877 61 41
internal_count=1801 1780 1756 1695 818 877 61 41
is_linear=0
shrinkage=0.03


Tree=44
num_leaves=10
num_cat=0
split_feature=34 23 32 34 24 10 22 24 14
split_gain=1.16859 0.303053 0.133256 0.169132 0.204953 0.183308 0.0779085 0.0661414 0.0159815
threshold=0.066905283188203712 39.389999389648409 -0.19097750934159771 -0.010223145299124348 2.4666000000000001 0.94998715278274715 3.0850000000000004 8.5174000000000021 0.019679956366942506
decision_type=2 2 2 2 2 2 2 2 2
left_child=1 2 6 4 -4 -5 7 -1 -8
right_child=-2 -3 3 5 -6 -7 8 -9 -10
leaf_value=0.0007983892723209383 0.0061968152107050025 -0.0032471618083202173 -5.9521431047509962e-06 0.00090239762441406937 -0.0021779338295536137 -0.0001890625612108536 -0.0011263428799664745 -0.00083777618953330532 0
leaf_weight=274 24 24 83 155 76 1102 23 20 20
leaf_count=274 24 24 83 155 76 1102 23 20 20
internal_value=7.59313e-07 -9.15417e-05 -4.11565e-05 -0.000170475 -0.00108376 -5.02661e-05 0.000490097 0.000669646 -0.00063591
internal_weight=1801 1777 1753 1416 159 1257 337 294 43
internal_count=1801 1777 1753 1416 159 1257 337 294 43
is_linear=0
shrinkage=0.03


Tree=45
num_leaves=9
num_cat=0
split_feature=15 23 10 21 33 22 19 18
split_gain=1.12651 0.274865 0.154857 0.175459 0.231707 0.176746 0.0628462 0.00467127
threshold=0.18464176070000474 41.804998397827106 0.90574563389512164 96.764999389648423 -0.015576362022444347 3.0850000000000004 479666.50000000006 1.1663409525546835
decision_type=2 2 2 2 2 2 2 2
left_child=1 2 6 5 -5 -4 7 -1
right_child=-2 -3 3 4 -6 -7 -8 -9
leaf_value=0.00088434038463089133 0.0064584239740070196 -0.0030899881563188195 0.00028133560227242851 -6.2256842951213993e-05 -0.0011546376320170672 -0.0020535083111375566 0.0027169837060829864 5.6450681120622899e-05
leaf_weight=20 21 24 850 563 255 27 20 21
leaf_count=20 21 24 850 563 255 27 20 21
internal_value=5.53161e-07 -8.46911e-05 -3.6711e-05 -9.29092e-05 -0.00040942 0.000199289 0.00140914 0.000561242
internal_weight=1801 1780 1756 1695 818 877 61 41
internal_count=1801 1780 1756 1695 818 877 61 41
is_linear=0
shrinkage=0.03


Tree=46
num_leaves=10
num_cat=0
split_feature=34 14 27 34 28 21 8 7 24
split_gain=1.09174 0.204818 0.142777 0.168443 0.249919 0.153262 0.0759054 0.0479696 0.0295162
threshold=0.066905283188203712 0.092806805719929913 0.0042754907722550506 -0.01061111056401925 0.0044824620562859503 96.795001983642564 1.0089634897014481 0.035966752907343406 2.4666000000000001
decision_type=2 2 2 2 2 2 2 2 2
left_child=1 2 6 4 -4 -5 7 -1 -8
right_child=-2 -3 3 5 -6 -7 8 -9 -10
leaf_value=0.00035627965369723928 0.0059896488561191497 -0.0027337081115334652 -0.0035880918142851439 0.00026088071432721062 -0.00049258227278209117 -0.00040030403097959105 0.00034205852368365965 0.0013711555053323166 -0.00048928198565937979
leaf_weight=96 24 23 27 636 131 617 89 95 63
leaf_count=96 24 23 27 636 131 617 89 95 63
internal_value=7.37974e-07 -8.84209e-05 -4.74176e-05 -0.000182556 -0.0010972 -6.24886e-05 0.000496595 0.000889922 0
internal_weight=1801 1777 1754 1411 158 1253 343 191 152
internal_count=1801 1777 1754 1411 158 1253 343 191 152
is_linear=0
shrinkage=0.03


Tree=47
num_leaves=8
num_cat=0
split_feature=15 14 34 34 28 10 16
split_gain=1.05155 0.225696 0.156723 0.199832 0.254841 0.182296 0.0918495
threshold=0.18464176070000474 0.092806805719929913 -0.049513837351305941 -0.012455171479555298 0.012359164766289203 0.94504016567767313 68.265671975707306
decision_type=2 2 2 2 2 2 2
left_child=1 2 6 4 -4 -5 -1
right_child=-2 -3 3 5 -6 -7 -8
leaf_value=0.0029158076512813564 0.0062400739745935426 -0.0028051953939720988 -0.002840864904164337 0.00092427834886456175 -0.00033454256568424728 -8.9731799548698786e-05 0.0001507247869675565
leaf_weight=22 21 24 47 178 153 1332 24
leaf_count=22 21 24 47 178 153 1332 24
internal_value=6.96676e-07 -8.16068e-05 -3.79561e-05 -8.74077e-05 -0.000971586 2.94134e-05 0.00163193
internal_weight=1801 1780 1756 1710 200 1510 46
internal_count=1801 1780 1756 1710 200 1510 46
is_linear=0
shrinkage=0.03


Tree=48
num_leaves=8
num_cat=0
split_feature=34 23 24 32 34 22 12
split_gain=1.01822 0.25928 0.128441 0.12888 0.160524 0.0865892 0.0291238
threshold=0.066905283188203712 39.389999389648409 8.3472000000000026 -0.19097750934159771 -0.010223145299124348 2.8250000000000006 0.97253900297073359
decision_type=2 2 2 2 2 2 2
left_child=1 2 3 5 -5 -1 -4
right_child=-2 -3 6 4 -6 -7 -8
leaf_value=0.00089983864908875456 0.0057846344161856297 -0.0030041790237236351 -0.00017699136584997178 -0.0010157487056317715 1.1488413644183964e-06 -0.0001274846076968596 -0.0017286070087939151
leaf_weight=213 24 24 21 154 1216 104 45
leaf_count=213 24 24 21 154 1216 104 45
internal_value=8.33455e-07 -8.52144e-05 -3.84788e-05 1.16285e-05 -0.000112944 0.000555388 -0.00130755
internal_weight=1801 1777 1753 1687 1370 317 66
internal_count=1801 1777 1753 1687 1370 317 66
is_linear=0
shrinkage=0.03


Tree=49
num_leaves=9
num_cat=0
split_feature=15 23 10 32 30 20 28 28
split_gain=0.97163 0.254414 0.147987 0.152154 0.172645 0.080533 0.0395885 0.0254952
threshold=0.18464176070000474 41.804998397827106 0.90920598357011273 -0.19097750934159771 -0.20767481151495923 649.00000000000011 0.0058125068820297004 0.11389571894379216
decision_type=2 2 2 2 2 2 2 2
left_child=1 2 6 5 -5 -4 -1 -8
right_child=-2 -3 3 4 -6 -7 7 -9
leaf_value=4.6134530769094106e-06 0.0059983315104618672 -0.0029696213661356721 0.0010213093946985429 -0.001140798101224095 -0.00010333462543335654 5.8248095259386901e-05 0.0025706658740527926 0.00082579396148362461
leaf_weight=20 21 24 140 163 1195 189 21 28
leaf_count=20 21 24 140 163 1195 189 21 28
internal_value=6.90352e-07 -7.83593e-05 -3.21403e-05 -9.0495e-05 -0.000232305 0.000482623 0.00129725 0.00173645
internal_weight=1801 1780 1756 1687 1358 329 69 49
internal_count=1801 1780 1756 1687 1358 329 69 49
is_linear=0
shrinkage=0.03


end of trees

feature_importances:
VIX=49
US_10Y_Yield=42
Rolling_Std_20=39
CPI_Inflation=38
US_Rig_Count=32
Sentiment_x_Trend=32
USD_Index=24
OPEC_Production=22
EIA_Crude_Inventory=18
Sentiment_EMA_60d=18
Close_to_MA_50=17
Rolling_Std_10=16
Close_to_MA_20=13
MACD_Pct=13
Sentiment_EMA_30d=11
Daily_Bearish=10
Daily_Bullish=9
RSI_14=5
Close_to_EMA_20=4
Sentiment_EMA_7d=4
Daily_NSS=3
Close_to_MA_10=2
Daily_Range_Pct=1
Close_to_MA_5=1
Close_to_EMA_10=1
Volume_to_MA_10=1
Sentiment_Spike=1

parameters:
[boosting: gbdt]
[objective: regression]
[metric: l2]
[tree_learner: serial]
[device_type: cpu]
[data_sample_strategy: bagging]
[data: ]
[valid: ]
[num_iterations: 200]
[learning_rate: 0.03]
[num_leaves: 31]
[num_threads: 20]
[seed: 42]
[deterministic: 0]
[force_col_wise: 0]
[force_row_wise: 0]
[histogram_pool_size: -1]
[max_depth: 5]
[min_data_in_leaf: 20]
[min_sum_hessian_in_leaf: 0.001]
[bagging_fraction: 0.8]
[pos_bagging_fraction: 1]
[neg_bagging_fraction: 1]
[bagging_freq: 0]
[bagging_seed: 400]
[bagging_by_query: 0]
[feature_fraction: 0.8]
[feature_fraction_bynode: 1]
[feature_fraction_seed: 30056]
[extra_trees: 0]
[extra_seed: 12879]
[early_stopping_round: 0]
[early_stopping_min_delta: 0]
[first_metric_only: 0]
[max_delta_step: 0]
[lambda_l1: 0.1]
[lambda_l2: 3]
[linear_lambda: 0]
[min_gain_to_split: 0]
[drop_rate: 0.1]
[max_drop: 50]
[skip_drop: 0.5]
[xgboost_dart_mode: 0]
[uniform_drop: 0]
[drop_seed: 17869]
[top_rate: 0.2]
[other_rate: 0.1]
[min_data_per_group: 100]
[max_cat_threshold: 32]
[cat_l2: 10]
[cat_smooth: 10]
[max_cat_to_onehot: 4]
[top_k: 20]
[monotone_constraints: ]
[monotone_constraints_method: basic]
[monotone_penalty: 0]
[feature_contri: ]
[forcedsplits_filename: ]
[refit_decay_rate: 0.9]
[cegb_tradeoff: 1]
[cegb_penalty_split: 0]
[cegb_penalty_feature_lazy: ]
[cegb_penalty_feature_coupled: ]
[path_smooth: 0]
[interaction_constraints: ]
[verbosity: -1]
[saved_feature_importance_type: 0]
[use_quantized_grad: 0]
[num_grad_quant_bins: 4]
[quant_train_renew_leaf: 0]
[stochastic_rounding: 1]
[linear_tree: 0]
[max_bin: 255]
[max_bin_by_feature: ]
[min_data_in_bin: 3]
[bin_construct_sample_cnt: 200000]
[data_random_seed: 175]
[is_enable_sparse: 1]
[enable_bundle: 1]
[use_missing: 1]
[zero_as_missing: 0]
[feature_pre_filter: 1]
[pre_partition: 0]
[two_round: 0]
[header: 0]
[label_column: ]
[weight_column: ]
[group_column: ]
[ignore_column: ]
[categorical_feature: ]
[forcedbins_filename: ]
[precise_float_parser: 0]
[parser_config_file: ]
[objective_seed: 16083]
[num_class: 1]
[is_unbalance: 0]
[scale_pos_weight: 1]
[sigmoid: 1]
[boost_from_average: 1]
[reg_sqrt: 0]
[alpha: 0.9]
[fair_c: 1]
[poisson_max_delta_step: 0.7]
[tweedie_variance_power: 1.5]
[lambdarank_truncation_level: 30]
[lambdarank_norm: 1]
[label_gain: ]
[lambdarank_position_bias_regularization: 0]
[eval_at: ]
[multi_error_top_k: 1]
[auc_mu_weights: ]
[num_machines: 1]
[local_listen_port: 12400]
[time_out: 120]
[machine_list_filename: ]
[machines: ]
[gpu_platform_id: -1]
[gpu_device_id: -1]
[gpu_device_id_list: ]
[gpu_use_dp: 0]
[num_gpu: 1]

end of parameters

pandas_categorical:[]
