tree
version=v4
num_class=1
num_tree_per_iteration=1
label_index=0
max_feature_idx=35
objective=regression
feature_names=Return Log_Return Ret_Lag_1 Ret_Lag_2 Ret_Lag_3 Ret_Lag_5 Ret_Lag_10 Daily_Range_Pct Close_to_MA_5 Close_to_MA_10 Close_to_MA_20 Close_to_MA_50 Close_to_EMA_10 Close_to_EMA_20 Rolling_Std_10 Rolling_Std_20 RSI_14 MACD_Pct Volume_to_MA_10 USD_Index US_10Y_Yield VIX CPI_Inflation Fed_Funds_Rate Real_Yield_10Y Gold_Silver_Ratio ETF_Holdings News_Volume Daily_Bullish Daily_Bearish Daily_NSS Sentiment_EMA_7d Sentiment_Spike Sentiment_EMA_30d Sentiment_EMA_60d Sentiment_x_Trend
feature_infos=[-0.049787261049700701:0.059476675923340702] [-0.051069383720258002:0.057775084253924198] [-0.049787261049700701:0.059476675923340702] [-0.049787261049700701:0.059476675923340702] [-0.049787261049700701:0.059476675923340702] [-0.049787261049700701:0.059476675923340702] [-0.049787261049700701:0.059476675923340702] [0:0.078740156186575705] [0.93793313810140777:1.0826779071998462] [0.91799856664688517:1.0763535109640261] [0.91691942540963522:1.0993067380055597] [0.91826784837337083:1.1345926026918298] [0.93433552769747197:1.0629203962718834] [0.92724732402649179:1.0870129484146571] [0.0019845374892284002:0.036763592403246198] [0.0031889989828997999:0.029169517904935601] [19.736579673164101:88.210785159824809] [-0.0145814313866162:0.0092135890202180992] [0:9.9989886445000487] [80.040000919999997:112.9300003] [0.52000000000000002:4.2199999999999998] [9.1400003430000005:75.47000122] [234.74700000000001:298.786] [0.050000000000000003:4.0999999999999996] [-1.1899999999999999:1.74] [62.384080060000002:116.34043130000001] [634.63:1277.9400000000001] [0:2] [0:0.47475716471672058] [0:0.48260980844497681] [-0.47856015898287302:0.4638560614548623] [-0.38175233266014419:0.38792826723736962] [-0.57853378824169688:0.52489617065636529] [-0.23910313342124129:0.29287733839099389] [-0.17202983625432461:0.22255828156139579] [-0.026316579999095299:0.017034756745337502]
tree_sizes=2235 1917 1946 2112 1913 2238 2211 2196 2228 2384 2263 2451 2347 1947 1940 2172 1870 2187 2400

Tree=0
num_leaves=24
num_cat=0
split_feature=33 20 33 20 34 20 34 19 13 29 34 22 21 23 32 19 29 10 11 20 33 11 14
split_gain=1.18873 0.444948 0.327348 0.439816 0.321429 0.225557 0.220185 0.172308 0.167313 0.160387 0.133966 0.110623 0.0972127 0.0913106 0.0756115 0.0681681 0.0529378 0.0486684 0.0407778 0.0320628 0.0243217 0.0191203 0.0135654
threshold=1.0000000180025095e-35 1.0300000000000002 0.085412154676795318 2.8950000000000005 -0.098405815275155697 1.9450000000000001 -0.011853820164511199 101.43499755000001 0.9786881232294159 0.059343015080879608 0.017252420587524103 247.54450000000003 22.644999505000005 1.5300000000000002 0.00086414175992655009 101.0550003 0.017922703546431652 1.0121792554671647 1.0043343654792769 2.4350000000000005 -0.0014935042614189998 0.98107321770350875 0.0068949811234101507
decision_type=2 2 2 2 2 2 2 2 2 2 2 2 2 2 2 2 2 2 2 2 2 2 2
left_child=4 17 10 7 9 6 13 -4 19 22 14 21 -12 -6 -3 -10 -5 -2 -13 -7 -8 -11 -1
right_child=1 2 3 16 5 8 20 -9 15 11 12 18 -14 -15 -16 -17 -18 -19 -20 -21 -22 -23 -24
leaf_value=0.012433705149637301 0.013066262978013584 0.010933078785256137 0.011655052834658593 0.0097547107240315845 0.0088156393295569773 0.010644714388754487 0.011296177600463617 0.0090435791891764362 0.0085747225648608455 0.009802322047148879 0.0098888920125500442 0.011060689272751516 0.0086763404776704842 0.0099667416703419272 0.0095372093496267872 0.0074401653252443986 0.0080587528310248138 0.01150882481516075 0.0096437629447595659 0.0092969708716960139 0.010024515058257981 0.0084215362185924604 0.010815005102836414
leaf_weight=25 58 150 337 46 193 34 53 21 366 20 341 50 71 91 40 70 29 59 22 24 25 34 20
leaf_count=25 58 150 337 46 193 34 53 21 366 20 341 50 71 91 40 70 29 59 22 24 25 34 20
internal_value=0.00996674 0.0106275 0.010422 0.011048 0.00922576 0.00898799 0.00957316 0.0114872 0.00857017 0.0103951 0.00996674 0.00985783 0.00966489 0.00918025 0.0106216 0.00836971 0.00901232 0.0123641 0.0105921 0.0100323 0.0109429 0.00884474 0.0118748
internal_weight=2179 1152 1035 433 1027 856 362 358 494 171 602 126 412 284 190 436 75 117 72 58 78 54 45
internal_count=2179 1152 1035 433 1027 856 362 358 494 171 602 126 412 284 190 436 75 117 72 58 78 54 45
is_linear=0
shrinkage=1


Tree=1
num_leaves=20
num_cat=0
split_feature=33 20 33 20 19 23 11 33 19 11 30 11 26 28 33 29 10 28 20
split_gain=1.1186 0.420714 0.307723 0.415246 0.289758 0.272961 0.465699 0.211719 0.162913 0.110365 0.0977742 0.0937957 0.0932343 0.0755335 0.0561225 0.0499464 0.0463158 0.0131728 0.00944161
threshold=1.0000000180025095e-35 1.0300000000000002 0.085412154676795318 2.8950000000000005 100.15999985000001 0.39500000000000007 0.97221563060895477 -0.019837628443415248 101.43499755000001 1.0370739822375321 -0.0011806584559496999 0.99890747585457296 1269.7400000000002 0.0039574842682331005 -0.013338226099981499 0.017922703546431652 1.0183630372659038 0.072586559205563964 3.5850000000000004
decision_type=2 2 2 2 2 2 2 2 2 2 2 2 2 2 2 2 2 2 2
left_child=4 16 9 8 5 6 10 11 -4 13 -1 -7 -8 -3 -9 -5 -2 -11 -6
right_child=1 2 3 15 18 7 12 14 -10 17 -12 -13 -14 -15 -16 -17 -18 -19 -20
leaf_value=0 0.0028568089304864407 0.00077550013029095309 0.0016381087404316477 -0.00020605945697366689 -0.002635266387806489 0.0012585625396098477 -0.0014966861938529009 -0.0018188225861967486 -0.00089892950153443966 -0.0012161341724774011 0.001748603484274455 7.659192575645351e-05 0.00029255246223571402 -4.0494325326980072e-05 -0.00016787623143754899 -0.0018561153779737649 0.0012978464851621536 -0.00015543634939938782 -0.0013736998783424495
leaf_weight=83 72 133 337 46 62 97 431 48 21 62 43 169 24 385 37 29 45 22 33
leaf_count=83 72 133 337 46 62 97 431 48 21 62 43 169 24 385 37 29 45 22 33
internal_value=0 0.000640925 0.000440955 0.00104791 -0.000718872 -0.000549404 -0.000947342 0.000103263 0.00147474 0 0.000638879 0.000527993 -0.00139446 0.000166519 -0.00116449 -0.000929392 0.00232964 -0.000987754 -0.00228312
internal_weight=2179 1152 1035 433 1027 932 581 351 358 602 126 266 455 518 85 75 117 84 95
internal_count=2179 1152 1035 433 1027 932 581 351 358 602 126 266 455 518 85 75 117 84 95
is_linear=0
shrinkage=0.03


Tree=2
num_leaves=20
num_cat=0
split_feature=30 25 11 26 34 20 34 34 30 26 26 20 24 26 11 29 28 34 24
split_gain=0.996821 0.287083 0.259344 0.246208 0.23667 0.212286 0.224182 0.178914 0.090853 0.19011 0.0905251 0.0902932 0.0566539 0.0506669 0.0289934 0.0230672 0.0218231 0.0156638 0.0121063
threshold=1.0000000180025095e-35 85.478347275000019 0.97090588617669316 710.88000000000011 0.19725322881783228 1.0300000000000002 -0.014134632234473598 0.076501367927848771 -0.038882916688394199 863.90000000000009 926.80000000000007 2.2150000000000003 -0.84499999999999986 886.07500000000016 0.97350155828519169 0.0019355692603301002 0.0038582195689448504 1.0000000180025095e-35 0.13500000000000004
decision_type=2 2 2 2 2 2 2 2 2 2 2 2 2 2 2 2 2 2 2
left_child=1 2 11 14 5 6 -5 -7 9 -4 13 15 -10 16 -2 -1 -3 -13 -15
right_child=3 10 8 4 -6 7 -8 -9 12 -11 -12 17 -14 18 -16 -17 -18 -19 -20
leaf_value=0.0018314938579614345 0.0034393083435194246 0.00072128939166432246 -0.0012955028849312164 -6.0515065278039016e-05 0.003285544392135408 -4.4487192985394114e-05 0.0022492248550589596 0.00081098264374936558 -0.00051654455423403266 0.00022263388590125198 -0.001285212701985074 -7.9557556520393555e-05 -0.0016885774391588422 0.0017337248443680649 0.0012504673965032334 0.00043818034059726272 -0.00029497541596861177 -0.001048348802626133 0.00069027764167712657
leaf_weight=23 26 27 214 55 24 634 102 329 55 107 21 60 301 31 20 36 46 22 46
leaf_count=23 26 27 214 55 24 634 102 329 55 107 21 60 301 31 20 36 46 22 46
internal_value=0 -0.000702948 -0.000937192 0.000584055 0.000490215 0.000419026 0.00143537 0.000246281 -0.00118077 -0.000782822 0.000397184 0.000211715 -0.00152169 0.000672909 0.00268369 0.00109206 5.50643e-05 -0.000402598 0.00119713
internal_weight=2179 989 818 1190 1144 1120 157 963 677 321 171 141 356 150 46 59 73 82 77
internal_count=2179 989 818 1190 1144 1120 157 963 677 321 171 141 356 150 46 59 73 82 77
is_linear=0
shrinkage=0.03


Tree=3
num_leaves=22
num_cat=0
split_feature=33 20 25 16 34 33 20 19 34 19 11 25 19 32 28 11 10 29 34 25 14
split_gain=1.00007 0.377703 0.300331 0.411225 0.277333 0.275421 0.38806 0.151201 0.12076 0.0961025 0.0918711 0.0844371 0.0824228 0.0704418 0.0689389 0.0482297 0.0457817 0.0455937 0.0435584 0.0314191 0.011287
threshold=1.0000000180025095e-35 1.0300000000000002 78.839787320000013 36.288788707650319 -0.0011455448082847498 0.085412154676795318 2.8950000000000005 101.43499755000001 0.017252420587524103 101.5550003 1.0032848015237465 79.962481110000013 89.859996795000015 0.00086414175992655009 0.010102900757618551 0.98491563275790817 1.0258024557858572 0.017922703546431652 -0.095455390463087833 85.92012311500001 0.0074496278856679013
decision_type=2 2 2 2 2 2 2 2 2 2 2 2 2 2 2 2 2 2 2 2 2
left_child=2 16 3 12 10 8 7 -7 13 15 18 -10 -1 -3 -6 -5 -2 -8 -4 -12 -14
right_child=1 5 4 9 14 6 17 -9 11 -11 19 -13 20 -15 -16 -17 -18 -19 -20 -21 -22
leaf_value=-0.00056289617829572629 0.0025610625317482195 0.00092191599877368597 0.0014722847536080129 -0.00064563299834159856 -0.0017543577763230302 0.0015614112884655374 -0.00022204856580474927 -0.00087951146950945261 -3.7731559482201658e-05 -0.0032157151639461514 0.0003516344562849055 -0.0010533478169165778 0.0017413805772450886 -0.00042419219980839384 5.5978008991350286e-05 -0.0014818939631980345 0.0008447798094561984 -0.0018078318700427188 0.00037751776402508892 -0.00046933851773142216 0.00066502440285297446
leaf_weight=31 89 150 69 99 83 337 46 21 316 27 70 96 28 40 20 385 28 29 83 91 41
leaf_count=31 89 150 69 99 83 337 46 21 316 27 70 96 28 40 20 385 28 29 83 91 41
internal_value=0 0.000606356 -0.000679379 -0.0011013 -4.90805e-05 0.000416701 0.000990919 0.0014038 0 -0.00144611 0.000389312 -0.000287513 0.000622383 0.000620792 -0.0013829 -0.00132203 0.00220672 -0.000919628 0.000912716 -9.41982e-05 0.00119783
internal_weight=2179 1152 1027 611 416 1035 433 358 602 511 313 412 100 190 103 484 117 75 152 161 69
internal_count=2179 1152 1027 611 416 1035 433 358 602 511 313 412 100 190 103 484 117 75 152 161 69
is_linear=0
shrinkage=0.03


Tree=4
num_leaves=20
num_cat=0
split_feature=30 25 11 26 34 29 15 20 26 26 19 20 26 11 28 11 28 34 24
split_gain=0.884581 0.258265 0.23364 0.230274 0.220269 0.200183 0.157847 0.0866949 0.0843513 0.0842767 0.150049 0.0522489 0.0481693 0.0293375 0.0279452 0.0271703 0.0193906 0.0162319 0.0106937
threshold=1.0000000180025095e-35 85.478347275000019 0.97142316996026501 710.88000000000011 0.19725322881783228 0.030658665271870854 0.0092116108718482519 2.2150000000000003 926.80000000000007 760.87500000000011 101.0550003 2.4650000000000003 886.07500000000016 0.98524838900385692 0.0013073738231411003 0.97350155828519169 0.0038582195689448504 1.0000000180025095e-35 0.13500000000000004
decision_type=2 2 2 2 2 2 2 2 2 2 2 2 2 2 2 2 2 2 2
left_child=1 2 7 15 5 6 -5 14 12 13 -11 -7 16 -4 -1 -2 -3 -9 -14
right_child=3 8 9 4 -6 11 -8 17 -10 10 -12 -13 18 -15 -16 -17 -18 -19 -20
leaf_value=0.0014580496069975196 0.0033124563049139644 0.00067543262869585309 -0.0008570539358412273 0.00024547421513450881 0.0031562922332021926 -6.0337890997867685e-05 0.0010509197413953693 -7.7652632510762483e-05 -0.0012415996749477927 -0.00050262058938688918 -0.0021029061805734883 -0.0018179378070469411 0.001671221022001084 -0.0017119794870173004 0 0.001191471379837426 -0.00028277170402235449 -0.0010337381847202779 0.00067061234147725057
leaf_weight=41 26 27 75 730 24 30 321 61 21 314 64 39 31 219 20 20 46 24 46
leaf_count=41 26 27 75 730 24 30 321 61 21 314 64 39 31 219 20 20 46 24 46
internal_value=0 -0.000661862 -0.000884114 0.000550521 0.000459726 0.000390994 0.000496613 0.000183071 0.000380979 -0.0011202 -0.000795867 -0.00112979 0.000647638 -0.00151485 0.00103372 0.00258092 4.48311e-05 -0.000407735 0.00115852
internal_weight=2179 989 818 1190 1144 1120 1051 146 171 672 378 69 150 294 61 46 73 85 77
internal_count=2179 989 818 1190 1144 1120 1051 146 171 672 378 69 150 294 61 46 73 85 77
is_linear=0
shrinkage=0.03


Tree=5
num_leaves=23
num_cat=0
split_feature=33 20 34 33 20 20 21 11 29 34 16 34 21 28 32 10 29 22 10 35 11 15
split_gain=0.899641 0.352664 0.258517 0.255915 0.355164 0.171653 0.150939 0.141858 0.136032 0.112148 0.106842 0.0995708 0.0853729 0.0850971 0.066501 0.044161 0.0397879 0.0347544 0.0307349 0.0211284 0.00955782 0.00636878
threshold=1.0000000180025095e-35 1.0300000000000002 -0.098405815275155697 0.085412154676795318 2.8950000000000005 2.1350000000000002 11.910000325000002 0.96057316268495418 0.059343015080879608 0.017252420587524103 36.288788707650319 -0.0064788610535828498 20.720000265000007 0.0038582195689448504 0.00086414175992655009 1.0183630372659038 0.017922703546431652 249.55300000000003 0.97084534534984013 -0.0034260632837715996 0.98607299535325144 0.0079416679409253527
decision_type=2 2 2 2 2 2 2 2 2 2 2 2 2 2 2 2 2 2 2 2 2 2
left_child=2 15 8 9 6 7 -5 -4 21 14 18 -9 -11 17 -3 -2 -6 -10 -7 -12 -15 -1
right_child=1 3 5 4 16 10 -8 11 13 12 19 -13 -14 20 -16 -17 -18 -19 -20 -21 -22 -23
leaf_value=0.0022290418525891644 0.0026280647253990172 0.00088135364187616569 0.0014945693072659196 9.5474725253342721e-05 -0.00022270829948758212 0.00045142971117699446 0.0016554673807350536 -0.00075780651633450518 -0.00027688588048128976 1.7441130868494408e-05 -0.0005492778792121338 0.00060992122762319116 -0.00087455989717794913 -0.00013502304517960112 -0.0004257834560432753 0.0011348114818101748 -0.0017137211656663566 0.0010812684937845914 -0.00067350878087657842 -0.0016207751202399322 -0.0011600640423659403 0.00084096756295058066
leaf_weight=25 72 150 29 75 46 24 283 337 20 270 31 51 142 20 40 45 29 45 80 304 41 20
leaf_count=25 72 150 29 75 46 24 283 337 20 270 31 51 142 20 40 45 29 45 80 304 41 20
internal_value=0 0.000575085 -0.000644387 0.000391761 0.000945319 -0.000857809 0.00134047 -0.000406886 0.000403101 -4.15097e-06 -0.00127368 -0.000567055 -0.000286867 -9.00452e-05 0.000588282 0.00212147 -0.000881433 0.000625478 -0.000380492 -0.00153625 -0.000892943 0.00176574
internal_weight=2179 1152 1027 1035 433 856 358 417 171 602 439 388 412 126 190 117 75 65 104 335 61 45
internal_count=2179 1152 1027 1035 433 856 358 417 171 602 439 388 412 126 190 117 75 65 104 335 61 45
is_linear=0
shrinkage=0.03


Tree=6
num_leaves=23
num_cat=0
split_feature=33 20 25 16 34 33 20 21 34 19 25 21 19 32 28 24 10 9 29 34 14 13
split_gain=0.846746 0.333196 0.266042 0.357765 0.244329 0.240693 0.33561 0.141837 0.105451 0.0873206 0.0827862 0.0806504 0.0730251 0.0628189 0.0603755 0.0491517 0.041864 0.0386567 0.0375136 0.0287546 0.0104395 0.0017314
threshold=1.0000000180025095e-35 1.0300000000000002 78.839787320000013 36.288788707650319 -0.0011455448082847498 0.085412154676795318 2.8950000000000005 11.910000325000002 0.017252420587524103 101.5550003 88.111089925000016 22.644999505000005 89.859996795000015 0.00086414175992655009 0.010102900757618551 0.14500000000000005 1.0121792554671647 1.0128796048227782 0.017922703546431652 -0.026047789516393995 0.0074496278856679013 1.026471285683898
decision_type=2 2 2 2 2 2 2 2 2 2 2 2 2 2 2 2 2 2 2 2 2 2
left_child=2 16 3 12 10 8 7 -7 13 19 17 -10 -1 -3 -6 -12 -2 -4 -8 -5 -14 -18
right_child=1 5 4 9 14 6 18 -9 11 -11 15 -13 20 -15 -16 -17 21 -19 -20 -21 -22 -23
leaf_value=-0.00052774302368326217 0.0027031205233919329 0.00085543147357997908 0.0008510408979836376 -0.0014548769237148736 -0.0016320320020408133 9.2720652567760022e-05 -0.00021643612492587227 0.0016063243254664141 -7.3313109024977246e-05 -0.0030294913440942761 -0.00089954307364241675 -0.0011789958444612754 0.001648078205317424 -0.00041390114827731322 5.3796154649361308e-05 0.00057102757696351353 0.0015247049729635075 -0.00011324431171773798 -0.0016671294366242362 -0.00089572776653644535 0.0006146354569920566 0.00058183044614270327
leaf_weight=31 58 150 191 274 83 75 46 283 341 27 57 71 28 40 20 26 38 39 29 210 41 21
leaf_count=31 58 150 191 274 83 75 46 283 341 27 57 71 28 40 20 26 38 39 29 210 41 21
internal_value=0 0.000558158 -0.000624921 -0.00102196 -3.14667e-05 0.00037987 0.000916714 0.00130094 -3.93741e-06 -0.00134373 0.000379534 -0.00027823 0.00058438 0.00057038 -0.00128413 -0.000400149 0.00206139 0.000675303 -0.000858378 -0.00122544 0.00112687 0.00128188
internal_weight=2179 1152 1027 611 416 1035 433 358 602 511 313 412 100 190 103 83 117 230 75 484 69 59
internal_count=2179 1152 1027 611 416 1035 433 358 602 511 313 412 100 190 103 83 117 230 75 484 69 59
is_linear=0
shrinkage=0.03


Tree=7
num_leaves=23
num_cat=0
split_feature=33 20 34 33 20 19 19 11 22 29 34 28 13 23 30 10 29 22 14 20 11 13
split_gain=0.797822 0.315524 0.234325 0.226553 0.317149 0.162181 0.133819 0.131286 0.129859 0.124733 0.0992772 0.0777106 0.0656197 0.0613094 0.0427484 0.0388556 0.0353644 0.0310461 0.0119347 0.0112604 0.0082586 0.00137243
threshold=1.0000000180025095e-35 1.0300000000000002 -0.098405815275155697 0.085412154676795318 2.8950000000000005 100.15999985000001 101.43499755000001 0.95430260582967918 240.86050000000003 0.059343015080879608 0.017252420587524103 0.0038582195689448504 1.0205131648079189 0.59500000000000008 -0.0041369359170841486 1.0121792554671647 0.017922703546431652 249.55300000000003 0.0066407275274096003 3.5850000000000004 0.98607299535325144 1.026471285683898
decision_type=2 2 2 2 2 2 2 2 2 2 2 2 2 2 2 2 2 2 2 2 2 2
left_child=2 15 9 10 6 7 -5 14 -9 18 13 17 -12 -3 -4 -2 -6 -11 -1 -7 -13 -17
right_child=1 3 5 4 16 19 -8 8 -10 11 12 20 -14 -15 -16 21 -18 -19 -20 -21 -22 -23
leaf_value=0.0022379672378301618 0.002626015100689208 -6.4954848083652894e-05 0 0.001411466661818079 -0.00021034055656506397 -0.0023157368644498863 -0.00087933415849693114 -0.001250923229691342 -0.00040939088422574886 -0.00024582297978517804 -0.00010050434884318054 -0.00012924548751755576 -0.0011670651817805176 0.00099074908338159977 0.0018216378605398146 0.0014823107364155895 -0.0016218042899854479 0.0010322183507960288 0.0007469683636445552 -0.0011228577936999498 -0.0011000931195905485 0.00056655739445704968
leaf_weight=24 58 77 20 337 46 62 21 284 437 20 352 20 60 113 20 38 29 45 21 33 41 21
leaf_count=24 58 77 20 337 46 62 21 284 437 20 352 20 60 113 20 38 29 45 21 33 41 21
internal_value=0 0.00054171 -0.000606682 0.000368128 0.000888968 -0.000809954 0.00126259 -0.000652886 -0.000748822 0.000390047 -4.08867e-06 -8.12728e-05 -0.000270371 0.000553008 0.000938193 0.00200466 -0.000835954 0.000601361 0.00169484 -0.00197904 -0.000849637 0.00124794
internal_weight=2179 1152 1027 1035 433 856 358 761 721 171 602 126 412 190 40 117 75 65 45 95 61 59
internal_count=2179 1152 1027 1035 433 856 358 761 721 171 602 126 412 190 40 117 75 65 45 95 61 59
is_linear=0
shrinkage=0.03


Tree=8
num_leaves=23
num_cat=0
split_feature=33 20 25 13 34 33 20 21 34 21 25 19 32 28 24 32 28 10 9 29 34 15
split_gain=0.751162 0.298893 0.241057 0.316682 0.223405 0.212898 0.299492 0.130592 0.0935199 0.0771132 0.0758168 0.0736932 0.0580267 0.0569337 0.0456545 0.0413695 0.0556971 0.0362804 0.0355193 0.0333338 0.0279108 0.00206369
threshold=1.0000000180025095e-35 1.0300000000000002 78.839787320000013 0.97993077099502346 -0.0011455448082847498 0.085412154676795318 2.8950000000000005 11.910000325000002 0.017252420587524103 20.720000265000007 88.111089925000016 101.5550003 0.00086414175992655009 0.010102900757618551 0.14500000000000005 0.0093951611347110522 0.0013700121685750503 1.0258024557858572 1.0128796048227782 0.017922703546431652 -0.017416180777678498 0.0092503807112532515
decision_type=2 2 2 2 2 2 2 2 2 2 2 2 2 2 2 2 2 2 2 2 2 2
left_child=2 17 3 15 10 8 7 -7 12 -10 18 20 -3 -6 -12 16 -1 21 -4 -8 -5 -2
right_child=1 5 4 11 13 6 19 -9 9 -11 14 -13 -14 -15 -16 -17 -18 -19 -20 -21 -22 -23
leaf_value=0.00089271765551245878 0.0013575988379457302 0.0008108610703561949 0.00082066755474758247 -0.0013205318618570816 -0.0015603063834701166 6.5190018052817316e-05 -0.00020441669817049916 0.0015174611292745922 2.5948616901047528e-05 -0.00082155917163312039 -0.00085858010361989723 -0.0029087668259938555 -0.00040790311229783432 7.2560386003359494e-05 0.00055773846491577168 0.0015289079156704244 -0.00074988914334045897 0.0007244106552773906 -0.00010095719504170119 -0.001577711484802421 -0.00073453755028720475 0.0025531361076427859
leaf_weight=38 28 150 191 345 83 75 46 283 270 142 57 24 40 20 26 27 30 28 39 29 147 61
leaf_count=38 28 150 191 345 83 75 46 283 270 142 57 24 40 20 26 27 30 28 39 29 147 61
internal_value=0 0.00052554 -0.000588766 -0.000966678 -2.36004e-05 0.000356508 0.000861412 0.00122459 -4.16562e-06 -0.000262752 0.000369079 -0.00126062 0.000536383 -0.00122186 -0.000376051 0.000589003 0.000124719 0.00194953 0.000652229 -0.000814143 -0.00115702 0.00226616
internal_weight=2179 1152 1027 611 416 1035 433 358 602 412 313 516 190 103 83 95 68 117 230 75 492 89
internal_count=2179 1152 1027 611 416 1035 433 358 602 412 313 516 190 103 83 95 68 117 230 75 492 89
is_linear=0
shrinkage=0.03


Tree=9
num_leaves=25
num_cat=0
split_feature=33 20 34 33 20 20 19 29 34 20 34 16 14 21 22 23 10 29 19 21 15 16 14 19
split_gain=0.707998 0.283015 0.212504 0.200225 0.283046 0.146395 0.123235 0.11474 0.108685 0.0956772 0.0879209 0.0766843 0.072998 0.0726974 0.0704626 0.0566716 0.0349364 0.0314151 0.0301983 0.0300509 0.0267523 0.012078 0.0113301 0.000873295
threshold=1.0000000180025095e-35 1.0300000000000002 -0.098405815275155697 0.085412154676795318 2.8950000000000005 2.2250000000000005 101.43499755000001 0.059343015080879608 -0.011853820164511199 1.925 0.017252420587524103 36.288788707650319 0.0080168056040954509 20.720000265000007 247.54450000000003 0.59500000000000008 1.0121792554671647 0.017922703546431652 101.0550003 18.734999655000006 0.0081965959079240026 41.389861544178608 0.0066407275274096003 93.834999085000007
decision_type=2 2 2 2 2 2 2 2 2 2 2 2 2 2 2 2 2 2 2 2 2 2 2 2
left_child=2 16 7 10 6 8 -5 22 12 -10 15 19 -4 -12 21 -3 -2 -6 -13 -7 -16 -9 -1 -18
right_child=1 3 5 4 17 11 -8 14 9 -11 13 18 -14 -15 20 -17 23 -19 -20 -21 -22 -23 -24 -25
leaf_value=0.0021561320432358314 0.002487101451516701 -7.2781784873222926e-05 -0.00016237025078725449 0.001331678206716178 -0.00019865965438954419 0.00011829424626223637 -0.00086340886203106488 -9.7702972044277448e-05 0.00098829811554449268 -0.001054636336863041 2.5178706065392129e-05 -0.0011934055312414575 -0.0010278870530728635 -0.00079742233409337568 0.0008886860163952663 0.00094125055949251832 0.0014038186680525539 -0.0015348175222752614 -0.0020463131388480014 -0.00093205473533030162 -0.00024359877893119118 -0.001224867539127936 0.00070637805020669472 0.00054623776853084571
leaf_weight=24 58 77 174 337 46 46 21 20 76 24 270 223 199 142 50 113 37 29 74 40 22 34 21 22
leaf_count=24 58 77 174 337 46 46 21 20 76 24 270 223 199 142 50 113 37 29 74 40 22 34 21 22
internal_value=0 0.000510244 -0.000571571 0.000345675 0.000835322 -0.000765227 0.0011885 0.000377079 -0.000398681 0.000452431 -3.9503e-06 -0.00120352 -0.00063663 -0.000254825 -7.40843e-05 0.000520013 0.00189602 -0.000792929 -0.00143425 -0.000351482 0.000506805 -0.000887145 0.00162851 0.00117433
internal_weight=2179 1152 1027 1035 433 856 358 171 473 100 602 383 373 412 126 190 117 75 297 86 72 54 45 59
internal_count=2179 1152 1027 1035 433 856 358 171 473 100 602 383 373 412 126 190 117 75 297 86 72 54 45 59
is_linear=0
shrinkage=0.03


Tree=10
num_leaves=24
num_cat=0
split_feature=33 15 34 34 29 22 19 11 22 22 29 11 15 28 30 22 22 30 17 14 28 11 15
split_gain=0.667158 0.234523 0.216884 0.200586 0.147953 0.143123 0.137711 0.116849 0.113403 0.113138 0.109119 0.105475 0.0960517 0.0684741 0.0383195 0.0382064 0.0263122 0.0210524 0.0112072 0.0104378 0.0094051 0.00653119 0.00169229
threshold=1.0000000180025095e-35 0.0092116108718482519 0.19725322881783228 -0.098405815275155697 0.021097362092696002 261.47800000000007 100.15999985000001 0.95430260582967918 238.05700000000004 240.86050000000003 0.059343015080879608 1.056482259583311 0.0070812466868487014 0.0038582195689448504 -0.0041369359170841486 237.38300000000004 249.55300000000003 0.0058731053754966511 -0.00011113337186054998 0.0066407275274096003 0.0012420051319840004 0.98607299535325144 0.011438845732415652
decision_type=2 2 2 2 2 2 2 2 2 2 2 2 2 2 2 2 2 2 2 2 2 2 2
left_child=3 2 4 10 8 11 7 14 -2 -9 19 15 -6 16 -5 -3 -12 -7 -19 -1 -8 -15 -22
right_child=1 5 -4 6 12 17 20 9 -10 -11 13 -13 -14 21 -16 -17 -18 18 -20 -21 22 -23 -24
leaf_value=0.0020986351925465795 0.0022036852464079855 0.00038569838985747011 0.0028715272347132363 0 0.00022910385757235677 0.00066096796904658445 -0.00085613512910074653 -0.0011575148747691639 0.00023208697591730988 -0.00037139419058214782 -0.00020528346231288235 3.3481849656839414e-06 -0.0013179810796864332 -0.00012702890324568292 0.001737542954880906 0.0019251678217829377 0.00096296284266281858 0 -0.00082573573116678746 0.00068783561485179234 -0.0023874875796027479 -0.0010227312970964703 -0.0011996475282157288
leaf_weight=24 25 23 24 20 53 26 24 284 636 437 20 39 90 20 20 188 45 27 21 21 45 41 26
leaf_count=24 25 23 24 20 53 26 24 284 636 437 20 39 90 20 20 188 45 27 21 21 45 41 26
internal_value=0 0.000495192 0.000221174 -0.000554959 0.000127961 0.00117783 -0.000743141 -0.000597975 0.000320793 -0.000688702 0.00036638 0.0015173 -0.000731112 -7.30321e-05 0.000901558 0.00177914 0.000566187 0 -0.000350844 0.0015869 -0.00182148 -0.000795654 -0.00205931
internal_weight=2179 1152 828 1027 804 324 856 761 661 721 171 250 143 126 40 211 65 74 48 45 95 61 71
internal_count=2179 1152 828 1027 804 324 856 761 661 721 171 250 143 126 40 211 65 74 48 45 95 61 71
is_linear=0
shrinkage=0.03


Tree=11
num_leaves=26
num_cat=0
split_feature=33 22 22 23 34 11 19 34 28 11 22 30 34 24 28 35 19 34 30 14 22 24 14 11 24
split_gain=0.629448 0.20783 0.401022 0.194372 0.189368 0.169902 0.130774 0.115469 0.128581 0.110494 0.1064 0.102306 0.0736801 0.0915186 0.0659581 0.0588001 0.0566352 0.0406874 0.0364072 0.0363936 0.0253144 0.0106935 0.00968142 0.00601899 0.0024636
threshold=1.0000000180025095e-35 261.47800000000007 253.04550000000003 0.33500000000000008 -0.098405815275155697 0.98524838900385692 100.15999985000001 0.076501367927848771 0.0090146726084187525 0.95430260582967918 240.86050000000003 -0.057168713181112642 0.091913378302491314 0.085000000000000006 0.0038582195689448504 0.00019114885077715002 97.375000000000014 0.025046452643561052 -0.0041369359170841486 0.0077510104943058506 249.55300000000003 1.2050000000000003 0.0066407275274096003 0.98607299535325144 0.44500000000000006
decision_type=2 2 2 2 2 2 2 2 2 2 2 2 2 2 2 2 2 2 2 2 2 2 2 2 2
left_child=4 2 3 5 11 -2 9 8 19 18 -11 14 13 -4 20 -9 -5 -10 -6 -3 -1 24 -13 -16 -8
right_child=1 7 12 16 6 -7 21 15 17 10 -12 22 -14 -15 23 -17 -18 -19 -20 -21 -22 -23 -24 -25 -26
leaf_value=-0.00019992825648059014 0.0029718525582416496 -0.00012903001975268124 0.0018108051561228024 -1.9513052010426068e-05 0 -0.00015947865471207479 -0.0013276598958079427 0.0014858535538078285 -3.9130670824446345e-05 -0.0011231524132485 -0.0003603283208084494 0.0020426715844207334 0.0029124145157901305 0 -0.00012371510841235843 -0.00014332639933713982 0.0006283682269438162 -0.001283624806691114 0.0016922157192197829 0.0010188711976039815 0.00094016775827170627 -0.00097032918253292619 0.00064907461179372259 -0.00099414131668692607 -0.0025781556100529781
leaf_weight=20 41 47 120 408 20 21 31 45 36 284 437 24 53 30 20 28 165 117 20 41 46 33 20 41 31
leaf_count=20 41 47 120 408 20 21 31 45 36 284 437 24 53 30 20 28 165 117 20 41 46 33 20 41 31
internal_value=0 0.000481272 0.000727911 0.000347147 -0.000538768 0.00190668 -0.000721646 -0.000168153 -0.00049255 -0.000580059 -0.000668355 0.00035611 0.00188201 0.00144835 -6.24446e-05 0.000840498 0.000164142 -0.00101642 0.000877313 0.000388778 0.000557534 -0.00177275 0.00155491 -0.000774807 -0.0020892
internal_weight=2179 1152 838 635 1027 62 856 314 241 761 721 171 203 150 127 73 573 153 40 88 66 95 44 61 62
internal_count=2179 1152 838 635 1027 62 856 314 241 761 721 171 203 150 127 73 573 153 40 88 66 95 44 61 62
is_linear=0
shrinkage=0.03


Tree=12
num_leaves=25
num_cat=0
split_feature=33 15 25 11 29 31 22 22 24 11 15 10 11 19 19 25 35 24 28 11 14 30 15 17
split_gain=0.593566 0.213844 0.204133 0.278185 0.165703 0.131602 0.128746 0.115165 0.108075 0.0978749 0.0880917 0.0754117 0.059385 0.0523585 0.0522417 0.0520393 0.0449628 0.032197 0.0265734 0.0207031 0.0194845 0.0186473 0.0122215 0.0104892
threshold=1.0000000180025095e-35 0.0092116108718482519 78.839787320000013 0.97726028686522481 0.021097362092696002 0.08349978732577322 261.47800000000007 241.88350000000005 1.0900000000000003 1.056482259583311 0.0070812466868487014 1.0192293692758951 0.95318526688760497 98.485000610000014 101.5550003 75.243755185000012 0.00052438613420470015 -0.78499999999999992 0.011513246578699251 1.0037375114012486 0.0066407275274096003 0.0058731053754966511 0.0080403395186256516 -0.00011113337186054998
decision_type=2 2 2 2 2 2 2 2 2 2 2 2 2 2 2 2 2 2 2 2 2 2 2 2
left_child=2 4 3 12 5 11 9 -7 13 15 16 -2 22 17 19 -3 -6 -4 -14 -5 -12 -8 -1 -23
right_child=1 6 8 14 10 7 21 -9 -10 -11 20 -13 18 -15 -16 -17 -18 -19 -20 -21 -22 23 -24 -25
leaf_value=0.00042917873120755501 0.00026674509106215351 0.0011298781224522345 0.0010692055993259959 -0.00085198694135471163 0.0011704629637444249 0.0028754988931692562 0.00062409847711437743 0.00069455096969096668 -0.001249745618856766 0 -0.00031126359281026658 -0.00073718865663486416 -0.00043635638915879237 -0.0010061793989501891 -0.0026442141681909562 0.0022279257628139864 -0.00047211549221538011 0.00016267274737241677 0.00062498939341665912 -0.0013610792677228394 -0.0015439223221138767 0 0.0017145397806864067 -0.00078865517524536702
leaf_weight=25 343 110 40 218 23 23 26 239 52 39 24 80 74 27 24 101 30 297 25 225 66 27 20 21
leaf_count=25 343 110 40 218 23 23 26 239 52 39 24 80 74 27 24 101 30 297 25 225 66 27 20 21
internal_value=0 0.000467432 -0.000523108 -0.000870777 0.000205618 0.000402546 0.00111931 0.000927714 -2.72966e-06 0.00144128 -0.000706045 6.59792e-05 0.000260896 0.000176001 -0.00122555 0.00169337 0.000211647 0.000287581 -0.000128429 -0.0011247 -0.00126812 0 0.0011344 -0.00032801
internal_weight=2179 1152 1027 611 828 685 324 262 416 250 143 423 144 364 467 211 53 337 99 443 90 74 45 48
internal_count=2179 1152 1027 611 828 685 324 262 416 250 143 423 144 364 467 211 53 337 99 443 90 74 45 48
is_linear=0
shrinkage=0.03


Tree=13
num_leaves=20
num_cat=0
split_feature=33 20 25 16 34 34 26 34 25 19 19 23 11 10 9 14 14 32 19
split_gain=0.559539 0.233954 0.192135 0.268712 0.183922 0.175588 0.148237 0.105178 0.0645219 0.0624719 0.0547296 0.0472669 0.0374347 0.0306563 0.0305015 0.0278384 0.00954891 0.00219018 1.54304e-05
threshold=1.0000000180025095e-35 0.97500000000000009 78.839787320000013 36.288788707650319 -0.0011455448082847498 0.19725322881783228 710.88000000000011 0.078493686400102014 88.111089925000016 101.5550003 89.859996795000015 1.6300000000000001 0.98942286551669789 1.0183630372659038 1.0128796048227782 0.0070077396967216507 0.0074496278856679013 0.0016874725125679503 92.64500046000002
decision_type=2 2 2 2 2 2 2 2 2 2 2 2 2 2 2 2 2 2 2
left_child=2 13 3 10 8 6 -3 -8 14 12 -1 -6 -5 -2 -4 -10 -12 -13 -15
right_child=1 5 4 9 11 -7 7 -9 15 -11 16 17 -14 18 -16 -17 -18 -19 -20
leaf_value=-0.00041037402836167637 0.0021431496039405465 0.0019896848124584979 0.00077031297807176073 -0.00053556772252208267 7.6511267734610496e-05 0.0027052827609909905 -7.1827427367609931e-05 0.00057175783106215257 0.0003455194813770152 -0.0025590170189738271 0.0015053546014241871 -0.00095695973160293162 -0.0011948009815080905 0.0011513916629002146 -7.8789061417670124e-05 -0.00072947542758955582 0.00053068056140777612 -0.0018052499792293496 0.00040245577470900926
leaf_weight=31 72 39 191 134 20 24 622 352 28 27 28 48 350 20 39 55 41 35 23
leaf_count=31 72 39 191 134 20 24 622 352 28 27 28 48 350 20 39 55 41 35 23
internal_value=0 0.000454003 -0.000507725 -0.000845024 -2.65294e-06 0.000305472 0.000237843 0.000158733 0.000352953 -0.00112433 0.000544303 -0.00109099 -0.00102287 0.00172612 0.000614299 -0.00033254 0.00101411 -0.00140005 0.000868388
internal_weight=2179 1152 1027 611 416 1037 1013 974 313 511 100 103 484 115 230 83 69 83 43
internal_count=2179 1152 1027 611 416 1037 1013 974 313 511 100 103 484 115 230 83 69 83 43
is_linear=0
shrinkage=0.03


Tree=14
num_leaves=20
num_cat=0
split_feature=33 20 25 16 34 34 22 11 34 25 19 19 28 28 11 10 9 14 21
split_gain=0.528301 0.221359 0.180688 0.253775 0.173573 0.166597 0.12781 0.202902 0.118174 0.0606796 0.0592216 0.0519544 0.048536 0.0393711 0.035013 0.0299791 0.0288519 0.00888109 0.00286745
threshold=1.0000000180025095e-35 1.0300000000000002 78.839787320000013 36.288788707650319 -0.0011455448082847498 0.19725322881783228 238.03350000000003 0.98265292343259758 0.078493686400102014 88.111089925000016 101.5550003 89.859996795000015 0.010102900757618551 0.0092457002655213019 0.98942286551669789 1.0121792554671647 1.0128796048227782 0.0074496278856679013 27.574999805000001
decision_type=2 2 2 2 2 2 2 2 2 2 2 2 2 2 2 2 2 2 2
left_child=2 15 3 11 9 6 7 -3 -8 16 14 -1 -6 -11 -5 -2 -4 -13 -17
right_child=1 5 4 10 12 -7 8 -9 -10 13 -12 17 -14 -15 -16 18 -18 -19 -20
leaf_value=-0.00039914908984621219 0.0022107765404965544 0.0027238689571619035 0.00074756095066512689 -0.00051985252192458494 -0.0013748535328479698 0.0026331419514285192 -0.00012678087002838826 -0.0002322650353062751 0.00056788861201234001 0.00027814125066453761 -0.0024899235308170316 0.0014645643518531634 0.00012262372737345485 -0.00095385082761058576 -0.0011592615873759966 0.0012701459140390962 -7.6594217247994868e-05 0.00051584562824890864 0.0004368039819445195
leaf_weight=31 58 42 191 134 83 24 590 35 344 41 27 28 20 42 350 34 39 41 25
leaf_count=31 58 42 191 134 83 24 590 35 344 41 27 28 20 42 350 34 39 41 25
internal_value=0 0.000441387 -0.000493108 -0.00082021 -3.08416e-06 0.000295491 0.000229413 0.00138435 0.000126869 0.000342167 -0.00109171 0.000529394 -0.00106054 -0.000321919 -0.000992688 0.00166736 0.000595751 0.000987482 0.00100364
internal_weight=2179 1152 1027 611 416 1035 1011 77 934 313 511 100 103 83 484 117 230 69 59
internal_count=2179 1152 1027 611 416 1035 1011 77 934 313 511 100 103 83 484 117 230 69 59
is_linear=0
shrinkage=0.03


Tree=15
num_leaves=23
num_cat=0
split_feature=33 15 34 25 11 34 29 22 11 22 15 25 30 28 19 25 28 35 15 34 30 8
split_gain=0.498612 0.192361 0.175277 0.170117 0.237255 0.1633 0.125885 0.112544 0.0890646 0.0880733 0.0837959 0.0571019 0.0528609 0.0459854 0.0445564 0.0420565 0.0376498 0.0344297 0.0281077 0.0184827 0.0179738 0.0105319
threshold=1.0000000180025095e-35 0.0092116108718482519 0.19725322881783228 78.839787320000013 0.97726028686522481 -0.0011455448082847498 0.021097362092696002 261.47800000000007 1.056482259583311 238.05700000000004 0.0070812466868487014 88.111089925000016 -0.0010356574564852497 0.010102900757618551 101.5550003 75.243755185000012 0.006082667363280351 0.0022479833532068508 0.0051654775206255504 -0.018977495393629997 0.0058731053754966511 1.0007813841806128
decision_type=2 2 2 2 2 2 2 2 2 2 2 2 2 2 2 2 2 2 2 2 2 2
left_child=3 2 6 4 12 11 9 8 15 -2 -8 18 17 -7 19 -3 -13 -1 -5 -6 -9 -22
right_child=1 7 -4 5 14 13 10 20 -10 -11 -12 16 -14 -15 -16 -17 -18 -19 -20 -21 21 -23
leaf_value=-0.00037410723035633241 0.0019351453935461385 0.0010713444010441214 0.0025629247824350992 0 -0.0011815050196673598 -0.0013350467259107635 0.00019831563806344224 0.00061265424778684976 0 0.00019615316676167759 -0.0012437692360742197 0.00062813389428891236 0.0012507263794868774 0.00011942484569938285 -0.0024390634165869815 0.0020761358796869619 -0.00071138564427928935 0.0007976502870209515 0.00075462264107966032 -0.00066679456462346329 3.4150206725686208e-05 -0.00072554833631563399
leaf_weight=84 25 110 24 52 302 83 53 26 39 636 90 22 33 20 24 101 61 27 178 141 23 25
leaf_count=84 25 110 24 52 302 83 53 26 39 636 90 22 33 20 24 101 61 27 178 141 23 25
internal_value=0 0.000429119 0.000180698 -0.000478738 -0.00079613 -3.04683e-06 9.6606e-05 0.00104731 0.00134835 0.000274888 -0.00069565 0.000331616 0.000247676 -0.00102894 -0.0011239 0.00158869 -0.000311922 -4.92791e-05 0.000577751 -0.00102999 0 -0.000322107
internal_weight=2179 1152 828 1027 611 416 804 324 250 661 143 313 144 103 467 211 83 111 230 443 74 48
internal_count=2179 1152 828 1027 611 416 804 324 250 661 143 313 144 103 467 211 83 111 230 443 74 48
is_linear=0
shrinkage=0.03


Tree=16
num_leaves=19
num_cat=0
split_feature=33 25 16 34 26 34 26 19 11 19 19 28 11 34 34 13 14 11
split_gain=0.470507 0.160266 0.228731 0.153693 0.152319 0.146137 0.123106 0.0987869 0.0548234 0.0536036 0.0485114 0.0435734 0.0326436 0.0276893 0.027291 0.0187857 0.00819268 0.000470716
threshold=1.0000000180025095e-35 78.839787320000013 36.288788707650319 -0.0011455448082847498 1177.8850000000002 0.19725322881783228 710.88000000000011 104.95499805000001 1.0032848015237465 101.5550003 89.859996795000015 0.010102900757618551 1.0037375114012486 -0.070680921365092436 -0.077994667282593286 1.0203824418883227 0.0074496278856679013 0.97016157908569822
decision_type=2 2 2 2 2 2 2 2 2 2 2 2 2 2 2 2 2 2
left_child=1 2 10 8 5 6 -2 -8 13 12 -1 17 -4 -3 -10 -6 -12 -5
right_child=4 3 9 11 15 -7 7 -9 14 -11 16 -13 -14 -15 -16 -17 -18 -19
leaf_value=-0.00038763421883477884 0.0018397151117346116 0.0011014852565348573 -0.00066595849252378361 -0.00061432970093563196 0.0017818805172752877 0.0024945801099141435 0.00025017577220172606 -0.00096203604091715529 -0.00051342843470296678 -0.0023630358144640924 0.0014113807981991537 0.0001163094064787678 -0.0012209889578037912 0.00021753039372142416 0.00025857971069902859 0.00059065818151429999 0.00049318514044385993 -0.0014551798336906359
leaf_weight=31 39 82 259 22 75 24 924 61 67 27 28 20 225 70 94 29 41 61
leaf_count=31 39 82 259 22 75 24 924 61 67 27 28 20 225 70 94 29 41 61
internal_value=9.22783e-08 -0.000464709 -0.000772776 -2.78384e-06 0.000417188 0.000302535 0.000241101 0.000169375 0.000321672 -0.00103066 0.000507509 -0.000998251 -0.000936071 0.000725845 -4.79132e-05 0.00150362 0.000950735 -0.00129639
internal_weight=2179 1027 611 416 1152 1048 1024 985 313 511 100 103 484 152 161 104 69 83
internal_count=2179 1027 611 416 1152 1048 1024 985 313 511 100 103 484 152 161 104 69 83
is_linear=0
shrinkage=0.03


Tree=17
num_leaves=23
num_cat=0
split_feature=33 15 34 25 16 34 22 26 11 34 25 19 19 28 24 25 11 8 30 8 14 11
split_gain=0.443755 0.177545 0.157961 0.151027 0.216053 0.145118 0.103621 0.089457 0.08273 0.0687307 0.0528285 0.0507947 0.0460608 0.0413952 0.036857 0.0367068 0.0309604 0.0269589 0.0169295 0.0100843 0.00760598 0.000154382
threshold=1.0000000180025095e-35 0.0092116108718482519 0.19725322881783228 78.839787320000013 36.288788707650319 -0.0011455448082847498 261.47800000000007 745.48000000000013 1.056482259583311 0.014362165168152752 88.111089925000016 101.5550003 89.859996795000015 0.010102900757618551 0.14500000000000005 75.243755185000012 0.98491563275790817 1.0078724215997983 0.0058731053754966511 1.0007813841806128 0.0074496278856679013 0.97016157908569822
decision_type=2 2 2 2 2 2 2 2 2 2 2 2 2 2 2 2 2 2 2 2 2 2
left_child=3 2 7 4 12 10 8 -2 15 -9 17 16 -1 21 -12 -3 -6 -5 -8 -20 -14 -7
right_child=1 6 -4 5 11 13 18 9 -10 -11 14 -13 20 -15 -16 -17 -18 -19 19 -21 -22 -23
leaf_value=-0.00037703129046541805 0.0017240518842309969 0.0010298434095985186 0.0024280579942795965 0.00069904498034053185 -0.0003702109534976497 -0.00059811140282079573 0.0005894471023087229 0.00066054761210034485 0 -9.8568318072100338e-05 -0.00074309293733967928 -0.002299233855307102 0.0013731368991598907 0.00011327525714169376 0.00052762967933386829 0.001979291501611722 -0.0010352807171908241 -8.9461127317748781e-05 2.8003346497336255e-05 -0.00071254326897074601 0.00047939834230981593 -0.0014135707802488467
leaf_weight=31 26 110 24 190 99 22 26 125 39 653 57 27 28 20 26 101 385 40 23 25 41 61
leaf_count=31 26 110 24 190 99 22 26 125 39 653 57 27 28 20 26 101 385 40 23 25 41 61
internal_value=2.69875e-07 0.000405373 0.0001666 -0.000451085 -0.00075014 -2.46169e-06 0.000999271 8.66007e-05 0.00128811 2.16252e-05 0.000312609 -0.00100083 0.000493609 -0.000969962 -0.000305632 0.00151971 -0.000908522 0.000549652 0 -0.0003181 0.000925844 -0.00126071
internal_weight=2179 1152 828 1027 611 416 324 804 250 778 313 511 100 103 83 211 484 230 74 48 69 83
internal_count=2179 1152 828 1027 611 416 324 804 250 778 313 511 100 103 83 211 484 230 74 48 69 83
is_linear=0
shrinkage=0.03


Tree=18
num_leaves=25
num_cat=0
split_feature=33 20 33 20 25 10 34 21 11 32 11 11 23 20 32 34 34 10 11 29 28 28 32 10
split_gain=0.418964 0.182793 0.145458 0.227378 0.14207 0.205472 0.136861 0.101747 0.0800872 0.0541451 0.0511214 0.050316 0.0395236 0.0280144 0.0259677 0.02566 0.025626 0.0252471 0.0250244 0.0212529 0.0191375 0.0105584 0.00354074 0.00106661
threshold=1.0000000180025095e-35 0.97500000000000009 0.085412154676795318 2.8950000000000005 78.839787320000013 0.97287090447814373 -0.0011455448082847498 11.910000325000002 1.0370739822375321 0.00059764577469690011 0.97687073760219312 1.0032848015237465 1.6300000000000001 2.2250000000000005 0.0083743713073107014 -0.077994667282593286 -0.070680921365092436 1.0121792554671647 0.9473424128484772 0.017922703546431652 0.00099429008458085024 0.072586559205563964 0.0016874725125679503 1.0297324662961744
decision_type=2 2 2 2 2 2 2 2 2 2 2 2 2 2 2 2 2 2 2 2 2 2 2 2
left_child=4 17 8 7 5 14 11 -4 9 -3 20 16 -8 -12 18 -13 -6 -2 -1 -5 -7 -10 -14 -19
right_child=1 2 3 19 6 10 12 -9 21 -11 13 15 22 -15 -16 -17 -18 23 -20 -21 -22 -23 -24 -25
leaf_value=0.00090575914084911353 0.0020144684177319534 0.00023180527469946833 0 -0.00025956043446488794 0.0010517618562670096 0.00043343282551670977 0.00011313274049240609 0.0012558133768899142 -0.0010766307691228575 -0.0006287569040187487 -0.00078775880923588116 -0.00050187465896763428 -0.00080258780191926385 -0.0013368349078151385 0.0013103857413992621 0.00024616372902258349 0.00020027475690944375 0.0010817452952480659 -0.00034203140237580305 -0.0014015345303923822 -0.00052045846521563371 -0.00011694366695126517 -0.0016203272756385174 0.00034066760109271858
leaf_weight=21 58 446 75 46 82 25 20 283 63 73 240 67 48 218 30 94 70 36 30 29 47 22 35 21
leaf_count=21 58 446 75 46 82 25 20 283 63 73 240 67 48 218 30 94 70 36 30 29 47 22 35 21
internal_value=4.7291e-07 0.000394136 0.000262481 0.000680427 -0.000438053 -0.000728109 -2.71096e-06 0.000997877 -3.40794e-05 0.000102098 -0.000945127 0.000303058 -0.000942475 -0.00106262 0.000639213 -5.03253e-05 0.00069045 0.00151904 0.000137985 -0.000776507 -0.000145157 -0.000874787 -0.0012268 0.000889401
internal_weight=2179 1152 1037 433 1027 611 416 358 604 519 530 313 103 458 81 161 152 115 51 75 72 85 83 57
internal_count=2179 1152 1037 433 1027 611 416 358 604 519 530 313 103 458 81 161 152 115 51 75 72 85 83 57
is_linear=0
shrinkage=0.03


end of trees

feature_importances:
Sentiment_EMA_60d=51
Close_to_MA_50=41
USD_Index=32
US_10Y_Yield=32
Sentiment_EMA_30d=29
Daily_Bullish=24
Gold_Silver_Ratio=23
CPI_Inflation=20
Daily_Bearish=19
Close_to_MA_20=15
Rolling_Std_10=15
Rolling_Std_20=14
ETF_Holdings=13
Daily_NSS=13
VIX=11
Real_Yield_10Y=11
Sentiment_Spike=10
RSI_14=9
Fed_Funds_Rate=7
Close_to_EMA_20=6
Close_to_MA_10=4
Sentiment_x_Trend=4
Close_to_MA_5=3
MACD_Pct=2
Sentiment_EMA_7d=1

parameters:
[boosting: gbdt]
[objective: regression]
[metric: l2]
[tree_learner: serial]
[device_type: cpu]
[data_sample_strategy: bagging]
[data: ]
[valid: ]
[num_iterations: 200]
[learning_rate: 0.03]
[num_leaves: 31]
[num_threads: 20]
[seed: 42]
[deterministic: 0]
[force_col_wise: 0]
[force_row_wise: 0]
[histogram_pool_size: -1]
[max_depth: 5]
[min_data_in_leaf: 20]
[min_sum_hessian_in_leaf: 0.001]
[bagging_fraction: 0.8]
[pos_bagging_fraction: 1]
[neg_bagging_fraction: 1]
[bagging_freq: 0]
[bagging_seed: 400]
[bagging_by_query: 0]
[feature_fraction: 0.8]
[feature_fraction_bynode: 1]
[feature_fraction_seed: 30056]
[extra_trees: 0]
[extra_seed: 12879]
[early_stopping_round: 0]
[early_stopping_min_delta: 0]
[first_metric_only: 0]
[max_delta_step: 0]
[lambda_l1: 0.1]
[lambda_l2: 3]
[linear_lambda: 0]
[min_gain_to_split: 0]
[drop_rate: 0.1]
[max_drop: 50]
[skip_drop: 0.5]
[xgboost_dart_mode: 0]
[uniform_drop: 0]
[drop_seed: 17869]
[top_rate: 0.2]
[other_rate: 0.1]
[min_data_per_group: 100]
[max_cat_threshold: 32]
[cat_l2: 10]
[cat_smooth: 10]
[max_cat_to_onehot: 4]
[top_k: 20]
[monotone_constraints: ]
[monotone_constraints_method: basic]
[monotone_penalty: 0]
[feature_contri: ]
[forcedsplits_filename: ]
[refit_decay_rate: 0.9]
[cegb_tradeoff: 1]
[cegb_penalty_split: 0]
[cegb_penalty_feature_lazy: ]
[cegb_penalty_feature_coupled: ]
[path_smooth: 0]
[interaction_constraints: ]
[verbosity: -1]
[saved_feature_importance_type: 0]
[use_quantized_grad: 0]
[num_grad_quant_bins: 4]
[quant_train_renew_leaf: 0]
[stochastic_rounding: 1]
[linear_tree: 0]
[max_bin: 255]
[max_bin_by_feature: ]
[min_data_in_bin: 3]
[bin_construct_sample_cnt: 200000]
[data_random_seed: 175]
[is_enable_sparse: 1]
[enable_bundle: 1]
[use_missing: 1]
[zero_as_missing: 0]
[feature_pre_filter: 1]
[pre_partition: 0]
[two_round: 0]
[header: 0]
[label_column: ]
[weight_column: ]
[group_column: ]
[ignore_column: ]
[categorical_feature: ]
[forcedbins_filename: ]
[precise_float_parser: 0]
[parser_config_file: ]
[objective_seed: 16083]
[num_class: 1]
[is_unbalance: 0]
[scale_pos_weight: 1]
[sigmoid: 1]
[boost_from_average: 1]
[reg_sqrt: 0]
[alpha: 0.9]
[fair_c: 1]
[poisson_max_delta_step: 0.7]
[tweedie_variance_power: 1.5]
[lambdarank_truncation_level: 30]
[lambdarank_norm: 1]
[label_gain: ]
[lambdarank_position_bias_regularization: 0]
[eval_at: ]
[multi_error_top_k: 1]
[auc_mu_weights: ]
[num_machines: 1]
[local_listen_port: 12400]
[time_out: 120]
[machine_list_filename: ]
[machines: ]
[gpu_platform_id: -1]
[gpu_device_id: -1]
[gpu_device_id_list: ]
[gpu_use_dp: 0]
[num_gpu: 1]

end of parameters

pandas_categorical:[]
