tree
version=v4
num_class=1
num_tree_per_iteration=1
label_index=0
max_feature_idx=35
objective=regression
feature_names=Return Log_Return Ret_Lag_1 Ret_Lag_2 Ret_Lag_3 Ret_Lag_5 Ret_Lag_10 Daily_Range_Pct Close_to_MA_5 Close_to_MA_10 Close_to_MA_20 Close_to_MA_50 Close_to_EMA_10 Close_to_EMA_20 Rolling_Std_10 Rolling_Std_20 RSI_14 MACD_Pct Volume_to_MA_10 USD_Index US_10Y_Yield VIX CPI_Inflation Fed_Funds_Rate Real_Yield_10Y Gold_Silver_Ratio ETF_Holdings News_Volume Daily_Bullish Daily_Bearish Daily_NSS Sentiment_EMA_7d Sentiment_Spike Sentiment_EMA_30d Sentiment_EMA_60d Sentiment_x_Trend
feature_infos=[-0.049787261049700701:0.059476675923340702] [-0.051069383720258002:0.057775084253924198] [-0.049787261049700701:0.059476675923340702] [-0.049787261049700701:0.059476675923340702] [-0.049787261049700701:0.059476675923340702] [-0.049787261049700701:0.059476675923340702] [-0.049787261049700701:0.059476675923340702] [0:0.078740156186575705] [0.93793313810140777:1.0826779071998462] [0.91799856664688517:1.0763535109640261] [0.91691942540963522:1.0993067380055597] [0.91826784837337083:1.1345926026918298] [0.93433552769747197:1.0629203962718834] [0.92724732402649179:1.0870129484146571] [0.0019845374892284002:0.036763592403246198] [0.0031889989828997999:0.029169517904935601] [19.736579673164101:88.210785159824809] [-0.0145814313866162:0.0092135890202180992] [0:9.9989886445000487] [80.040000919999997:113.13999939999999] [0.52000000000000002:4.2199999999999998] [9.1400003430000005:75.47000122] [234.74700000000001:298.786] [0.050000000000000003:4.0999999999999996] [-1.1899999999999999:1.74] [62.384080060000002:116.34043130000001] [634.63:1277.9400000000001] [0:2] [0:0.47475716471672058] [0:0.48260980844497681] [-0.47856015898287302:0.4638560614548623] [-0.38175233266014419:0.38792826723736962] [-0.57853378824169688:0.52489617065636529] [-0.23910313342124129:0.29287733839099389] [-0.17202983625432461:0.22255828156139579] [-0.026316579999095299:0.017034756745337502]
tree_sizes=2276 2591 1950 2307 2086

Tree=0
num_leaves=24
num_cat=0
split_feature=33 15 20 32 15 34 34 13 33 32 29 34 20 16 22 34 19 11 32 22 23 35 34
split_gain=0.24856 0.152947 0.0955846 0.0841578 0.0782331 0.077449 0.0680539 0.0670144 0.0621662 0.0941297 0.0896884 0.0621491 0.0513001 0.044965 0.0680563 0.0431857 0.0404103 0.0380771 0.0330715 0.0308875 0.021538 0.0189261 0.0143953
threshold=-0.0014935042614189998 0.0086598583354738513 2.1350000000000002 0.0048681663745696506 0.0067487660844895011 0.19725322881783228 -0.05602503892510164 0.97747912203744791 0.14794405645693443 -0.0020976712420714993 0.00021543090289500002 0.13192193683180797 2.2850000000000006 36.800914132840582 242.33150000000003 -0.0032456469988407996 98.775001530000011 0.97831871303998164 0.011429675008253802 253.79800000000003 0.115 -3.7703871927058937e-05 -0.020536185923323996
decision_type=2 2 2 2 2 2 2 2 2 2 2 2 2 2 2 2 2 2 2 2 2 2 2
left_child=2 5 3 4 -1 13 20 22 9 16 -11 -10 21 19 -15 -14 -3 -6 -8 -2 -5 -9 -4
right_child=1 8 7 6 17 -7 18 12 11 10 -12 -13 15 14 -16 -17 -18 -19 -20 -21 -22 -23 -24
leaf_value=0.0056684063362959043 0.0060507732836875255 0.0053151863738926221 0.0047807881997502608 0.0041381199809927844 0.0049469091568677889 0.0065476636140832569 0.0052056213915485598 0.003175106745639371 0.0072880642389832259 0.0048083548819141059 0.0062026923507912217 0.0050844328825548494 0.0046914870435629721 0.0038809575138969042 0.0049297675625006067 0.0039351524811898986 0.0043794232575901848 0.0039966793763458403 0.0063416185930114171 0.0049469091568677889 0.0050201859057744033 0.0041405327825274471 0.0056814731466865625
leaf_weight=37 46 111 21 28 48 24 54 57 37 48 182 21 201 59 615 116 62 145 55 35 105 65 30
leaf_count=37 46 111 21 28 48 24 54 57 37 48 182 21 201 59 615 116 62 145 55 35 105 65 30
internal_value=0.00494691 0.00522737 0.00458566 0.00489804 0.0044847 0.00496649 0.00527949 0.00429297 0.00565876 0.00550689 0.00590079 0.00658538 0.00417169 0.00491405 0.00482921 0.00439846 0.00495882 0.00423489 0.00582762 0.00556324 0.0048428 0.00363378 0.00526642
internal_weight=2202 1240 962 472 230 779 242 490 461 403 230 58 439 755 674 317 173 193 109 81 133 122 51
internal_count=2202 1240 962 472 230 779 242 490 461 403 230 58 439 755 674 317 173 193 109 81 133 122 51
is_linear=0
shrinkage=1


Tree=1
num_leaves=27
num_cat=0
split_feature=33 15 20 32 15 13 33 32 29 28 33 28 20 28 15 28 33 19 33 35 17 17 19 26 15 23
split_gain=0.234382 0.144229 0.0905145 0.078881 0.0738936 0.0633625 0.0591813 0.0873057 0.0847412 0.0531284 0.0682441 0.0496465 0.0492233 0.0494442 0.0446233 0.049737 0.0451318 0.0393412 0.0392832 0.034093 0.0321637 0.0287531 0.0275403 0.0207519 0.0086502 0.00845465
threshold=-0.0014935042614189998 0.0086598583354738513 2.1450000000000005 0.0048681663745696506 0.0067487660844895011 0.97747912203744791 0.15007333495147016 -0.0020976712420714993 0.00021543090289500002 0.018498186411994653 -0.12645518087427227 0.00046867511092150006 2.2850000000000006 0.0013418808574908502 0.0070151903135125008 0.006912514695081101 0.043120490765926604 98.775001530000011 -0.018507469080604796 0.0010098202120521502 0.0015267475327684502 9.0889631612519817e-05 93.834999085000007 914.99000000000012 0.0081965959079240026 0.33500000000000008
decision_type=2 2 2 2 2 2 2 2 2 2 2 2 2 2 2 2 2 2 2 2 2 2 2 2 2 2
left_child=2 14 3 4 -1 25 7 17 -9 10 -5 -6 13 -7 16 23 22 -3 -14 -18 -17 -8 -2 -16 -11 -4
right_child=1 6 5 9 11 12 21 8 -10 24 -12 -13 18 -15 15 20 19 -19 -20 -21 -22 -23 -24 -25 -26 -27
leaf_value=0.00070147566472251132 0.00029157334740515114 0.00036837007883928132 0 -6.7464898682090553e-05 0.00010786727425756349 -0.00014610050566760555 0.00042081790310128227 -0.00013464214874650624 0.0012184725722707357 3.6576830898411504e-06 0.0010795303247450136 -0.00095804640494287019 -0.00017478715791069746 -0.0016426085468189305 2.0832571660129115e-05 -0.00014325715275481342 0.00075286835804872691 -0.00055124703369175006 -0.00087282354784316721 0 -0.00087132616605958889 0.00214306222708087 -0.00040192283053173099 0.0010837987645715475 -0.00060637031526161126 0.00072950100265006769
leaf_weight=37 83 113 30 74 46 32 20 48 183 21 104 147 161 89 68 144 157 62 156 86 101 35 118 22 44 21
leaf_count=37 83 113 30 74 46 32 20 48 183 21 104 147 161 89 68 144 157 62 156 86 101 35 118 22 44 21
internal_value=0 0.000272422 -0.000350714 -4.7183e-05 -0.000447907 -0.000636139 0.000691345 0.000546868 0.000926364 0.000320745 0.0005929 -0.000690926 -0.000754371 -0.00128414 1.89729e-05 -0.00023699 0.000219104 2.19094e-05 -0.000532638 0.000493889 -0.000462406 0.00162268 -0.000100771 0.000339506 -0.0003737 0.000309208
internal_weight=2202 1240 962 473 230 489 461 406 231 243 178 193 438 121 779 335 444 175 317 243 245 55 201 90 65 51
internal_count=2202 1240 962 473 230 489 461 406 231 243 178 193 438 121 779 335 444 175 317 243 245 55 201 90 65 51
is_linear=0
shrinkage=0.03


Tree=2
num_leaves=20
num_cat=0
split_feature=30 20 23 34 30 34 34 30 23 25 13 34 32 20 28 32 11 34 32
split_gain=0.15947 0.103479 0.0916031 0.0520368 0.0581082 0.115536 0.0801261 0.077979 0.10634 0.0556 0.0498641 0.04649 0.0467094 0.040232 0.0502922 0.0397294 0.0298677 0.0152938 0.00317554
threshold=-0.00049063223602799995 2.1050000000000004 0.085000000000000006 0.19725322881783228 0.015761931030312603 0.051940271999132356 0.0068227744430340012 0.071598452623646905 0.47500000000000003 69.395544190000024 0.97747912203744791 -0.0068442449950695495 0.0051439839365653014 2.3150000000000004 0.0010467230742279001 0.024940202924143805 0.97107191136046711 -0.020536185923323996 -0.0029436037912777993
decision_type=2 2 2 2 2 2 2 2 2 2 2 2 2 2 2 2 2 2 2
left_child=1 2 16 4 5 6 -2 9 -9 -6 17 12 -4 14 -12 -15 -1 -3 -7
right_child=3 10 11 -5 7 18 -8 8 -10 -11 13 -13 -14 15 -16 -17 -18 -19 -20
leaf_value=0 0.00069786696029075306 -0.00022043946120314873 -0.00031204900309041308 0.0015388276879158282 -0.001296962074340975 0.0008192163196377336 -0.00010581122568237334 0.0008627428595933261 -0.00010609453285032493 -0.0001570706777242501 -6.2844807548182347e-05 0.0012071640940686296 0.00044956560520457929 -0.00055132977765585825 -0.0014001835817587563 0.00063175923542047919 -0.0013641364068405339 0.00070060361121696501 0.0017944861082835313
leaf_weight=20 189 23 118 24 44 28 253 168 240 278 39 40 170 314 112 23 43 30 46
leaf_count=20 189 23 118 24 44 28 253 168 240 278 39 40 170 314 112 23 43 30 46
internal_value=0 -0.000297269 6.7695e-05 0.00021872 0.000187256 0.000430112 0.000233489 1.0442e-05 0.000288925 -0.000332597 -0.000565474 0.000277719 0.000127206 -0.000661927 -0.00108221 -0.000456899 -0.000943229 0.000256937 0.00151072
internal_weight=2202 932 391 1270 1246 516 442 730 408 322 541 328 288 488 151 337 63 53 74
internal_count=2202 932 391 1270 1246 516 442 730 408 322 541 328 288 488 151 337 63 53 74
is_linear=0
shrinkage=0.03


Tree=3
num_leaves=24
num_cat=0
split_feature=33 15 20 32 15 34 34 13 33 32 29 34 28 28 20 28 16 22 34 19 22 23 34
split_gain=0.21161 0.133712 0.0803329 0.0707544 0.0691753 0.0680809 0.0616538 0.0568719 0.055016 0.079264 0.079653 0.0604376 0.0486335 0.0462071 0.0441459 0.0437532 0.0415571 0.0630857 0.0385874 0.0364372 0.0284256 0.0194 0.0125765
threshold=-0.0014935042614189998 0.0086598583354738513 2.1450000000000005 0.0048681663745696506 0.0067487660844895011 0.19725322881783228 -0.05602503892510164 0.97747912203744791 0.15007333495147016 -0.0020976712420714993 0.00021543090289500002 0.13192193683180797 0.014999247455752351 0.00046867511092150006 2.2850000000000006 0.0013418808574908502 36.800914132840582 242.33150000000003 -0.0032456469988407996 98.775001530000011 253.79800000000003 0.115 -0.020536185923323996
decision_type=2 2 2 2 2 2 2 2 2 2 2 2 2 2 2 2 2 2 2 2 2 2 2
left_child=2 5 3 4 -1 16 21 22 9 19 -11 -10 -8 -6 15 -9 20 -18 -16 -3 -2 -5 -4
right_child=1 8 7 6 13 -7 12 14 11 10 -12 -13 -14 -15 18 -17 17 -19 -20 -21 -22 -23 -24
leaf_value=0.00068462167151737952 0.0010575531772789261 0.00035569914160416748 -0.00015597374568460508 -0.00077918438264919872 0.00010680854584004882 0.0014977922824521857 0.0012561721228374057 -0.00013922311781872329 0.0022984322313521358 -0.00014250818544464622 0.0011678710347778473 0.00010398880299180744 -2.9254249171712036e-06 -0.00091977075885050011 -0.00022580205357243194 -0.0015543014001001291 -0.0010287791855460512 -1.8645871929427069e-05 -0.00094101154464962234 -0.00052916267117342122 0 5.4633368868341237e-05 0.00068149622286860407
leaf_weight=37 46 113 21 28 46 24 73 32 34 48 183 21 36 147 201 89 59 615 116 62 35 106 30
leaf_count=37 46 113 21 28 46 24 73 32 34 48 183 21 36 147 201 89 59 615 116 62 35 106 30
internal_value=0 0.000259078 -0.000333014 -4.66215e-05 -0.000426383 1.49299e-05 0.000301444 -0.000601964 0.000662412 0.000522791 0.000884428 0.001561 0.000824598 -0.000661898 -0.000714087 -0.00121668 -3.3991e-05 -0.000115668 -0.000503262 2.17164e-05 0.000589789 -0.000110947 0.000291593
internal_weight=2202 1240 962 473 230 779 243 489 461 406 231 55 109 193 438 121 755 674 317 175 81 134 51
internal_count=2202 1240 962 473 230 779 243 489 461 406 231 55 109 193 438 121 755 674 317 175 81 134 51
is_linear=0
shrinkage=0.03


Tree=4
num_leaves=22
num_cat=0
split_feature=34 20 23 20 29 30 29 34 11 15 26 22 28 21 29 21 28 8 14 28 17
split_gain=0.144277 0.142959 0.13205 0.0852685 0.0804563 0.0777251 0.0661113 0.0784366 0.0626404 0.0598387 0.0521302 0.0477124 0.0372363 0.0288051 0.0208523 0.0200997 0.017943 0.0100542 0.00843134 0.0050105 0.00312926
threshold=-0.0088277973694354476 1.0300000000000002 1.3550000000000002 2.7550000000000003 0.11565586884691562 0.00011714527697820002 0.018536221429106603 0.17722651045409435 1.0407054369658171 0.009395388812006902 975.53500000000008 261.47800000000007 0.019689204679041606 16.154999735000001 0.23995324394220405 22.869999885000002 0.014669907060383052 1.009009845244123 0.0097797749955684018 0.0056147222848191005 0.00027687386138730005
decision_type=2 2 2 2 2 2 2 2 2 2 2 2 2 2 2 2 2 2 2 2 2
left_child=2 8 4 6 11 16 7 -3 19 -7 -8 13 14 -1 17 18 -5 -4 -6 -2 -14
right_child=1 3 12 5 15 9 10 -9 -10 -11 -12 -13 20 -15 -16 -17 -18 -19 -20 -21 -22
leaf_value=-0.00056425578000822234 0.00081989264269561875 4.644467354009769e-05 0.00076544503702431885 -0.00090131958656290429 -0.0015150621060099569 -9.9703882328964764e-05 0.0010148907613868172 0.001489683034674575 0.00015150199345403162 0.0013500663721773387 -0.00021882838827756739 -0.0012839731771939272 -0.00049817471602000294 -1.6385160169696719e-05 -9.8256168887019145e-05 -0.00012733579402708487 0 0 -0.00048900697745382789 0.0020444603766873477 0
leaf_weight=144 20 703 118 138 94 203 145 33 38 26 33 43 36 239 33 20 20 21 22 47 26
leaf_count=144 20 703 118 138 94 203 145 33 38 26 33 43 36 239 33 20 20 21 22 47 26
internal_value=0 0.000182956 -0.000321694 9.31696e-05 -0.000571838 -0.000275004 0.00025272 0.000120999 0.00123419 6.72971e-05 0.000769757 -0.000354251 0.000266056 -0.00023293 0.000498147 -0.00120946 -0.000781766 0.00065995 -0.00136291 0.00177258 -0.000324929
internal_weight=2202 1406 796 1301 562 387 914 736 105 229 178 426 234 383 172 136 158 139 116 67 62
internal_count=2202 1406 796 1301 562 387 914 736 105 229 178 426 234 383 172 136 158 139 116 67 62
is_linear=0
shrinkage=0.03


end of trees

feature_importances:
Sentiment_EMA_60d=17
Daily_Bullish=11
US_10Y_Yield=10
Sentiment_Spike=10
Rolling_Std_20=9
Sentiment_EMA_30d=9
Fed_Funds_Rate=6
Daily_Bearish=6
CPI_Inflation=5
Close_to_EMA_20=4
USD_Index=4
Daily_NSS=4
Close_to_MA_50=3
MACD_Pct=3
RSI_14=2
VIX=2
ETF_Holdings=2
Sentiment_x_Trend=2
Close_to_MA_5=1
Rolling_Std_10=1
Gold_Silver_Ratio=1

parameters:
[boosting: gbdt]
[objective: regression]
[metric: l2]
[tree_learner: serial]
[device_type: cpu]
[data_sample_strategy: bagging]
[data: ]
[valid: ]
[num_iterations: 200]
[learning_rate: 0.03]
[num_leaves: 31]
[num_threads: 20]
[seed: 42]
[deterministic: 0]
[force_col_wise: 0]
[force_row_wise: 0]
[histogram_pool_size: -1]
[max_depth: 5]
[min_data_in_leaf: 20]
[min_sum_hessian_in_leaf: 0.001]
[bagging_fraction: 0.8]
[pos_bagging_fraction: 1]
[neg_bagging_fraction: 1]
[bagging_freq: 0]
[bagging_seed: 400]
[bagging_by_query: 0]
[feature_fraction: 0.8]
[feature_fraction_bynode: 1]
[feature_fraction_seed: 30056]
[extra_trees: 0]
[extra_seed: 12879]
[early_stopping_round: 0]
[early_stopping_min_delta: 0]
[first_metric_only: 0]
[max_delta_step: 0]
[lambda_l1: 0.1]
[lambda_l2: 3]
[linear_lambda: 0]
[min_gain_to_split: 0]
[drop_rate: 0.1]
[max_drop: 50]
[skip_drop: 0.5]
[xgboost_dart_mode: 0]
[uniform_drop: 0]
[drop_seed: 17869]
[top_rate: 0.2]
[other_rate: 0.1]
[min_data_per_group: 100]
[max_cat_threshold: 32]
[cat_l2: 10]
[cat_smooth: 10]
[max_cat_to_onehot: 4]
[top_k: 20]
[monotone_constraints: ]
[monotone_constraints_method: basic]
[monotone_penalty: 0]
[feature_contri: ]
[forcedsplits_filename: ]
[refit_decay_rate: 0.9]
[cegb_tradeoff: 1]
[cegb_penalty_split: 0]
[cegb_penalty_feature_lazy: ]
[cegb_penalty_feature_coupled: ]
[path_smooth: 0]
[interaction_constraints: ]
[verbosity: -1]
[saved_feature_importance_type: 0]
[use_quantized_grad: 0]
[num_grad_quant_bins: 4]
[quant_train_renew_leaf: 0]
[stochastic_rounding: 1]
[linear_tree: 0]
[max_bin: 255]
[max_bin_by_feature: ]
[min_data_in_bin: 3]
[bin_construct_sample_cnt: 200000]
[data_random_seed: 175]
[is_enable_sparse: 1]
[enable_bundle: 1]
[use_missing: 1]
[zero_as_missing: 0]
[feature_pre_filter: 1]
[pre_partition: 0]
[two_round: 0]
[header: 0]
[label_column: ]
[weight_column: ]
[group_column: ]
[ignore_column: ]
[categorical_feature: ]
[forcedbins_filename: ]
[precise_float_parser: 0]
[parser_config_file: ]
[objective_seed: 16083]
[num_class: 1]
[is_unbalance: 0]
[scale_pos_weight: 1]
[sigmoid: 1]
[boost_from_average: 1]
[reg_sqrt: 0]
[alpha: 0.9]
[fair_c: 1]
[poisson_max_delta_step: 0.7]
[tweedie_variance_power: 1.5]
[lambdarank_truncation_level: 30]
[lambdarank_norm: 1]
[label_gain: ]
[lambdarank_position_bias_regularization: 0]
[eval_at: ]
[multi_error_top_k: 1]
[auc_mu_weights: ]
[num_machines: 1]
[local_listen_port: 12400]
[time_out: 120]
[machine_list_filename: ]
[machines: ]
[gpu_platform_id: -1]
[gpu_device_id: -1]
[gpu_device_id_list: ]
[gpu_use_dp: 0]
[num_gpu: 1]

end of parameters

pandas_categorical:[]
