tree
version=v4
num_class=1
num_tree_per_iteration=1
label_index=0
max_feature_idx=35
objective=regression
feature_names=Return Log_Return Ret_Lag_1 Ret_Lag_2 Ret_Lag_3 Ret_Lag_5 Ret_Lag_10 Daily_Range_Pct Close_to_MA_5 Close_to_MA_10 Close_to_MA_20 Close_to_MA_50 Close_to_EMA_10 Close_to_EMA_20 Rolling_Std_10 Rolling_Std_20 RSI_14 MACD_Pct Volume_to_MA_10 USD_Index US_10Y_Yield VIX CPI_Inflation Fed_Funds_Rate Real_Yield_10Y Gold_Silver_Ratio ETF_Holdings News_Volume Daily_Bullish Daily_Bearish Daily_NSS Sentiment_EMA_7d Sentiment_Spike Sentiment_EMA_30d Sentiment_EMA_60d Sentiment_x_Trend
feature_infos=[-0.049787261049700701:0.059476675923340702] [-0.051069383720258002:0.057775084253924198] [-0.049787261049700701:0.059476675923340702] [-0.049787261049700701:0.059476675923340702] [-0.049787261049700701:0.059476675923340702] [-0.049787261049700701:0.059476675923340702] [-0.049787261049700701:0.059476675923340702] [0:0.078740156186575705] [0.93793313810140777:1.0826779071998462] [0.91799856664688517:1.0763535109640261] [0.91691942540963522:1.0993067380055597] [0.91826784837337083:1.1345926026918298] [0.93433552769747197:1.0629203962718834] [0.92724732402649179:1.0870129484146571] [0.0019845374892284002:0.036763592403246198] [0.0031889989828997999:0.029169517904935601] [19.736579673164101:88.210785159824809] [-0.0145814313866162:0.0092135890202180992] [0:9.9989886445000487] [80.040000919999997:113.2200012] [0.52000000000000002:4.2199999999999998] [9.1400003430000005:75.47000122] [234.74700000000001:298.786] [0.050000000000000003:4.0999999999999996] [-1.1899999999999999:1.74] [62.384080060000002:116.34043130000001] [634.63:1277.9400000000001] [0:2] [0:0.47475716471672058] [0:0.48260980844497681] [-0.47856015898287302:0.4638560614548623] [-0.38175233266014419:0.38792826723736962] [-0.57853378824169688:0.52489617065636529] [-0.23910313342124129:0.29287733839099389] [-0.17202983625432461:0.22255828156139579] [-0.026316579999095299:0.017034756745337502]
tree_sizes=1847 1910 1593 1923

Tree=0
num_leaves=19
num_cat=0
split_feature=33 21 20 14 33 11 19 16 20 19 15 35 15 32 14 7 31 15
split_gain=0.0589677 0.0438309 0.0400337 0.0386856 0.0346194 0.0330694 0.027237 0.0255201 0.0252937 0.0209387 0.0185138 0.0303656 0.0167603 0.0141334 0.0100933 0.0053211 0.00503331 0.00223607
threshold=-0.0033409904486391495 14.030000210000003 2.3950000000000005 0.020993444577939353 0.15994961779832764 0.95015219276523244 98.805000305000007 37.018815320453179 2.1550000000000007 111.41500095000002 0.0067487660844895011 -0.0015052663531286497 0.010652388808836951 0.00049694728596720009 0.0072917205063960005 0.0052448332049664006 0.19564631903467183 0.0091378675393456021
decision_type=2 2 2 2 2 2 2 2 2 2 2 2 2 2 2 2 2 2
left_child=1 2 13 4 7 -3 16 8 -2 -9 11 -7 -12 -1 -15 -4 -6 -8
right_child=3 5 15 -5 6 10 17 9 -10 -11 12 -13 -14 14 -16 -17 -18 -19
leaf_value=0.0025335375695494842 0.0026109065775302906 0.00322358686472945 0.0018800189395872173 0.0039378132319308036 0.0026524895071353841 0.0034888752812899104 0.0031693271507694464 0.0026524895071353841 0.0033296938593020521 0.0017575101753765795 0.0020747693419390818 0.0023974955010038898 0.0025024854433600189 0.0034246257259388955 0.0028476062055771871 0.0025561327023706621 0.0030013695651488499 0.0041709722169045432
leaf_weight=30 64 31 28 23 34 24 21 923 99 21 332 136 141 74 74 36 100 21
leaf_count=30 64 31 28 23 34 24 21 923 99 21 332 136 141 74 74 36 100 21
internal_value=0.00265249 0.00246686 0.00280289 0.00278139 0.00275538 0.00233977 0.00314393 0.00268974 0.00303375 0.00263249 0.00228928 0.00259199 0.00219422 0.00304229 0.00316559 0.00219421 0.00289424 0.00380466
internal_weight=2212 906 242 1306 1283 664 176 1107 163 944 633 160 473 178 148 64 134 42
internal_count=2212 906 242 1306 1283 664 176 1107 163 944 633 160 473 178 148 64 134 42
is_linear=0
shrinkage=1


Tree=1
num_leaves=20
num_cat=0
split_feature=33 28 22 26 14 33 11 19 19 13 33 15 22 10 31 15 15 17 33
split_gain=0.0556373 0.0375147 0.0441333 0.0567776 0.0366478 0.0328318 0.0289245 0.0259509 0.0228185 0.0213055 0.0180739 0.0165444 0.0118407 0.0177556 0.00478708 0.00192373 0.00176745 0.00155177 0.00132948
threshold=-0.0033409904486391495 0.020106556701612554 261.47800000000007 867.83000000000004 0.020993444577939353 0.15994961779832764 0.95430260582967918 98.805000305000007 111.41500095000002 0.98853280132370391 -0.15105567559345412 0.011456572159727401 252.37150000000003 1.000375768249999 0.19564631903467183 0.0091378675393456021 0.0079821354028837017 -0.0026925720905542493 -0.064426259560960694
decision_type=2 2 2 2 2 2 2 2 2 2 2 2 2 2 2 2 2 2 2
left_child=1 2 3 6 5 8 -1 14 9 -2 -5 -4 13 -3 -7 -9 -14 -13 -18
right_child=4 12 11 10 -6 7 -8 15 -10 -11 -12 17 16 -15 -16 -17 18 -19 -20
leaf_value=0.00055670348765852389 0.00030284992751668217 -0.0002969779221926846 -0.0011702608518129169 -0.00015228091647077234 0.0012512132173690658 0 -0.00028972351768689886 0.00050327061788993897 -0.0008714861278422177 -1.0100966961797513e-05 0.00048081219812629212 0 0 -0.0015981746147800649 0.00033871849358434452 0.0014786225523566825 -6.505015657026448e-05 -0.00036652825912713763 -0.00052485993395869925
leaf_weight=35 246 28 40 41 23 34 401 21 21 840 199 21 20 24 100 21 26 20 51
leaf_count=35 246 28 40 41 23 34 401 21 21 840 199 21 20 24 100 21 26 20 51
internal_value=0 -0.000180115 -8.87141e-05 -3.6375e-06 0.000125401 0.000100014 -0.000211603 0.00047843 3.6017e-05 5.86727e-05 0.000359768 -0.000737534 -0.000613827 -0.00100649 0.000234113 0.00112368 -0.000349446 -0.000196173 -0.000415361
internal_weight=2212 906 757 676 1306 1283 436 176 1107 1086 240 81 149 52 134 42 97 41 77
internal_count=2212 906 757 676 1306 1283 436 176 1107 1086 240 81 149 52 134 42 97 41 77
is_linear=0
shrinkage=0.03


Tree=2
num_leaves=16
num_cat=0
split_feature=26 30 34 23 28 35 24 22 30 22 29 20 35 32 34
split_gain=0.0534386 0.0312631 0.0380056 0.0345219 0.0332312 0.0313888 0.0444818 0.0280536 0.0279274 0.027703 0.0213631 0.0140064 0.00629314 0.00562187 0.00511018
threshold=639.99500000000012 0.072466792584197956 0.0053692349210708009 0.59500000000000008 0.024685576938927853 -0.00012765318522474999 -0.91499999999999992 241.88350000000005 -0.0047265596876393491 261.47800000000007 0.00056587068354175 2.4450000000000007 0.00035456542423410004 -0.011390937730340849 0.17212490882891004
decision_type=2 2 2 2 2 2 2 2 2 2 2 2 2 2 2
left_child=8 4 -3 11 5 6 -2 13 12 -9 -7 -4 -1 -6 -5
right_child=1 2 3 14 7 10 -8 9 -10 -11 -12 -13 -14 -15 -16
leaf_value=-0.001093994550163015 0.0011543553627685623 -0.00061738581826763326 0.00051575749889270031 0 -0.00027871023055732897 0.00020582968452018219 0.00014370121082875239 1.9256285660080243e-06 5.3818329343233585e-05 -0.000611849617316197 -0.00012399915321935516 0.0014073333429793515 -0.00020323108218144625 -0.0012715980546548961 0.00032744980330157668
leaf_weight=60 44 35 138 165 20 226 321 229 30 85 728 24 20 27 60
leaf_count=60 44 35 138 165 20 226 321 229 30 85 728 24 20 27 60
internal_value=0 3.41004e-05 0.000264541 0.00035613 -2.237e-05 4.56169e-05 0.000282103 -0.000277347 -0.000635575 -0.000158978 -4.23285e-05 0.000689211 -0.000922843 -0.000951166 9.72407e-05
internal_weight=2212 2102 422 387 1680 1319 365 361 110 314 954 162 80 47 225
internal_count=2212 2102 422 387 1680 1319 365 361 110 314 954 162 80 47 225
is_linear=0
shrinkage=0.03


Tree=3
num_leaves=20
num_cat=0
split_feature=33 28 22 24 14 33 20 29 19 24 24 25 15 10 34 17 15 29 30
split_gain=0.0508995 0.0352376 0.0419978 0.0398795 0.034222 0.0297866 0.0244278 0.0242619 0.0240007 0.023831 0.0202412 0.018246 0.0154122 0.00848142 0.00508562 0.00146882 0.00134136 0.00127681 0.00211439
threshold=-0.0033409904486391495 0.020106556701612554 261.47800000000007 0.46500000000000002 0.020993444577939353 0.15994961779832764 2.3950000000000005 0.007286100729047301 98.805000305000007 1.5900000000000003 1.1650000000000003 76.257221035000015 0.011456572159727401 1.000375768249999 0.13725648218725009 -0.0026925720905542493 0.0091378675393456021 0.18230652121153623 0.018728990685303402
decision_type=2 2 2 2 2 2 2 2 2 2 2 2 2 2 2 2 2 2 2
left_child=1 2 3 6 5 9 -1 -5 14 10 -2 13 -4 -3 -7 -14 -10 18 -13
right_child=4 11 12 7 -6 8 -8 -9 16 -11 -12 17 15 -15 -16 -17 -18 -19 -20
leaf_value=0.00030927887493489397 1.350962521449571e-05 -0.00038425754603056705 -0.0011350757632577833 0.0002829070169711486 0.0012078816799375299 0.00046599616767729028 -0.00047396746413218543 -0.00036303279953066851 0.0004826864474744071 -0.00087462618129327898 0.00046762884663908289 -0.00066204022483613628 0 -0.0015327458018048975 3.7752991854677533e-05 -0.00035617610376515509 0.0014106674703070891 0 -0.00017818879537350897
leaf_weight=312 989 22 40 57 23 48 35 272 21 22 96 23 21 24 86 20 21 20 60
leaf_count=312 989 22 40 57 23 48 35 272 21 22 96 23 21 24 86 20 21 20 60
internal_value=0 -0.00017243 -8.37308e-05 -6.59082e-07 0.000119788 9.51769e-05 0.00021832 -0.000240541 0.000455678 3.40821e-05 5.76257e-05 -0.000592786 -0.000716523 -0.00110185 0.000219897 -0.000190446 0.00107646 -0.000312385 -0.000365569
internal_weight=2212 906 757 676 1306 1283 347 329 176 1107 1085 149 81 46 134 41 42 103 83
internal_count=2212 906 757 676 1306 1283 347 329 176 1107 1085 149 81 46 134 41 42 103 83
is_linear=0
shrinkage=0.03


end of trees

feature_importances:
Rolling_Std_20=8
Sentiment_EMA_30d=8
USD_Index=5
CPI_Inflation=5
Rolling_Std_10=4
US_10Y_Yield=4
Real_Yield_10Y=4
Daily_Bullish=3
Daily_Bearish=3
Daily_NSS=3
Sentiment_EMA_60d=3
Sentiment_x_Trend=3
Close_to_MA_20=2
Close_to_MA_50=2
MACD_Pct=2
ETF_Holdings=2
Sentiment_EMA_7d=2
Sentiment_Spike=2
Daily_Range_Pct=1
Close_to_EMA_20=1
RSI_14=1
VIX=1
Fed_Funds_Rate=1
Gold_Silver_Ratio=1

parameters:
[boosting: gbdt]
[objective: regression]
[metric: l2]
[tree_learner: serial]
[device_type: cpu]
[data_sample_strategy: bagging]
[data: ]
[valid: ]
[num_iterations: 200]
[learning_rate: 0.03]
[num_leaves: 31]
[num_threads: 20]
[seed: 42]
[deterministic: 0]
[force_col_wise: 0]
[force_row_wise: 0]
[histogram_pool_size: -1]
[max_depth: 5]
[min_data_in_leaf: 20]
[min_sum_hessian_in_leaf: 0.001]
[bagging_fraction: 0.8]
[pos_bagging_fraction: 1]
[neg_bagging_fraction: 1]
[bagging_freq: 0]
[bagging_seed: 400]
[bagging_by_query: 0]
[feature_fraction: 0.8]
[feature_fraction_bynode: 1]
[feature_fraction_seed: 30056]
[extra_trees: 0]
[extra_seed: 12879]
[early_stopping_round: 0]
[early_stopping_min_delta: 0]
[first_metric_only: 0]
[max_delta_step: 0]
[lambda_l1: 0.1]
[lambda_l2: 3]
[linear_lambda: 0]
[min_gain_to_split: 0]
[drop_rate: 0.1]
[max_drop: 50]
[skip_drop: 0.5]
[xgboost_dart_mode: 0]
[uniform_drop: 0]
[drop_seed: 17869]
[top_rate: 0.2]
[other_rate: 0.1]
[min_data_per_group: 100]
[max_cat_threshold: 32]
[cat_l2: 10]
[cat_smooth: 10]
[max_cat_to_onehot: 4]
[top_k: 20]
[monotone_constraints: ]
[monotone_constraints_method: basic]
[monotone_penalty: 0]
[feature_contri: ]
[forcedsplits_filename: ]
[refit_decay_rate: 0.9]
[cegb_tradeoff: 1]
[cegb_penalty_split: 0]
[cegb_penalty_feature_lazy: ]
[cegb_penalty_feature_coupled: ]
[path_smooth: 0]
[interaction_constraints: ]
[verbosity: -1]
[saved_feature_importance_type: 0]
[use_quantized_grad: 0]
[num_grad_quant_bins: 4]
[quant_train_renew_leaf: 0]
[stochastic_rounding: 1]
[linear_tree: 0]
[max_bin: 255]
[max_bin_by_feature: ]
[min_data_in_bin: 3]
[bin_construct_sample_cnt: 200000]
[data_random_seed: 175]
[is_enable_sparse: 1]
[enable_bundle: 1]
[use_missing: 1]
[zero_as_missing: 0]
[feature_pre_filter: 1]
[pre_partition: 0]
[two_round: 0]
[header: 0]
[label_column: ]
[weight_column: ]
[group_column: ]
[ignore_column: ]
[categorical_feature: ]
[forcedbins_filename: ]
[precise_float_parser: 0]
[parser_config_file: ]
[objective_seed: 16083]
[num_class: 1]
[is_unbalance: 0]
[scale_pos_weight: 1]
[sigmoid: 1]
[boost_from_average: 1]
[reg_sqrt: 0]
[alpha: 0.9]
[fair_c: 1]
[poisson_max_delta_step: 0.7]
[tweedie_variance_power: 1.5]
[lambdarank_truncation_level: 30]
[lambdarank_norm: 1]
[label_gain: ]
[lambdarank_position_bias_regularization: 0]
[eval_at: ]
[multi_error_top_k: 1]
[auc_mu_weights: ]
[num_machines: 1]
[local_listen_port: 12400]
[time_out: 120]
[machine_list_filename: ]
[machines: ]
[gpu_platform_id: -1]
[gpu_device_id: -1]
[gpu_device_id_list: ]
[gpu_use_dp: 0]
[num_gpu: 1]

end of parameters

pandas_categorical:[]
