tree
version=v4
num_class=1
num_tree_per_iteration=1
label_index=0
max_feature_idx=35
objective=regression
feature_names=Return Log_Return Ret_Lag_1 Ret_Lag_2 Ret_Lag_3 Ret_Lag_5 Ret_Lag_10 Daily_Range_Pct Close_to_MA_5 Close_to_MA_10 Close_to_MA_20 Close_to_MA_50 Close_to_EMA_10 Close_to_EMA_20 Rolling_Std_10 Rolling_Std_20 RSI_14 MACD_Pct Volume_to_MA_10 USD_Index US_10Y_Yield VIX CPI_Inflation Fed_Funds_Rate Real_Yield_10Y Gold_Silver_Ratio ETF_Holdings News_Volume Daily_Bullish Daily_Bearish Daily_NSS Sentiment_EMA_7d Sentiment_Spike Sentiment_EMA_30d Sentiment_EMA_60d Sentiment_x_Trend
feature_infos=[-0.049787261049700701:0.059476675923340702] [-0.051069383720258002:0.057775084253924198] [-0.049787261049700701:0.059476675923340702] [-0.049787261049700701:0.059476675923340702] [-0.049787261049700701:0.059476675923340702] [-0.049787261049700701:0.059476675923340702] [-0.049787261049700701:0.059476675923340702] [0:0.078740156186575705] [0.93793313810140777:1.0826779071998462] [0.91799856664688517:1.0763535109640261] [0.91691942540963522:1.0993067380055597] [0.91826784837337083:1.1345926026918298] [0.93433552769747197:1.0629203962718834] [0.92724732402649179:1.0870129484146571] [0.0019845374892284002:0.036763592403246198] [0.0031889989828997999:0.029169517904935601] [19.736579673164101:88.210785159824809] [-0.0145814313866162:0.0092135890202180992] [0:9.9989886445000487] [80.040000919999997:113.13999939999999] [0.52000000000000002:4.2199999999999998] [9.1400003430000005:75.47000122] [234.74700000000001:298.786] [0.050000000000000003:4.0999999999999996] [-1.1899999999999999:1.74] [62.384080060000002:116.34043130000001] [634.63:1277.9400000000001] [0:2] [0:0.47475716471672058] [0:0.48260980844497681] [-0.47856015898287302:0.4638560614548623] [-0.38175233266014419:0.38792826723736962] [-0.57853378824169688:0.52489617065636529] [-0.23910313342124129:0.29287733839099389] [-0.17202983625432461:0.22255828156139579] [-0.026316579999095299:0.017034756745337502]
tree_sizes=1985 1908 2023 2122

Tree=0
num_leaves=21
num_cat=0
split_feature=33 15 29 19 23 33 11 34 34 19 22 19 20 22 9 15 33 33 22 20
split_gain=0.66399 0.277094 0.18391 0.170033 0.22043 0.201398 0.150727 0.149073 0.0872732 0.0574197 0.104961 0.104592 0.0556998 0.0477828 0.0652839 0.042503 0.0233187 0.0187257 0.0153043 0.00507515
threshold=-0.0014935042614189998 0.0094722262918378024 0.0074268356029563503 101.0550003 0.33500000000000008 -0.024500532263299447 0.97158386667243302 0.19725322881783228 -0.017924539767460047 101.0550003 242.33150000000003 97.274997710000022 0.81500000000000006 241.88350000000005 1.0067669708045821 0.0065771961148993014 -0.010324407535137798 0.073856813732067761 237.69500000000002 2.1450000000000005
decision_type=2 2 2 2 2 2 2 2 2 2 2 2 2 2 2 2 2 2 2 2
left_child=3 7 13 4 6 8 15 9 -6 11 -11 -2 -8 19 -15 -1 -7 -4 -19 -3
right_child=1 2 17 -5 5 16 12 -9 -10 10 -12 -13 -14 14 -16 -17 -18 18 -20 -21
leaf_value=0.006171811954591936 0.0071409613370089567 0.0072611221639948048 0.0080091069501243423 0.0051764207712364204 0.0073381112582876417 0.0057379713505087224 0.0070331604343105885 0.0094831490998978831 0.008878620051457526 0.0048625985695561202 0.0070507268305866656 0.0080453989997837528 0.0058088827199664871 0.0085935025455973323 0.0072649028667322547 0.0075033016001727765 0.0070167246138071442 0.0082365957720636242 0.0098737382141975902 0.0067313768597314352
leaf_weight=25 602 35 20 79 251 73 43 24 37 21 129 142 346 83 65 86 22 20 65 24
leaf_count=25 602 35 20 79 251 73 43 24 37 21 129 142 346 83 65 86 22 20 65 24
internal_value=0.00708715 0.00754844 0.00831816 0.00649776 0.00662543 0.00715996 0.00621202 0.00728041 0.00756276 0.00721012 0.00668717 0.00732075 0.00593511 0.00776162 0.00804499 0.0071609 0.00599227 0.00933836 0.00957494 0.00708715
internal_weight=2192 1230 312 962 883 383 500 918 288 894 150 744 389 207 148 111 95 105 85 59
internal_count=2192 1230 312 962 883 383 500 918 288 894 150 744 389 207 148 111 95 105 85 59
is_linear=0
shrinkage=1


Tree=1
num_leaves=20
num_cat=0
split_feature=33 15 29 19 23 33 11 33 28 28 19 19 28 23 20 33 28 9 31
split_gain=0.626454 0.262292 0.184955 0.160305 0.20768 0.190296 0.142724 0.114423 0.0692968 0.0619692 0.0550478 0.11319 0.111417 0.0490916 0.0555532 0.0217804 0.0135151 0.0125784 0.0113334
threshold=-0.0014935042614189998 0.0095970095856174522 0.0074268356029563503 101.0550003 0.33500000000000008 -0.024500532263299447 0.95540947442274349 0.23092761874505818 0.018903002586871855 0.00072827964470450004 101.0550003 97.944999695000021 0.035841207707047414 0.59500000000000008 1.0300000000000002 -0.010324407535137798 0.0014486136544499502 1.0165202869202328 0.069230041809716161
decision_type=2 2 2 2 2 2 2 2 2 2 2 2 2 2 2 2 2 2 2
left_child=3 7 13 4 6 8 16 10 -6 -8 11 -2 -12 14 -3 -7 -1 18 -4
right_child=1 2 17 -5 5 15 9 -9 -10 -11 12 -13 -14 -15 -16 -17 -18 -19 -20
leaf_value=0.00084459539724660937 0.00010181098875653584 0.0011399605508977402 0.001609372355455819 -0.001855504414748128 0.00068973403820868199 -0.0013103009234427621 -0.00033628865955963089 0.0021260011502438119 -0.00045512731093913316 -0.001233289676845041 0.00017516897925144384 0.0012606646884694406 -0.0014990854692592654 0.0018371588687958386 7.6103838901662317e-06 -6.856608532369137e-05 0 0.001046014572319109 0.0030319216468411947
leaf_weight=35 670 61 36 79 234 73 103 24 54 339 101 84 50 26 114 22 23 21 43
leaf_count=35 670 61 36 79 234 73 103 24 54 339 101 84 50 26 114 22 23 21 43
internal_value=0 0.00044836 0.00121534 -0.00057219 -0.000448095 7.05381e-05 -0.000849383 0.000193524 0.000462284 -0.00103468 0.000132117 0.000239361 -0.000378143 0.000652576 0.00043173 -0.00106426 0.000494948 0.00226542 0.00250285
internal_weight=2192 1230 301 962 883 383 500 929 288 442 905 754 151 201 175 95 58 100 79
internal_count=2192 1230 301 962 883 383 500 929 288 442 905 754 151 201 175 95 58 100 79
is_linear=0
shrinkage=0.03


Tree=2
num_leaves=21
num_cat=0
split_feature=30 25 34 20 34 26 11 21 11 29 34 34 26 22 32 17 13 9 20 17
split_gain=0.396153 0.209381 0.13814 0.21698 0.116741 0.121877 0.100919 0.091406 0.0789903 0.0900831 0.236868 0.120466 0.0267023 0.0148159 0.0126326 0.00814056 0.00754339 0.00661034 0.00502736 0.000458281
threshold=-0.00049063223602799995 86.343837300000018 -0.014134632234473598 0.97500000000000009 0.19725322881783228 696.70000000000016 1.0311025147377322 15.125000000000002 0.95015219276523244 0.043447144956882004 -0.035052995979396394 -0.05602503892510164 760.87500000000011 257.51700000000005 -0.0013949873311434498 0.0013073040715584502 1.026471285683898 0.9962624858220781 2.1750000000000003 -0.0011272631580859997
decision_type=2 2 2 2 2 2 2 2 2 2 2 2 2 2 2 2 2 2 2 2
left_child=1 8 12 6 5 -5 -4 15 18 11 -11 -10 -2 -9 -14 19 -8 -16 -1 -3
right_child=2 7 3 4 -6 -7 16 13 9 10 -12 -13 14 -15 17 -17 -18 -19 -20 -21
leaf_value=0.00074586893176531476 0.00026276033761678263 0.0011236712917806985 0.0027519749814973156 0.002010480450945241 0.0022802198612027692 0.00019455202152890937 0.00099686616651403401 0.00015256532504119805 0.00034645479215566626 -0.00095274759305896976 0.00058737343166796285 -0.0012522974984581479 -8.3705420815385873e-05 -0.00074997560235281146 -0.00033200223590912565 0.0017945437759190098 6.3769016175723174e-05 -0.0012139518587953515 0 0.00041559378428792114
leaf_weight=26 21 20 48 32 24 979 33 24 44 239 138 334 27 28 25 29 20 51 21 29
leaf_count=26 21 20 48 32 24 979 33 24 44 239 138 334 27 28 25 29 20 51 21 29
internal_value=0 -0.000467332 0.000347295 0.000452755 0.000316939 0.000260766 0.00176639 0.00062736 -0.000650179 -0.000726235 -0.000380909 -0.00105706 -0.000583105 -0.000293272 -0.000786421 0.00126628 0.000720605 -0.000985436 0.000481844 0.000810451
internal_weight=2192 932 1260 1136 1035 1011 101 130 802 755 377 378 124 52 103 78 53 76 47 49
internal_count=2192 932 1260 1136 1035 1011 101 130 802 755 377 378 124 52 103 78 53 76 47 49
is_linear=0
shrinkage=0.03


Tree=3
num_leaves=22
num_cat=0
split_feature=33 15 25 29 34 10 25 19 23 28 19 32 9 33 28 29 25 14 19 32 29
split_gain=0.558209 0.242776 0.167315 0.162591 0.128613 0.101671 0.0694064 0.0672731 0.0590314 0.0531788 0.116127 0.105475 0.0510992 0.0438167 0.0553871 0.0319982 0.0232039 0.0187272 0.0142166 0.00715246 0.00611167
threshold=-0.0014935042614189998 0.0094722262918378024 85.478347275000019 0.0074268356029563503 0.19725322881783228 0.96994994777694343 75.243755185000012 101.0550003 0.35000000000000003 0.028610742193972655 101.5550003 -0.0027899535950038495 1.0067669708045821 -0.018143888631694947 0.018903002586871855 0.030658665271870854 70.816403860000023 0.0096215510750272525 98.584999085000007 -0.00087644029295379981 0.036595786705197357
decision_type=2 2 2 2 2 2 2 2 2 2 2 2 2 2 2 2 2 2 2 2 2
left_child=2 4 5 6 9 17 19 8 -7 11 -11 -2 -8 14 15 -4 -5 20 -18 -3 -1
right_child=1 3 13 16 -6 7 12 -9 -10 10 -12 -13 -14 -15 -16 -17 18 -19 -20 -21 -22
leaf_value=0.0001038645712005046 0.0013152765489856911 0.00016410798593790026 0.0016341832835098792 0.00085643351823091508 0.0022194139841530056 -0.00094250429452845624 0.0016528588892987873 -0.0017731918478384615 -0.00026831575802334844 4.9849717345570535e-05 -0.0014833352043464474 0.00010439696264154712 0.00026626125226646445 -0.00080282081582117829 -0.00043397485174457814 0.00041140525448241859 0.0018097806353227146 -0.0002819196955284237 0.0033389603249155556 -0.00041344187152571977 0.00097863215911719523
leaf_weight=23 81 71 26 23 24 427 65 69 184 451 46 316 48 29 48 107 59 25 23 23 24
leaf_count=23 81 71 26 23 24 427 65 69 184 451 46 316 48 29 48 107 59 25 23 23 24
internal_value=1.11278e-07 0.000424423 -0.000538932 0.00114494 0.000173353 -0.000748201 0.000620801 -0.00086255 -0.000746664 0.000107842 -9.41033e-05 0.000366965 0.00111184 0.000196352 0.000383224 0.000703279 0.00210451 0.000283064 0.0023767 0 0.000642471
internal_weight=2192 1230 962 312 918 752 207 680 611 894 497 397 113 210 181 133 105 72 82 94 47
internal_count=2192 1230 962 312 918 752 207 680 611 894 497 397 113 210 181 133 105 72 82 94 47
is_linear=0
shrinkage=0.03


end of trees

feature_importances:
Sentiment_EMA_30d=10
USD_Index=9
Sentiment_EMA_60d=7
Daily_Bullish=6
Daily_Bearish=6
US_10Y_Yield=5
Close_to_MA_10=4
Close_to_MA_50=4
Rolling_Std_20=4
CPI_Inflation=4
Fed_Funds_Rate=4
Gold_Silver_Ratio=4
Sentiment_Spike=3
MACD_Pct=2
ETF_Holdings=2
Close_to_MA_20=1
Close_to_EMA_20=1
Rolling_Std_10=1
VIX=1
Daily_NSS=1
Sentiment_EMA_7d=1

parameters:
[boosting: gbdt]
[objective: regression]
[metric: l2]
[tree_learner: serial]
[device_type: cpu]
[data_sample_strategy: bagging]
[data: ]
[valid: ]
[num_iterations: 200]
[learning_rate: 0.03]
[num_leaves: 31]
[num_threads: 20]
[seed: 42]
[deterministic: 0]
[force_col_wise: 0]
[force_row_wise: 0]
[histogram_pool_size: -1]
[max_depth: 5]
[min_data_in_leaf: 20]
[min_sum_hessian_in_leaf: 0.001]
[bagging_fraction: 0.8]
[pos_bagging_fraction: 1]
[neg_bagging_fraction: 1]
[bagging_freq: 0]
[bagging_seed: 400]
[bagging_by_query: 0]
[feature_fraction: 0.8]
[feature_fraction_bynode: 1]
[feature_fraction_seed: 30056]
[extra_trees: 0]
[extra_seed: 12879]
[early_stopping_round: 0]
[early_stopping_min_delta: 0]
[first_metric_only: 0]
[max_delta_step: 0]
[lambda_l1: 0.1]
[lambda_l2: 3]
[linear_lambda: 0]
[min_gain_to_split: 0]
[drop_rate: 0.1]
[max_drop: 50]
[skip_drop: 0.5]
[xgboost_dart_mode: 0]
[uniform_drop: 0]
[drop_seed: 17869]
[top_rate: 0.2]
[other_rate: 0.1]
[min_data_per_group: 100]
[max_cat_threshold: 32]
[cat_l2: 10]
[cat_smooth: 10]
[max_cat_to_onehot: 4]
[top_k: 20]
[monotone_constraints: ]
[monotone_constraints_method: basic]
[monotone_penalty: 0]
[feature_contri: ]
[forcedsplits_filename: ]
[refit_decay_rate: 0.9]
[cegb_tradeoff: 1]
[cegb_penalty_split: 0]
[cegb_penalty_feature_lazy: ]
[cegb_penalty_feature_coupled: ]
[path_smooth: 0]
[interaction_constraints: ]
[verbosity: -1]
[saved_feature_importance_type: 0]
[use_quantized_grad: 0]
[num_grad_quant_bins: 4]
[quant_train_renew_leaf: 0]
[stochastic_rounding: 1]
[linear_tree: 0]
[max_bin: 255]
[max_bin_by_feature: ]
[min_data_in_bin: 3]
[bin_construct_sample_cnt: 200000]
[data_random_seed: 175]
[is_enable_sparse: 1]
[enable_bundle: 1]
[use_missing: 1]
[zero_as_missing: 0]
[feature_pre_filter: 1]
[pre_partition: 0]
[two_round: 0]
[header: 0]
[label_column: ]
[weight_column: ]
[group_column: ]
[ignore_column: ]
[categorical_feature: ]
[forcedbins_filename: ]
[precise_float_parser: 0]
[parser_config_file: ]
[objective_seed: 16083]
[num_class: 1]
[is_unbalance: 0]
[scale_pos_weight: 1]
[sigmoid: 1]
[boost_from_average: 1]
[reg_sqrt: 0]
[alpha: 0.9]
[fair_c: 1]
[poisson_max_delta_step: 0.7]
[tweedie_variance_power: 1.5]
[lambdarank_truncation_level: 30]
[lambdarank_norm: 1]
[label_gain: ]
[lambdarank_position_bias_regularization: 0]
[eval_at: ]
[multi_error_top_k: 1]
[auc_mu_weights: ]
[num_machines: 1]
[local_listen_port: 12400]
[time_out: 120]
[machine_list_filename: ]
[machines: ]
[gpu_platform_id: -1]
[gpu_device_id: -1]
[gpu_device_id_list: ]
[gpu_use_dp: 0]
[num_gpu: 1]

end of parameters

pandas_categorical:[]
