tree
version=v4
num_class=1
num_tree_per_iteration=1
label_index=0
max_feature_idx=35
objective=regression
feature_names=Return Log_Return Ret_Lag_1 Ret_Lag_2 Ret_Lag_3 Ret_Lag_5 Ret_Lag_10 Daily_Range_Pct Close_to_MA_5 Close_to_MA_10 Close_to_MA_20 Close_to_MA_50 Close_to_EMA_10 Close_to_EMA_20 Rolling_Std_10 Rolling_Std_20 RSI_14 MACD_Pct Volume_to_MA_10 USD_Index US_10Y_Yield VIX CPI_Inflation EIA_Storage_Level Heating_Degree_Days Cooling_Degree_Days Rig_Count News_Volume Daily_Bullish Daily_Bearish Daily_NSS Sentiment_EMA_7d Sentiment_Spike Sentiment_EMA_30d Sentiment_EMA_60d Sentiment_x_Trend
feature_infos=[-0.25953710489588089:0.46481176972811999] [-0.30047975442423092:0.3817267493869263] [-0.25953710489588089:0.46481176972811999] [-0.25953710489588089:0.46481176972811999] [-0.25953710489588089:0.46481176972811999] [-0.25953710489588089:0.46481176972811999] [-0.25953710489588089:0.46481176972811999] [0.0017521826490472:0.49736635943841118] [0.84956273887500966:1.3847751908081158] [0.79372315714634623:1.448186552283947] [0.72649827249158727:1.4990189649360941] [0.69560686648338077:1.5115317390034022] [0.82652070235046038:1.3922727109650179] [0.76555395000077109:1.4587988368072369] [0.0075971995904466003:0.19324897156218779] [0.0101270268425171:0.1415741040779375] [18.806082754753248:90.72666898325852] [-0.047345077241480002:0.037280324466973602] [0.18930515529939049:2.8509042652839689] [79.779998779296875:114.11000061035156] [0.52000000000000002:3.9700000000000002] [9.1400003433227539:82.69000244140625] [234.74700000000001:296.34899999999999] [1107:4047] [0:41.399999999999999] [0:20.100000000000001] [244:1931] none [0:0.47399547696113581] [0:0.48387604951858521] [-0.48059800919145351:0.46609248872846359] [-0.35177692516798148:0.32909240316209493] [-0.35788688359477538:0.3495694284405837] [-0.2576423289101788:0.1994818330534234] [-0.20539366770546219:0.13964128553692379] [-0.046023099919086201:0.086492396770358498]
tree_sizes=1849 1621 2094 2021 2010 2002 2004 1906 2006 2011 2165 2350 2168 2290

Tree=0
num_leaves=20
num_cat=0
split_feature=20 22 23 20 15 29 22 23 11 22 21 23 21 31 34 32 29 35 9
split_gain=17.4521 13.7528 7.77038 6.96819 5.45936 5.13463 3.71224 2.719 3.30326 2.64828 2.52365 2.3123 1.85167 1.08607 0.860225 0.519184 0.456286 0.143045 0.124896
threshold=2.0350000000000006 281.69400000000007 2838.0000000000005 0.72500000000000009 0.012941804842287201 0.00043618709832370003 237.28350000000003 2366.0000000000005 1.0756654962565089 279.88200000000006 22.805000305175785 2369.5000000000005 12.969999790191652 -0.00081124245074189986 -0.0014789856519746996 -0.0065081538944264999 0.00075567552142215006 9.7714266159419382e-07 1.0179430204349216
decision_type=2 2 2 2 2 2 2 2 2 2 2 2 2 2 2 2 2 2 2
left_child=1 2 5 13 11 18 -7 10 12 -5 16 17 -9 -4 -12 -10 -6 -2 -1
right_child=4 -3 3 9 7 6 -8 8 15 -11 14 -13 -14 -15 -16 -17 -18 -19 -20
leaf_value=0.033812265640011982 0.036443709767923174 0.053280124365215488 0.045175726794712802 0.031701337280836107 0.033004988341433429 0.033793076795580787 0.042430129254252935 0.032617885412185382 0.030423967342812448 0.041556564055383369 0.042559819657034891 0.046266723068924709 0.029152761691000891 0.037407076441441013 0.035487052579668471 0.024404779720191942 0.03084019421297728 0.033428581995935847 0.031475369508587328
leaf_weight=55 32 41 41 428 162 53 262 270 22 23 20 24 296 34 58 101 211 20 33
leaf_count=55 32 41 41 428 162 53 262 270 22 23 20 24 296 34 58 101 211 20 33
internal_value=0.0338768 0.036873 0.0360856 0.0336855 0.0314853 0.0392038 0.0409804 0.0309614 0.0297777 0.032258 0.0327915 0.0391181 0.0307851 0.0419636 0.037592 0.0253497 0.031758 0.0352683 0.0328527
internal_weight=2186 970 929 526 1216 403 315 1140 689 451 451 76 566 75 78 123 373 52 88
internal_count=2186 970 929 526 1216 403 315 1140 689 451 451 76 566 75 78 123 373 52 88
is_linear=0
shrinkage=1


Tree=1
num_leaves=17
num_cat=0
split_feature=20 22 15 24 22 19 21 22 24 17 22 34 29 22 16 11
split_gain=16.4473 12.9974 5.16026 5.11308 6.21504 3.94481 2.07899 1.493 1.41358 1.36888 1.47031 1.44323 1.43699 0.832598 0.681222 0.156413
threshold=2.0350000000000006 281.69400000000007 0.012941804842287201 14.050000000000002 273.29300000000006 97.33499908447267 13.639999866485597 279.88200000000006 1.4500000000000002 0.015968406545320956 241.45850000000004 -0.007181978325917349 0.0027925497729432507 251.43850000000003 51.282731425314985 1.0692789179104003
decision_type=2 2 2 2 2 2 2 2 2 2 2 2 2 2 2 2
left_child=1 3 8 4 5 -1 -5 -8 13 10 11 -4 -12 -2 -6 -11
right_child=2 -3 9 6 14 -7 7 -9 -10 15 12 -13 -14 -15 -16 -17
leaf_value=0.0060766570856197466 0.002813607156600641 0.018860892493616447 -0.0019133300444256747 -0.0067451552211934204 -0.0014126499761705812 0.00056182179880948189 -0.00070722478624086528 0.0073044419210890063 0 -0.003956552132964134 -0.00088392700140457151 -0.0058456884388485919 -0.0038407748650841067 0.011588800019231335 -0.0088883029412139547 -0.0083458528660915118
leaf_weight=419 20 41 157 46 20 164 230 20 30 24 512 197 209 26 30 41
leaf_count=419 20 41 157 46 20 164 230 20 30 24 512 197 209 26 30 41
internal_value=5.09514e-07 0.00291054 -0.0023198 0.00214493 0.00366253 0.00454125 -0.00109463 8.64779e-07 0.00510054 -0.00282921 -0.00255449 -0.00414081 -0.00175755 0.00824057 -0.00620387 -0.00701536
internal_weight=2186 970 1216 929 633 583 296 250 76 1140 1075 354 721 46 50 65
internal_count=2186 970 1216 929 633 583 296 250 76 1140 1075 354 721 46 50 65
is_linear=0
shrinkage=0.03


Tree=2
num_leaves=22
num_cat=0
split_feature=26 23 26 23 20 31 29 11 28 15 11 33 30 33 11 26 33 23 24 28 10
split_gain=25.8158 14.3974 5.08295 5.0701 4.72994 3.98195 3.34916 2.32998 2.07677 1.52823 1.18581 1.07283 1.04022 0.97679 0.933579 0.615671 0.417107 0.257279 0.250618 0.135961 0.0376342
threshold=663.50000000000011 2838.0000000000005 607.00000000000011 2871.5000000000005 0.72500000000000009 0.18848227581676777 0.00093363718534660012 1.1141302411113625 2.9590997725614086e-06 0.012069357513906901 0.95857851690204365 0.091582196164637711 -0.00065432893239089987 -0.18813701329207219 0.89034818636639279 422.50000000000006 -0.0028382369083484495 2303.0000000000005 10.050000000000002 3.6902923774716943e-09 0.99608694129104114
decision_type=2 2 2 2 2 2 2 2 2 2 2 2 2 2 2 2 2 2 2 2 2
left_child=1 2 6 5 12 9 -1 14 18 17 -11 16 -3 -9 -6 -8 -10 -2 19 -5 -13
right_child=3 4 -4 8 7 -7 15 13 11 10 -12 20 -14 -15 -16 -17 -18 -19 -20 -21 -22
leaf_value=-0.0012687971468017037 0.001412513925670646 0.010835740018927027 0.019123946819194524 0.00096168928771563197 0.0056101568300080925 0.011283728206935137 0.0061634774358410912 0.00059096532692578998 -0.0023378906746705369 -0.00031753607418795584 -0.0026205325489417294 -0.00050229890502264925 0.003265415371590722 -0.0051955660961594749 0.00048119316056128642 0.010042149534561187 -0.0070600132145375912 0.006148669480305651 -0.0037429585163109005 -0.0015628059025863093 -0.0024629848676919934
leaf_weight=32 27 41 40 20 35 20 81 34 24 351 482 24 34 94 217 163 280 20 47 98 22
leaf_count=32 27 41 40 20 35 20 81 34 24 351 482 24 34 94 217 163 280 20 47 98 22
internal_value=4.68931e-07 0.00440851 0.00929671 -0.0024035 0.000968422 -0.00103438 0.0076714 -0.000402234 -0.00477049 -0.00135512 -0.00165833 -0.00607718 0.00769991 -0.00365728 0.00126294 0.0088572 -0.00672347 0.0037359 -0.00192186 -0.0010969 -0.00159463
internal_weight=2186 771 316 1415 455 900 276 380 515 880 833 350 75 128 252 244 304 47 165 118 46
internal_count=2186 771 316 1415 455 900 276 380 515 880 833 350 75 128 252 244 304 47 165 118 46
is_linear=0
shrinkage=0.03


Tree=3
num_leaves=21
num_cat=0
split_feature=26 23 22 23 20 31 28 22 22 28 19 30 33 30 17 11 34 24 34 17
split_gain=24.3386 13.5665 5.81334 4.78427 4.46914 3.77348 2.96633 2.56035 2.15614 1.9546 1.71903 1.9645 1.0061 0.981035 0.686484 0.576477 0.452206 0.236822 0.130519 0.083664
threshold=663.50000000000011 2838.0000000000005 281.69400000000007 2871.5000000000005 0.72500000000000009 0.18848227581676777 0.0012647184200826503 279.88200000000006 241.88350000000005 2.9590997725614086e-06 105.1800003051758 -3.6716871512114156e-05 0.091582196164637711 -0.00065432893239089987 -0.0072941765371001494 1.0127496083935095 -0.0069338694106905489 10.050000000000002 -0.00011089521822749998 -0.0035160630321889996
decision_type=2 2 2 2 2 2 2 2 2 2 2 2 2 2 2 2 2 2 2 2
left_child=1 2 6 5 13 10 -1 8 -6 17 11 -2 16 -3 -8 -12 -11 18 -5 -14
right_child=3 4 -4 9 7 -7 14 -9 -10 12 15 -13 19 -15 -16 -17 -18 -19 -20 -21
leaf_value=-0.0012339958204338991 -0.0020748510584280436 0.010532831627706235 0.018598118709549305 -0.0015328668264951557 0.0017367067913388989 0.010989370422518772 0.0047294281823248765 0.0080193897724151614 -0.0030032453265544674 -0.0017619817629456517 -0.0016514914737123508 0.00094176506296193537 -3.3925311751663673e-05 0.0031753958669314916 0.0092260570052094797 -0.0084408131769070256 -0.0068455658027009999 -0.0036374071669857946 0.00089915722751175058 -0.0026778271541827254
leaf_weight=32 518 41 47 97 141 20 53 27 212 21 20 306 22 34 184 36 283 47 21 24
leaf_count=32 518 41 47 97 141 20 53 27 212 21 20 306 22 34 184 36 283 47 21 24
internal_value=2.50437e-06 0.00428261 0.0090277 -0.00233164 0.000943022 -0.00100156 0.00715783 -0.000389113 -0.00110284 -0.00463098 -0.00131389 -0.000951623 -0.00589878 0.00748634 0.00830467 -0.00627417 -0.00652482 -0.00186653 -0.00106369 -0.00155407
internal_weight=2186 771 316 1415 455 900 269 380 353 515 880 824 350 75 237 56 304 165 118 46
internal_count=2186 771 316 1415 455 900 269 380 353 515 880 824 350 75 237 56 304 165 118 46
is_linear=0
shrinkage=0.03


Tree=4
num_leaves=21
num_cat=0
split_feature=26 23 26 15 20 23 29 11 23 28 19 34 31 34 11 31 17 11 24 23
split_gain=22.9559 12.7791 4.55677 4.54214 4.22414 3.03761 2.97907 2.13374 1.87598 1.84468 1.45764 1.19862 1.15942 0.910473 0.828933 0.788846 0.776953 0.543256 0.228351 0.199214
threshold=663.50000000000011 2838.0000000000005 607.00000000000011 0.013084497551695851 0.71500000000000008 2871.5000000000005 0.00093363718534660012 1.1141302411113625 2430.5000000000005 2.9590997725614086e-06 105.1800003051758 -0.13772020733493423 -5.3530939658451069e-05 0.098729573700352305 0.89034818636639279 -0.00081124245074189986 -0.0072941765371001494 1.0127496083935095 10.050000000000002 1443.0000000000002
decision_type=2 2 2 2 2 2 2 2 2 2 2 2 2 2 2 2 2 2 2 2
left_child=1 2 6 8 15 10 -1 14 19 18 12 -9 -5 -11 -6 -3 -8 -12 -7 -2
right_child=3 4 -4 5 7 9 16 11 -10 13 17 -13 -14 -15 -16 -17 -18 -19 -20 -21
leaf_value=-0.0012001490943499705 -0.00061391793843358763 0.010218170910034069 0.018071237219627511 -0.0020326371451735753 0.005364082082076684 -0.0010065149643429324 0.0045951461281718885 0.00096784746502639671 0.011796697337990221 -0.0062745810263900277 -0.001608409017405432 -0.0051994194858998519 0.00040737127653822636 -0.0012592015410123696 0.00052831854003708597 0.0032781180949772106 0.0092833206168107078 -0.0082070675790309917 -0.0035348322074487807 0.0027522176553650447
leaf_weight=32 21 40 40 496 35 117 53 38 20 310 20 93 266 40 218 31 191 36 47 42
leaf_count=32 21 40 40 496 35 117 53 38 20 310 20 93 266 40 218 31 191 36 47 42
internal_value=3.82526e-06 0.00416062 0.00876599 -0.00226301 0.000919145 -0.00269093 0.00722684 -0.000335579 0.00442372 -0.00449635 -0.00154053 -0.00340644 -0.0011787 -0.00572547 0.00126404 0.00748429 0.00834531 -0.00610287 -0.00179954 0.00160781
internal_weight=2186 771 316 1415 455 1332 276 384 83 514 818 131 762 350 253 71 244 56 164 63
internal_count=2186 771 316 1415 455 1332 276 384 83 514 818 131 762 350 253 71 244 56 164 63
is_linear=0
shrinkage=0.03


Tree=5
num_leaves=21
num_cat=0
split_feature=26 23 22 15 26 23 28 22 22 28 23 19 30 30 33 17 11 35 11 23
split_gain=21.6463 12.04 5.24409 4.30013 3.4031 2.95101 2.63442 2.32581 1.92395 1.735 1.62867 1.40241 1.21985 1.19832 0.759483 0.598092 0.511912 0.123696 0.119811 0.092449
threshold=663.50000000000011 2838.0000000000005 281.69400000000007 0.012755606937976753 267.50000000000006 2871.5000000000005 0.0012647184200826503 279.88200000000006 241.88350000000005 2.1630346589901189e-07 2369.5000000000005 105.1800003051758 -0.00065432893239089987 -4.5078686028639018e-05 0.091582196164637711 -0.0072941765371001494 1.0127496083935095 -8.5694846640363743e-05 1.0111966798755196 2201.5000000000005
decision_type=2 2 2 2 2 2 2 2 2 2 2 2 2 2 2 2 2 2 2 2
left_child=1 2 6 10 12 11 -1 8 -6 18 19 13 -3 -5 -11 -8 -13 -14 -7 -2
right_child=3 4 -4 5 7 9 15 -9 -10 14 -12 16 17 -15 -16 -17 -18 -19 -20 -21
leaf_value=-0.0011672307301745083 7.1571917366236438e-05 0.0099531511395606551 0.017600951827559618 -0.0019810240687540381 0.0016666920556096254 -0.00039869755308217044 0.0044646768993365444 0.0076976140677928922 -0.0028316446507267493 -0.0057610641686420098 0.010900114269210741 -0.001566450619260254 0.0038418373541663519 0.00047647641152612463 -0.0014573084301533824 0.0086796837539516655 -0.0079797950856960731 0.00036256434023380284 -0.0026536444835364814 0.0027349525335431096
leaf_weight=32 27 40 47 499 141 86 53 27 207 355 23 20 20 273 46 184 36 20 28 22
leaf_count=32 27 40 47 499 141 86 53 27 207 355 23 20 20 273 46 184 36 20 28 22
internal_value=5.204e-06 0.00404172 0.00851197 -0.00219598 0.000895139 -0.00258308 0.00673629 -0.000311411 -0.00100183 -0.00436412 0.00479899 -0.00145994 0.00639382 -0.00110963 -0.00528928 0.00781718 -0.00593628 0.00231863 -0.00103203 0.00141386
internal_weight=2186 771 316 1415 455 1343 269 375 348 515 72 828 80 772 401 237 56 40 114 49
internal_count=2186 771 316 1415 455 1343 269 375 348 515 72 828 80 772 401 237 56 40 114 49
is_linear=0
shrinkage=0.03


Tree=6
num_leaves=21
num_cat=0
split_feature=26 23 22 15 20 23 28 22 22 23 28 26 22 33 30 17 26 24 35 26
split_gain=20.4144 11.3397 4.95945 4.07159 3.80086 2.69335 2.48479 2.22902 1.86404 1.71058 1.6278 1.11176 1.70719 0.883796 0.814862 0.559777 0.488834 0.199946 0.185485 0.0237452
threshold=663.50000000000011 2838.0000000000005 281.69400000000007 0.013084497551695851 0.72500000000000009 2899.5000000000005 0.0012647184200826503 279.88200000000006 241.88350000000005 2430.5000000000005 2.9590997725614086e-06 755.00000000000011 293.10550000000006 0.091582196164637711 -0.00065432893239089987 -0.0072941765371001494 735.00000000000011 10.050000000000002 1.1076249010754082e-06 1045.5000000000002
decision_type=2 2 2 2 2 2 2 2 2 2 2 2 2 2 2 2 2 2 2 2
left_child=1 2 6 9 14 11 -1 8 -6 18 17 16 -13 -12 -3 -8 -5 -7 19 -2
right_child=3 4 -4 5 7 10 15 -9 -10 -11 13 12 -14 -15 -16 -17 -18 -19 -20 -21
leaf_value=-0.0011352152735394025 0.0013276552739739415 0.0096898348986763846 0.017104605009555816 -7.7803406417452996e-05 0.0016177329927765337 -0.00094691059607202575 0.004337911899126733 0.0074897784307599068 -0.0027889055746512723 0.011239934225445208 -0.0060915567462572952 -0.0014903820580823644 -0.0069821700990599185 -0.0014162658322317411 0.0029573355267277441 0.0084234705792869471 0.0040093691960271256 -0.0033350233158655463 -0.00069742535334080453 0.003436608614400029
leaf_weight=32 22 41 47 81 141 112 53 27 212 20 289 669 53 46 34 184 35 47 20 21
leaf_count=32 22 41 47 81 141 112 53 27 212 20 289 669 53 46 34 184 35 47 20 21
internal_value=6.88379e-06 0.00392689 0.00826523 -0.00213071 0.00087294 -0.00253595 0.00653816 -0.000355007 -0.00102152 0.00419939 -0.0042913 -0.00148599 -0.00192488 -0.00547672 0.00690736 0.00758797 0.00120017 -0.00172004 0.00150953 0.00257978
internal_weight=2186 771 316 1415 455 1332 269 380 353 83 494 838 722 335 75 237 116 159 63 43
internal_count=2186 771 316 1415 455 1332 269 380 353 83 494 838 722 335 75 237 116 159 63 43
is_linear=0
shrinkage=0.03


Tree=7
num_leaves=20
num_cat=0
split_feature=20 22 23 20 15 29 22 28 23 21 15 23 22 20 20 13 23 35 9
split_gain=12.0388 9.40722 5.42062 4.72637 3.85942 3.40938 2.80861 2.64322 1.8549 2.2666 2.03536 1.76038 1.37723 1.21725 0.666091 0.528132 0.319841 0.13244 0.119425
threshold=2.0350000000000006 281.69400000000007 2920.0000000000005 0.71500000000000008 0.013084497551695851 0.00043618709832370003 238.05700000000004 0.00026388989775125003 2366.0000000000005 15.82499980926514 0.032014014521786059 2369.5000000000005 237.44500000000002 2.6450000000000005 0.64500000000000013 1.0418746301892465 2067.5000000000005 1.1076249010754082e-06 1.0179430204349216
decision_type=2 2 2 2 2 2 2 2 2 2 2 2 2 2 2 2 2 2 2
left_child=1 2 5 14 11 18 -7 -5 10 12 16 17 -10 -12 -4 -11 -6 -2 -1
right_child=4 -3 3 7 8 6 -8 -9 9 15 13 -13 -14 -15 -16 -17 -18 -19 -20
leaf_value=1.1012544156983468e-06 0.0021295283018815804 0.016069848329336802 0.010412683587148785 0.0031148414188867496 -0.0027118557938314619 0.00061483180062246636 0.0070450268815689275 -0.0027479420940894166 -0.007351035785581916 -0.004598096834714239 0.0087172947883929902 0.010542286942402522 -0.0014499122606903905 0.00091808485458568607 0.0038324557028456847 -0.0079431608853912025 -0.00063135821611088304 -0.00067923165292924515 -0.0021023008604175771
leaf_weight=57 38 41 27 84 230 81 269 334 37 193 20 24 388 93 41 71 102 20 36
leaf_count=57 38 41 27 84 230 81 269 334 37 193 20 24 388 93 41 71 102 20 36
internal_value=8.59621e-06 0.00249844 0.00184647 -0.000337539 -0.00197635 0.00423536 0.00558327 -0.00154885 -0.00243492 -0.00340893 -0.000907413 0.00419212 -0.00201859 0.00251409 0.00681702 -0.00558809 -0.002093 0.00112604 -0.000822121
internal_weight=2186 970 929 486 1216 443 350 418 1134 689 445 82 425 113 68 264 332 58 93
internal_count=2186 970 929 486 1216 443 350 418 1134 689 445 82 425 113 68 264 332 58 93
is_linear=0
shrinkage=0.03


Tree=8
num_leaves=21
num_cat=0
split_feature=26 23 22 15 26 23 28 22 22 28 23 19 30 30 33 17 11 24 35 23
split_gain=18.3148 10.1117 4.47119 3.66384 2.86728 2.4967 2.21789 1.99685 1.68161 1.50434 1.38959 1.191 1.08244 1.04223 0.780035 0.518178 0.447418 0.186985 0.116973 0.0815742
threshold=663.50000000000011 2838.0000000000005 281.69400000000007 0.012755606937976753 267.50000000000006 2871.5000000000005 0.0012647184200826503 279.88200000000006 241.88350000000005 2.9590997725614086e-06 2369.5000000000005 105.1800003051758 -4.5078686028639018e-05 -0.00065432893239089987 0.084117310579368512 -0.0072941765371001494 1.0127496083935095 10.050000000000002 -8.5694846640363743e-05 2201.5000000000005
decision_type=2 2 2 2 2 2 2 2 2 2 2 2 2 2 2 2 2 2 2 2
left_child=1 2 6 10 13 11 -1 8 -6 17 19 12 -5 -3 -11 -8 -13 -7 -15 -2
right_child=3 4 -4 5 7 9 15 -9 -10 14 -12 16 -14 18 -16 -17 -18 -19 -20 -21
leaf_value=-0.0010662468818615056 4.3969282624311743e-05 0.0091765272445803459 0.016213200783133506 -0.0018440670230857536 0.0015846678668895036 -0.00087005329838268886 0.0040560547436720561 0.0071516337856650349 -0.0026203436075289831 -0.0057026255256150578 0.010077794522620165 -0.0013844684870994608 0.00049120706058961927 0.0035890000134544526 -0.001463669362068857 0.0079730501096038249 -0.0073738034711434289 -0.0031565251936996356 0.00023358321092698884 0.0025483899968862531
leaf_weight=32 27 40 47 499 141 118 53 27 207 300 23 20 273 20 50 184 36 47 20 22
leaf_count=32 27 40 47 499 141 118 53 27 207 300 23 20 273 20 50 184 36 47 20 22
internal_value=9.74377e-06 0.00372276 0.00781956 -0.00201487 0.000838382 -0.00237232 0.00617934 -0.0002686 -0.00090906 -0.00401076 0.00444069 -0.00133883 -0.00101568 0.00588566 -0.00512314 0.00717125 -0.00546476 -0.00158394 0.0021144 0.00130825
internal_weight=2186 771 316 1415 455 1343 269 375 348 515 72 828 772 80 350 237 56 165 40 49
internal_count=2186 771 316 1415 455 1343 269 375 348 515 72 828 772 80 350 237 56 165 40 49
is_linear=0
shrinkage=0.03


Tree=9
num_leaves=21
num_cat=0
split_feature=26 23 22 23 20 31 28 22 22 28 22 20 30 26 32 11 17 11 20 28
split_gain=17.2735 9.52338 4.22837 3.39725 3.21374 2.97856 2.09202 1.91459 1.63083 1.42561 0.982154 1.24567 0.697756 0.642221 0.715511 0.501137 0.48495 0.112636 0.0470073 0.0295629
threshold=663.50000000000011 2838.0000000000005 281.69400000000007 2871.5000000000005 0.72500000000000009 0.18848227581676777 0.0012647184200826503 279.88200000000006 241.88350000000005 2.1630346589901189e-07 295.02700000000004 2.8150000000000004 -0.00065432893239089987 1070.0000000000002 3.1894883569598245e-06 1.0329771096438443 -0.0072941765371001494 1.0111966798755196 2.3450000000000002 0.0013218328209832501
decision_type=2 2 2 2 2 2 2 2 2 2 2 2 2 2 2 2 2 2 2 2
left_child=1 2 6 5 12 10 -1 8 -6 17 11 -2 19 14 -11 -15 -8 18 -5 -3
right_child=3 4 -4 9 7 -7 16 -9 -10 13 -12 -13 -14 15 -16 -17 -18 -19 -20 -21
leaf_value=-0.0010370012521211589 -0.0015677870369798727 0.010786133103072642 0.015755988729894161 -0.0006836392657612176 0.0015381181985743143 0.0098179885213789744 0.0039408917687165481 0.0069585396885871887 -0.0025831486175980599 -0.0023443040620738202 -0.0064710781142115594 0.0010826177163605723 0.002705822281136706 -0.0046502198677405085 -0.0054593691586250701 -0.009312692858278751 0.0077376956311776676 -0.0024371719937320915 0.00083442879561334855 0.0057217050120234496
leaf_weight=32 645 21 47 65 141 20 53 27 212 151 27 208 34 68 137 45 184 28 21 20
leaf_count=32 645 21 47 65 141 20 53 27 212 151 27 208 34 68 137 45 184 28 21 20
internal_value=1.10819e-05 0.00361705 0.00759293 -0.0019551 0.000817577 -0.000833679 0.00599759 -0.000311049 -0.00092946 -0.0038929 -0.00111169 -0.000916465 0.00636643 -0.00473146 -0.00387744 -0.00672565 0.006961 -0.00087191 -0.000263609 0.00894242
internal_weight=2186 771 316 1415 455 900 269 380 353 515 880 853 75 401 288 113 237 114 86 41
internal_count=2186 771 316 1415 455 900 269 380 353 515 880 853 75 401 288 113 237 114 86 41
is_linear=0
shrinkage=0.03


Tree=10
num_leaves=23
num_cat=0
split_feature=26 23 22 15 20 23 28 11 26 23 22 22 30 26 22 30 25 26 16 23 28 11
split_gain=16.3019 8.97032 4.04065 3.33644 3.0932 2.21803 1.95135 1.93954 1.31368 1.27428 1.16995 1.11073 1.02126 0.946382 1.43245 0.662124 0.55431 0.468075 0.433246 0.0756361 0.0263577 0.0148913
threshold=663.50000000000011 2855.5000000000005 281.69400000000007 0.012755606937976753 0.72500000000000009 2899.5000000000005 0.0012647184200826503 1.1141302411113625 1070.0000000000002 2369.5000000000005 279.88200000000006 241.88350000000005 -1.6160074341941709e-05 755.00000000000011 293.10550000000006 -0.00065432893239089987 0.25000000000000006 735.00000000000011 38.796406287440085 2201.5000000000005 0.0013218328209832501 1.0768099329174745
decision_type=2 2 2 2 2 2 2 2 2 2 2 2 2 2 2 2 2 2 2 2 2 2
left_child=1 2 6 9 15 13 -1 10 12 19 -6 -9 -7 17 -15 20 -8 -5 -10 -2 -3 -4
right_child=3 4 21 5 7 8 16 11 18 -11 -12 -13 -14 14 -16 -17 -18 -19 -20 -21 -22 -23
leaf_value=-0.0010085577839852443 3.7405074434354898e-05 0.010502997461706401 0.017711522185802461 -6.5929923223198518e-05 0.00040434994599381911 -0.0051456117144295273 0.0019014800229730706 0.00080336314317679429 -0.0026651303748866273 0.009660663179480113 0.0068361265638778954 -0.0051939433828927569 -0.001825180965955618 -0.0013026210629884622 -0.006329868342735738 0.0026312292453556044 0.0071853271278792914 0.00393284414277265 -0.0078278903360803447 0.002452531400620937 0.0055724431731454709 0.010053818124143974
leaf_weight=32 27 21 27 81 224 128 24 38 25 23 26 87 259 679 53 34 218 35 83 22 20 20
leaf_count=32 27 21 27 81 224 128 24 38 25 23 26 87 259 679 53 34 218 35 83 22 20 20
internal_value=1.19966e-05 0.00351511 0.00732278 -0.00189805 0.000761836 -0.00223926 0.00579061 -0.000358418 -0.00383352 0.0042615 0.00115824 -0.00337123 -0.00296224 -0.00129489 -0.00169505 0.00619992 0.00670325 0.00118412 -0.00676416 0.00125837 0.00870996 0.0153117
internal_weight=2186 771 321 1415 450 1343 274 375 495 72 250 125 387 848 732 75 242 116 108 49 41 47
internal_count=2186 771 321 1415 450 1343 274 375 495 72 250 125 387 848 732 75 242 116 108 49 41 47
is_linear=0
shrinkage=0.03


Tree=11
num_leaves=25
num_cat=0
split_feature=26 23 22 15 20 23 11 29 23 29 22 19 29 11 22 32 11 30 25 26 24 35 26 19
split_gain=15.3863 8.45651 3.85086 3.16024 2.88744 2.02266 1.74897 1.46622 1.37686 1.24698 1.08039 0.993916 0.932396 0.926608 0.916371 0.711845 0.590004 0.529506 0.368796 0.249185 0.174355 0.151285 0.0119879 0.00350817
threshold=663.50000000000011 2838.0000000000005 269.51850000000007 0.013084497551695851 0.71500000000000008 2899.5000000000005 1.1141302411113625 0.00093363718534660012 2430.5000000000005 1.9918701597493642e-05 279.88200000000006 105.1800003051758 0.069003528015931417 1.1141302411113625 241.88350000000005 -0.0073020611085334993 0.98383359209732379 -0.00065432893239089987 0.25000000000000006 601.50000000000011 12.350000000000003 1.1076249010754082e-06 1045.5000000000002 96.055000305175795
decision_type=2 2 2 2 2 2 2 2 2 2 2 2 2 2 2 2 2 2 2 2 2 2 2 2
left_child=1 2 7 8 17 11 10 -1 21 20 -6 12 -5 19 -8 -11 -13 23 -9 -4 -7 22 -2 -3
right_child=3 4 13 5 6 9 14 18 -10 15 -12 16 -14 -15 -16 -17 -18 -19 -20 -21 -22 -23 -24 -25
leaf_value=-0.00098089449820773934 0.0012198178383707999 0.01017460284544074 0.0091003798648067145 -0.00059368255108230457 0.00047225605646200835 -0.00089353683030662619 0.00078102573197016978 0.0018507739286869763 0.010050645994103474 -0.001527879308606498 0.0066522583303780386 -0.00040182808709695293 -0.003810231401314658 0.0077938968511298305 -0.0046066087651997802 -0.0053867975233165789 -0.0068485560684718866 0.0027263081313662146 0.0063327151798620454 0.017260284942549626 -0.003389987233706883 -0.0006639259500105096 0.0029861153401434417 0.0055036799054106944
leaf_weight=32 22 20 20 687 227 127 38 24 20 57 26 20 90 45 93 278 41 31 161 34 32 20 21 20
leaf_count=32 22 20 20 687 227 127 38 24 20 57 26 20 90 45 93 278 41 31 161 34 32 20 21 20
internal_value=1.37879e-05 0.00341714 0.0071638 -0.00184181 0.00077864 -0.00219906 -0.000257566 0.00479184 0.00373322 -0.00372067 0.00118959 -0.00128843 -0.000983324 0.0120397 -0.0030389 -0.00475847 -0.00489966 0.00620669 0.00580604 0.0149288 -0.00146796 0.00131654 0.00228614 0.00845583
internal_weight=2186 771 316 1415 455 1332 384 217 83 494 253 838 777 99 131 335 61 71 185 54 159 63 43 40
internal_count=2186 771 316 1415 455 1332 384 217 83 494 253 838 777 99 131 335 61 71 185 54 159 63 43 40
is_linear=0
shrinkage=0.03


Tree=12
num_leaves=23
num_cat=0
split_feature=26 23 22 15 20 23 28 11 26 23 32 22 22 26 22 31 26 17 16 23 11 28
split_gain=14.5291 7.98539 3.63123 2.99735 2.79039 1.97096 1.7404 1.73099 1.20833 1.14925 1.1097 1.0503 0.993622 0.878777 1.28517 0.593966 0.442307 0.426193 0.405172 0.0682134 0.0210771 0.020533
threshold=663.50000000000011 2855.5000000000005 281.69400000000007 0.012755606937976753 0.72500000000000009 2899.5000000000005 0.0012647184200826503 1.1141302411113625 1070.0000000000002 2369.5000000000005 3.1894883569598245e-06 279.88200000000006 241.88350000000005 755.00000000000011 293.10550000000006 -0.00081124245074189986 735.00000000000011 -0.010817481719852598 40.280351448236821 2201.5000000000005 1.0768099329174745 0.0013218328209832501
decision_type=2 2 2 2 2 2 2 2 2 2 2 2 2 2 2 2 2 2 2 2 2 2
left_child=1 2 6 9 15 13 -1 11 10 19 -7 -6 -9 16 -15 21 -5 -8 -10 -2 -4 -3
right_child=3 4 20 5 7 8 17 12 18 -11 -12 -13 -14 14 -16 -17 -18 -19 -20 -21 -22 -23
leaf_value=-0.00095398993971092347 2.9832485457882279e-05 0.009966048590838909 0.016783603751659389 -4.6916781743805454e-05 0.00037839932566393773 -0.0015742153452200339 0.0024038007252383978 0.00075930938477877785 -0.0028738385039720343 0.0091783121789877232 -0.0049969179330393671 0.0064733355893143293 -0.0049097273398190739 -0.0012341856375769193 -0.0059970356961878551 0.0025013718436396604 0.0038393661058262773 0.0068037835846965515 -0.0075950580302763865 0.0023284499886631962 0.0094770985602036766 0.0052900635511007
leaf_weight=32 27 21 27 81 224 255 29 38 30 23 132 26 87 679 53 34 35 213 78 22 20 20
leaf_count=32 27 21 27 81 224 255 29 38 30 23 132 26 87 679 53 34 35 213 78 22 20 20
internal_value=1.56685e-05 0.00332289 0.00691553 -0.00178746 0.000724695 -0.00211097 0.00546263 -0.000338943 -0.00361399 0.0040499 -0.0027788 0.00109337 -0.0031855 -0.00122044 -0.00160619 0.00588984 0.00116769 0.00632465 -0.00642375 0.00119435 0.0144896 0.00826947
internal_weight=2186 771 321 1415 450 1343 274 375 495 72 387 250 125 848 732 75 116 242 108 49 47 41
internal_count=2186 771 321 1415 450 1343 274 375 495 72 387 250 125 848 732 75 116 242 108 49 47 41
is_linear=0
shrinkage=0.03


Tree=13
num_leaves=24
num_cat=0
split_feature=26 23 26 23 31 32 31 29 26 32 34 26 19 31 31 26 11 17 26 11 34 11 16
split_gain=13.7141 7.52593 2.88595 2.70217 2.5182 2.35912 3.00062 1.74752 1.18279 1.18236 1.12647 0.91291 0.912324 1.07301 0.668976 0.487245 0.473557 0.353496 0.351705 0.346944 0.207387 0.0711834 0.0658767
threshold=663.50000000000011 2855.5000000000005 607.00000000000011 2770.5000000000005 0.18848227581676777 0.0015648098878454501 -0.00057644168256269985 0.00093363718534660012 1070.0000000000002 3.5950952305796614e-06 -0.13772020733493423 502.50000000000006 105.1800003051758 -4.3601284920459091e-05 -0.0033619836424134994 422.50000000000006 1.0427920585809252 -0.013182050938185747 771.50000000000011 1.0528920248365805 -0.004367736999084249 1.1123886401677183 36.728829232821688
decision_type=2 2 2 2 2 2 2 2 2 2 2 2 2 2 2 2 2 2 2 2 2 2 2
left_child=1 2 7 4 12 6 14 -1 9 18 21 -12 13 -2 -3 -9 22 -8 -5 -14 -11 -7 -10
right_child=3 5 -4 8 -6 10 17 15 16 20 11 -13 19 -15 -16 -17 -18 -19 -20 -21 -22 -23 -24
leaf_value=-0.00092782337915019262 -0.00150654193117272 0.0038474635179376322 0.014129139780305151 -0.0034651072161132851 0.0091284636330345413 0.0030385569519549606 0.0030934700575535709 0.0040879477146746855 -0.0019534934088081607 -0.0014195617989070065 0.00040860496105968341 -0.0045854125468132011 -0.0011821262657075473 0.00078997496357969112 0.0090311191239777731 0.007340533205879885 -0.008511887601081361 -0.00096535682503002661 -0.00085375800944939909 -0.0065949781537055965 -0.0052153973523527382 0.00074658710981852228 -0.0047647444864651603
leaf_weight=32 493 60 40 58 20 22 20 81 20 20 46 101 20 286 48 168 44 114 234 31 125 39 64
leaf_count=32 493 60 40 58 20 22 20 81 20 20 46 101 20 286 48 168 44 114 234 31 125 39 64
internal_value=1.72555e-05 0.00323041 0.0067182 -0.00173453 -0.000656982 0.000707814 0.00271094 0.00551459 -0.00333831 -0.00255212 -0.00161394 -0.00302574 -0.000928404 -0.000659772 0.00636016 0.00635563 -0.0058796 -0.000283189 -0.00141258 -0.00471145 -0.00475149 0.00172376 -0.00422032
internal_weight=2186 771 321 1415 850 450 242 281 565 437 208 147 830 779 108 249 128 134 292 51 145 61 84
internal_count=2186 771 321 1415 850 450 242 281 565 437 208 147 830 779 108 249 128 134 292 51 145 61 84
is_linear=0
shrinkage=0.03


end of trees

feature_importances:
EIA_Storage_Level=42
CPI_Inflation=39
Rig_Count=33
Close_to_MA_50=24
Daily_Bullish=19
US_10Y_Yield=17
Rolling_Std_20=12
Daily_NSS=12
Sentiment_EMA_7d=11
MACD_Pct=10
Daily_Bearish=10
USD_Index=8
Heating_Degree_Days=8
Sentiment_EMA_60d=8
Sentiment_EMA_30d=7
Sentiment_Spike=6
Sentiment_x_Trend=6
RSI_14=4
VIX=4
Close_to_MA_10=2
Cooling_Degree_Days=2
Close_to_MA_20=1
Close_to_EMA_20=1

parameters:
[boosting: gbdt]
[objective: regression]
[metric: l2]
[tree_learner: serial]
[device_type: cpu]
[data_sample_strategy: bagging]
[data: ]
[valid: ]
[num_iterations: 200]
[learning_rate: 0.03]
[num_leaves: 31]
[num_threads: 20]
[seed: 42]
[deterministic: 0]
[force_col_wise: 0]
[force_row_wise: 0]
[histogram_pool_size: -1]
[max_depth: 5]
[min_data_in_leaf: 20]
[min_sum_hessian_in_leaf: 0.001]
[bagging_fraction: 0.8]
[pos_bagging_fraction: 1]
[neg_bagging_fraction: 1]
[bagging_freq: 0]
[bagging_seed: 400]
[bagging_by_query: 0]
[feature_fraction: 0.8]
[feature_fraction_bynode: 1]
[feature_fraction_seed: 30056]
[extra_trees: 0]
[extra_seed: 12879]
[early_stopping_round: 0]
[early_stopping_min_delta: 0]
[first_metric_only: 0]
[max_delta_step: 0]
[lambda_l1: 0.1]
[lambda_l2: 3]
[linear_lambda: 0]
[min_gain_to_split: 0]
[drop_rate: 0.1]
[max_drop: 50]
[skip_drop: 0.5]
[xgboost_dart_mode: 0]
[uniform_drop: 0]
[drop_seed: 17869]
[top_rate: 0.2]
[other_rate: 0.1]
[min_data_per_group: 100]
[max_cat_threshold: 32]
[cat_l2: 10]
[cat_smooth: 10]
[max_cat_to_onehot: 4]
[top_k: 20]
[monotone_constraints: ]
[monotone_constraints_method: basic]
[monotone_penalty: 0]
[feature_contri: ]
[forcedsplits_filename: ]
[refit_decay_rate: 0.9]
[cegb_tradeoff: 1]
[cegb_penalty_split: 0]
[cegb_penalty_feature_lazy: ]
[cegb_penalty_feature_coupled: ]
[path_smooth: 0]
[interaction_constraints: ]
[verbosity: -1]
[saved_feature_importance_type: 0]
[use_quantized_grad: 0]
[num_grad_quant_bins: 4]
[quant_train_renew_leaf: 0]
[stochastic_rounding: 1]
[linear_tree: 0]
[max_bin: 255]
[max_bin_by_feature: ]
[min_data_in_bin: 3]
[bin_construct_sample_cnt: 200000]
[data_random_seed: 175]
[is_enable_sparse: 1]
[enable_bundle: 1]
[use_missing: 1]
[zero_as_missing: 0]
[feature_pre_filter: 1]
[pre_partition: 0]
[two_round: 0]
[header: 0]
[label_column: ]
[weight_column: ]
[group_column: ]
[ignore_column: ]
[categorical_feature: ]
[forcedbins_filename: ]
[precise_float_parser: 0]
[parser_config_file: ]
[objective_seed: 16083]
[num_class: 1]
[is_unbalance: 0]
[scale_pos_weight: 1]
[sigmoid: 1]
[boost_from_average: 1]
[reg_sqrt: 0]
[alpha: 0.9]
[fair_c: 1]
[poisson_max_delta_step: 0.7]
[tweedie_variance_power: 1.5]
[lambdarank_truncation_level: 30]
[lambdarank_norm: 1]
[label_gain: ]
[lambdarank_position_bias_regularization: 0]
[eval_at: ]
[multi_error_top_k: 1]
[auc_mu_weights: ]
[num_machines: 1]
[local_listen_port: 12400]
[time_out: 120]
[machine_list_filename: ]
[machines: ]
[gpu_platform_id: -1]
[gpu_device_id: -1]
[gpu_device_id_list: ]
[gpu_use_dp: 0]
[num_gpu: 1]

end of parameters

pandas_categorical:[]
