tree
version=v4
num_class=1
num_tree_per_iteration=1
label_index=0
max_feature_idx=26
objective=regression
feature_names=Return Log_Return Ret_Lag_1 Ret_Lag_2 Ret_Lag_3 Ret_Lag_5 Ret_Lag_10 Daily_Range_Pct Close_to_MA_5 Close_to_MA_10 Close_to_MA_20 Close_to_MA_50 Close_to_EMA_10 Close_to_EMA_20 Rolling_Std_10 Rolling_Std_20 RSI_14 MACD_Pct Volume_to_MA_10 USD_Index US_10Y_Yield VIX CPI_Inflation EIA_Storage_Level Heating_Degree_Days Cooling_Degree_Days Rig_Count
feature_infos=[-0.25953710489588089:0.46481176972811999] [-0.30047975442423092:0.3817267493869263] [-0.25953710489588089:0.46481176972811999] [-0.25953710489588089:0.46481176972811999] [-0.25953710489588089:0.46481176972811999] [-0.25953710489588089:0.46481176972811999] [-0.25953710489588089:0.46481176972811999] [0.0017521826490472:0.49736635943841118] [0.84956273887500966:1.3847751908081158] [0.79372315714634623:1.448186552283947] [0.72649827249158727:1.4990189649360941] [0.68716267688628974:1.5115317390034022] [0.82652070235046038:1.3922727109650179] [0.76555395000077109:1.4587988368072369] [0.0075971995904466003:0.19324897156218779] [0.0101270268425171:0.1415741040779375] [18.806082754753248:90.72666898325852] [-0.047345077241480002:0.037280324466973602] [0.18930515529939049:2.8509042652839689] [79.779998779296875:114.11000061035156] [0.52000000000000002:4.2400000000000002] [9.1400003433227539:82.69000244140625] [234.74700000000001:298.00700000000001] [1107:4047] [0:41.399999999999999] [0:20.100000000000001] [244:1931]
tree_sizes=2747 2846 2840 2836 2835 2768 2880 2848 2880 2752 2866 2419 2864

Tree=0
num_leaves=31
num_cat=0
split_feature=26 22 26 22 11 11 11 20 15 22 14 22 15 19 26 20 24 11 11 24 26 20 26 19 11 22 19 22 19 17
split_gain=13.2894 3.45655 5.16466 5.05327 3.34572 3.23776 2.69834 2.23605 1.84454 2.54648 1.68778 1.85269 1.61199 1.41712 1.32951 1.29732 0.967252 0.675301 0.665603 0.590741 0.5778 0.420683 0.47142 0.355355 0.305897 0.283173 0.275992 0.230201 0.203086 0.103976
threshold=756.50000000000011 281.69400000000007 504.50000000000006 288.11750000000001 1.0578482167846321 1.1492882096352051 0.94381524397099736 2.8150000000000004 0.029200016982716504 260.15800000000007 0.025948967332595455 251.92250000000004 0.042963122564546909 98.325000762939467 621.50000000000011 1.4350000000000003 14.15 0.91777343704674796 0.98749159745216486 19.150000000000002 1891.0000000000002 1.7250000000000003 849.50000000000011 94.729999542236342 0.89148922072323578 248.33200000000002 98.354999542236342 251.11600000000001 102.46500015258789 0.0107149785179788
decision_type=2 2 2 2 2 2 2 2 2 2 2 2 2 2 2 2 2 2 2 2 2 2 2 2 2 2 2 2 2 2
left_child=1 2 8 14 -5 7 24 19 15 13 11 27 16 -10 -3 -1 -8 -12 -11 21 25 -2 -23 -17 -4 -21 -26 -9 -6 -7
right_child=5 3 6 4 28 29 12 10 9 18 17 -13 -14 -15 -16 23 -18 -19 -20 20 -22 22 -24 -25 26 -27 -28 -29 -30 -31
leaf_value=0.033807415258835669 0.023962631234725158 0.029936517078159572 0.027401291684586451 0.033608602566939101 0.022787566875938352 0.012929480304925644 0.02473130505024862 0.023548060386053227 0.029157018138624393 0.025863574914309108 0.023310923483479962 0.031880538125065389 0.015878488599679375 0.021719046818593976 0.039863730383428345 0.029303697757023548 0.01961037307972038 0.016119598078525567 0.020762291459854764 0.021832691590963127 0.015051761567443684 0.019706830108516253 0.02185787582789266 0.026246731129390268 0.022095591877985168 0.019424363523479322 0.026101526351048454 0.026127972080185642 0.018569885129881177 0.017021513551457725
leaf_weight=50 66 21 62 26 21 31 62 94 151 31 25 37 54 26 43 101 68 23 78 87 20 113 584 63 26 109 34 44 25 23
leaf_count=50 66 21 62 26 21 31 62 94 151 31 25 37 54 26 43 101 68 23 78 87 20 113 584 63 26 109 34 44 25 23
internal_value=0.0236194 0.0263114 0.0255546 0.0307278 0.0251827 0.0215999 0.0224945 0.0219302 0.0274319 0.0258268 0.0246284 0.0260059 0.0202014 0.028043 0.0367998 0.0295428 0.0220654 0.0197211 0.0222476 0.0213121 0.0199115 0.0217169 0.0214997 0.0281706 0.0259283 0.0204636 0.0243199 0.0243612 0.0203729 0.0144662
internal_weight=2198 942 806 136 72 1256 306 1202 500 286 223 175 184 177 64 214 130 48 109 979 216 763 697 164 122 196 60 138 46 54
internal_count=2198 942 806 136 72 1256 306 1202 500 286 223 175 184 177 64 214 130 48 109 979 216 763 697 164 122 196 60 138 46 54
is_linear=0
shrinkage=1


Tree=1
num_leaves=31
num_cat=0
split_feature=20 23 20 22 23 22 22 15 11 20 22 22 21 11 22 19 20 23 25 23 19 15 17 23 21 15 22 17 23 9
split_gain=6.42148 3.94765 5.22444 4.98396 2.30633 1.89588 2.86427 1.75698 1.75275 1.63599 1.59083 1.54785 1.64655 1.43824 1.08663 1.02839 0.862993 0.651555 0.545003 0.461063 0.403144 0.319072 0.316085 0.252312 0.244492 0.222981 0.199972 0.187624 0.167223 0.140658
threshold=1.9850000000000001 2920.0000000000005 0.72500000000000009 265.78750000000008 2989.5000000000005 295.02700000000004 294.93500000000006 0.039705394076325208 1.0681219069282635 3.0450000000000004 255.54900000000001 257.0985 16.595000267028812 0.89148922072323578 241.45850000000004 97.634998321533217 1.8250000000000004 3841.0000000000005 1.2500000000000002 3598.5000000000005 95.08499908447267 0.031760823864008657 -0.00024314740940669996 3718.0000000000005 12.914999961853029 0.026257450553622951 258.87850000000009 0.0042840410271668015 3354.5000000000005 1.0260694617225414
decision_type=2 2 2 2 2 2 2 2 2 2 2 2 2 2 2 2 2 2 2 2 2 2 2 2 2 2 2 2 2 2
left_child=1 3 20 7 5 6 9 15 14 10 -2 19 25 -14 17 18 22 28 -1 24 29 -10 -5 -16 -4 -13 -17 -9 -6 -3
right_child=4 2 11 16 8 -7 -8 27 21 -11 -12 12 13 -15 23 26 -18 -19 -20 -21 -22 -23 -24 -25 -26 -27 -28 -29 -30 -31
leaf_value=0.0024824937657373617 -0.0013224970669514207 0.0075353802430629738 0.002326195378335459 0.010018423347859769 -0.003661938525026753 -0.0070637015285901729 0.01022901060011076 -0.00048741634158295708 -0.0048581771432189272 0.0061308901445008817 0.0026772269702254278 -0.0028199122925921661 0.0042910832332296147 -0.0024183444034685856 -0.0010491944518448691 0.0011274343304226238 0.014395459177819165 -0.00050972302411342177 0.0060736100043369719 0.0043212068275578566 0.011238663762807848 -0.0091460148740646445 0.0061482292425829952 0.001912735659512691 -0.00063035804558603551 -0.0067496045496161661 -0.0021282461669457991 -0.0037419204681180419 -0.0062035682431887838 0.0037262808851415423
leaf_weight=81 667 24 34 36 62 37 22 31 39 31 102 22 36 126 127 62 21 40 83 30 20 42 82 31 87 72 22 39 63 27
leaf_count=81 667 24 34 36 62 37 22 31 39 31 102 22 36 126 127 62 21 40 83 30 20 42 82 31 87 72 22 39 63 27
internal_value=0 0.00188348 -1.73355e-05 0.00387388 -0.00139475 -0.000510045 -0.000203181 0.00177916 -0.00326253 -0.000506224 -0.00078529 -0.00133832 -0.00275852 -0.000891777 -0.00224604 0.00296717 0.00859775 -0.00394355 0.00434393 0.00105199 0.00742684 -0.00720251 0.00742844 -0.000440814 0.000188076 -0.00590083 0.000224455 -0.00237006 -0.0050058 0.00568693
internal_weight=2198 935 478 457 1263 859 822 318 404 800 769 407 256 162 323 248 139 165 164 151 71 81 118 158 121 94 84 70 125 51
internal_count=2198 935 478 457 1263 859 822 318 404 800 769 407 256 162 323 248 139 165 164 151 71 81 118 158 121 94 84 70 125 51
is_linear=0
shrinkage=0.03


Tree=2
num_leaves=31
num_cat=0
split_feature=26 23 20 19 22 11 11 11 20 14 23 26 26 11 23 21 23 11 17 21 24 26 21 19 11 20 24 22 23 22
split_gain=11.8801 5.8947 4.69355 3.13352 4.30565 2.94465 2.36369 2.24724 2.08276 1.53483 1.97641 1.30363 1.14859 0.830522 0.790969 0.863662 0.682796 0.628729 0.591644 0.566229 0.52155 0.505751 0.427279 0.379042 0.365374 0.348959 0.633299 0.335782 0.324222 0.30564
threshold=756.50000000000011 2912.0000000000005 0.72500000000000009 99.365001678466811 283.52150000000006 1.1492882096352051 0.89148922072323578 0.98250393175453066 2.8150000000000004 0.025948967332595455 2563.0000000000005 403.50000000000006 526.00000000000011 1.0075711293634699 3248.5000000000005 11.690000057220461 3757.5000000000005 0.91777343704674796 0.0047951440992641007 24.710000038146976 9.6500000000000004 611.50000000000011 15.635000228881838 95.08499908447267 1.0225874261080943 2.0850000000000004 15.65 260.61500000000007 3822.5000000000005 252.37150000000003
decision_type=2 2 2 2 2 2 2 2 2 2 2 2 2 2 2 2 2 2 2 2 2 2 2 2 2 2 2 2 2 2
left_child=1 3 23 4 11 8 -5 21 14 10 -10 13 28 -1 25 -16 -14 -11 -13 -8 -17 27 -12 -3 -21 26 -2 -4 -9 -27
right_child=5 2 7 6 -6 -7 19 12 9 17 22 18 16 -15 15 20 -18 -19 -20 24 -22 -23 -24 -25 -26 29 -28 -29 -30 -31
leaf_value=0.005012575661630503 0.00079307672168361021 0.0055245499635795843 0.0057351228783447897 0.0077401908187044637 0.016243471707846666 -0.0087123490634289664 0.0019062173686198594 -0.00018660808317684407 0.00046065244241092434 -0.00020560144385896049 0.010681997511535882 0.007461352131141962 -0.0066346685424834096 -0.0019847633229060605 -0.0010154486018931492 -0.0030642190311087427 -0.0012474838544307698 -0.0071418582666665318 0.0041188859959392877 0.00058486831265459351 -0.0065697044737117226 -0.0010757274552647554 0.0040653282385319468 0.010917559023414338 -0.0039779962357407543 -0.0016334338623970009 -0.002515687998210254 0.0018432052196737075 -0.0033280889980222394 -0.0033087424096241076
leaf_weight=27 119 51 30 36 36 54 37 115 132 25 23 148 76 32 79 83 32 23 85 21 85 34 20 20 50 381 90 72 40 142
leaf_count=27 119 51 30 36 36 54 37 115 132 25 23 148 76 32 79 83 32 23 85 21 85 34 20 20 50 381 90 72 40 142
internal_value=0 0.00254586 0.000159454 0.00491045 0.00652836 -0.00190885 0.00118491 -0.00110361 -0.00159372 0.00101007 0.0023239 0.00526901 -0.00272399 0.00119758 -0.00219031 -0.00366784 -0.00509208 -0.00366837 0.00627763 -0.00102362 -0.00488396 0.00200505 0.007835 0.00721591 -0.00259737 -0.00168333 -0.000622659 0.00306158 -0.00103268 -0.00209947
internal_weight=2198 942 470 472 328 1256 144 399 1202 223 175 292 263 59 979 247 108 48 233 108 168 136 43 71 71 732 209 102 155 523
internal_count=2198 942 470 472 328 1256 144 399 1202 223 175 292 263 59 979 247 108 48 233 108 168 136 43 71 71 732 209 102 155 523
is_linear=0
shrinkage=0.03


Tree=3
num_leaves=31
num_cat=0
split_feature=26 23 20 11 22 11 11 20 24 21 26 26 26 25 26 13 23 22 23 20 26 23 26 20 11 22 21 22 24 24
split_gain=11.1912 5.55248 4.42596 2.78372 2.36793 3.72704 2.11809 1.92896 1.46408 1.18753 1.11957 1.08114 0.874157 0.848286 0.836891 0.819675 0.692099 1.91537 0.641806 0.583862 0.544454 0.543433 0.477188 0.414304 0.363455 0.31619 0.307492 0.257915 0.25117 0.245749
threshold=756.50000000000011 2912.0000000000005 0.72500000000000009 1.1658407314017989 265.78750000000008 1.2144774122758848 0.98250393175453066 2.8150000000000004 8.9500000000000011 19.894999504089366 763.50000000000011 526.00000000000011 621.50000000000011 0.55000000000000016 1891.0000000000002 1.0151011666181353 2503.5000000000005 252.57750000000001 3757.5000000000005 2.8350000000000004 463.50000000000006 2091.5000000000005 611.50000000000011 1.9850000000000001 1.0225874261080943 260.61500000000007 14.75500011444092 248.33200000000002 3.6500000000000008 13.65
decision_type=2 2 2 2 2 2 2 2 2 2 2 2 2 2 2 2 2 2 2 2 2 2 2 2 2 2 2 2 2 2
left_child=1 4 24 7 9 8 22 13 21 20 -9 26 -10 14 27 28 -12 -18 -13 -7 -1 -6 25 -15 -3 -4 -8 -2 -11 -25
right_child=3 2 6 -5 5 19 11 10 12 15 16 18 -14 23 -16 -17 17 -19 -20 -21 -22 -23 -24 29 -26 -27 -28 -29 -30 -31
leaf_value=0.0065881902999244627 -0.0017047879670738309 0.010181743716001512 0.0055686193879472181 -0.0089543839320540431 0.0033085817933703461 0.0022539353711264472 0.00088089079081135624 -0.0056471976499472346 0.0070015458145311904 0.0050387043001662406 0.00029210143836967488 -0.0064382134582121643 0.015787766794363656 0.00012830709470782077 -0.008288103649020195 -0.0031021175349131226 0.0091676588479210341 -0.00049443783885799351 -0.0012111934347247535 -0.0046990900151431553 0.0023983694360891388 0.0079285041505677816 -0.0010443777236555304 -0.0020206674269214113 0.0051458051914814859 0.0017886666026685431 -0.0019281708714837772 -0.0036546350448273205 0.0010332248754968696 0.00049595965366461313
leaf_weight=63 111 24 30 47 35 20 50 20 20 20 133 76 35 110 29 39 33 39 32 21 58 107 34 528 47 72 105 171 54 35
leaf_count=63 111 24 30 47 35 20 50 20 20 20 133 76 35 110 29 39 33 39 32 21 58 107 34 528 47 72 105 171 54 35
internal_value=0 0.00247132 0.000155024 -0.00185231 0.00476625 0.00687754 -0.00107131 -0.00156656 0.00858474 0.00258597 0.000926873 -0.00264459 0.0128284 -0.00214011 -0.00344287 0.000338206 0.00160711 0.00395785 -0.00494231 -0.00126303 0.00464056 0.00684187 0.00194633 -0.00152943 0.00700753 0.00297281 -0.00100295 -0.00290648 0.00220854 -0.0018583
internal_weight=2198 942 470 1256 472 238 399 1209 197 234 225 263 55 984 311 113 205 72 108 41 121 142 136 673 71 102 155 282 74 563
internal_count=2198 942 470 1256 472 238 399 1209 197 234 225 263 55 984 311 113 205 72 108 41 121 142 136 673 71 102 155 282 74 563
is_linear=0
shrinkage=0.03


Tree=4
num_leaves=31
num_cat=0
split_feature=26 22 23 11 20 26 11 15 26 20 19 23 22 23 23 26 19 26 19 15 23 11 26 20 15 24 8 19 19 17
split_gain=10.5727 7.13022 3.29566 2.63365 3.19873 2.6116 2.29325 1.74774 1.65268 1.55768 1.18254 1.88545 1.08816 0.800302 0.739573 0.66918 0.630501 0.642591 0.464631 0.407118 0.385243 0.377583 0.338947 0.354303 0.267114 0.220194 0.192632 0.165343 0.144005 0.117309
threshold=691.00000000000011 283.52150000000006 3079.5000000000005 1.1248909478374638 2.8150000000000004 265.50000000000006 0.98250393175453066 0.029563775525040654 755.00000000000011 1.7450000000000003 97.034999847412124 2563.0000000000005 242.33150000000003 2571.5000000000005 3141.5000000000005 338.50000000000006 89.759998321533217 849.50000000000011 96.055000305175795 0.043653769109688108 2295.5000000000005 0.84902421839264575 756.50000000000011 2.0850000000000004 0.029268998558238554 10.050000000000002 1.0171783219384618 102.46500015258789 90.799999237060561 -0.00036859782828674992
decision_type=2 2 2 2 2 2 2 2 2 2 2 2 2 2 2 2 2 2 2 2 2 2 2 2 2 2 2 2 2 2
left_child=1 2 7 4 14 26 19 13 -6 15 11 -10 -8 28 22 -9 25 -18 -11 -7 27 -12 -2 -24 -22 -16 -4 -5 -1 -15
right_child=3 -3 5 20 8 6 12 9 10 18 21 -13 -14 29 16 -17 17 -19 -20 -21 24 -23 23 -25 -26 -27 -28 -29 -30 -31
leaf_value=0.0066205439058042341 0.0012412925888670653 0.014507893817668609 0.0072917205107708776 -0.0012148414174360889 0.009187501325011253 0.00425968956589819 -0.00047410172523947746 0.0045065104211680588 0.00039654156846834503 0.0074763584728973608 0 0.0076275147750627156 -0.0047064034682739037 0.010118224193426697 -0.0032857095611148641 -0.0010717025937539073 -0.0039632493822978135 -0.00097659700090997094 0.0016580807339133959 0.00036901796605459165 -0.0041613608213222544 -0.0053927864848769139 -0.00038944737414681554 -0.0019541554436471849 -0.0088480278795703936 -0.007955872521285089 0.0033940863957894695 -0.0052743160906045337 0.003841090263674656 0.0060272443209375658
leaf_weight=30 40 43 35 20 24 61 108 23 137 44 20 42 114 43 20 99 136 131 20 43 22 27 184 498 46 30 27 22 89 20
leaf_count=30 40 43 35 20 24 61 108 23 137 44 20 42 114 43 20 99 136 131 20 43 22 27 184 498 46 30 27 22 89 20
internal_value=2.55938e-07 0.00275282 0.00206197 -0.0015705 -0.00118473 0.000123292 -0.000946715 0.00409201 0.00185052 0.00200664 0.00102111 0.00214281 -0.00267226 0.0061842 -0.00191903 0 -0.00313367 -0.00251819 0.00575778 0.00269845 -0.00601252 -0.00314403 -0.00137798 -0.00153759 -0.00745752 -0.00624769 0.0057228 -0.00348421 0.00461612 0.00898084
internal_weight=2198 799 756 1399 1289 388 326 368 250 186 226 179 222 182 1039 122 317 267 64 104 110 47 722 682 68 50 62 42 119 63
internal_count=2198 799 756 1399 1289 388 326 368 250 186 226 179 222 182 1039 122 317 267 64 104 110 47 722 682 68 50 62 42 119 63
is_linear=0
shrinkage=0.03


Tree=5
num_leaves=30
num_cat=0
split_feature=26 22 26 11 20 22 26 15 22 16 15 19 19 22 20 25 11 19 15 11 26 11 19 22 15 19 12 19 10
split_gain=9.9679 6.71618 2.81595 2.4856 3.01423 1.83971 1.55886 1.38202 1.90671 1.32463 1.43011 1.11698 1.11508 1.56033 1.03469 0.627425 0.527932 0.449293 0.408534 0.478412 0.363535 0.356069 0.31086 0.276696 0.275382 0.250694 0.19118 0.166403 0.0365178
threshold=691.00000000000011 283.52150000000006 504.50000000000006 1.1248909478374638 2.8150000000000004 279.88200000000006 755.00000000000011 0.029200016982716504 260.15800000000007 41.419135377658513 0.042963122564546909 98.325000762939467 97.034999847412124 251.92250000000004 1.4350000000000003 1.0000000180025095e-35 0.98749159745216486 89.524997711181655 0.019388960851801005 1.0093392569198303 761.00000000000011 0.84902421839264575 99.770000457763686 237.44500000000002 0.029268998558238554 94.729999542236342 0.99961475158340329 102.46500015258789 1.0471977477479317
decision_type=2 2 2 2 2 2 2 2 2 2 2 2 2 2 2 2 2 2 2 2 2 2 2 2 2 2 2 2 2
left_child=1 2 7 4 15 9 -6 14 11 -4 -11 -9 13 -8 28 17 -10 -2 23 -20 27 -14 -19 -17 -22 -16 -7 -5 -1
right_child=3 -3 5 20 6 26 12 8 16 10 -12 -13 21 -15 25 18 -18 22 19 -21 24 -23 -24 -25 -26 -27 -28 -29 -30
leaf_value=0.010240337827801704 -0.0075061404832771853 0.014082548878409644 0.003490319782945638 -0.0011801316770059722 0.0089229009050130845 0.0067587364939693364 0.00063202081566608585 0.0048282988972174557 0.0020405415324839847 -0.00097889723978568659 -0.0068836319185793396 -0.0017659617211255761 0 0.0075798492578638575 0.0048709022219785864 -0.0045729290162297813 -0.0024995431926048395 -0.0031291610698233568 -0.00028019390978229798 -0.0023759878356629065 -0.0040419479137306785 -0.0052367807897473022 0.00041860899026505648 -0.001904538183921316 -0.0088139554834501307 0.0022792687435212429 0.0023853223126550963 -0.0051408154018796406 0.0066466490978544408
leaf_weight=29 20 43 35 20 24 24 143 151 31 123 53 26 20 36 101 43 78 207 348 138 22 27 23 260 43 63 21 25 21
leaf_count=29 20 43 35 20 24 24 143 151 31 123 53 26 20 36 101 43 78 207 348 138 22 27 23 260 43 63 21 25 21
internal_value=8.2042e-07 0.00267353 0.0020029 -0.0015243 -0.00114946 -0.000544756 0.00179678 0.00331177 0.00192005 -0.00173324 -0.00280282 0.00383832 0.000990838 0.00208036 0.00514019 -0.0018623 -0.00117424 -0.00318107 -0.00143714 -0.000885113 -0.00583985 -0.00305302 -0.00276112 -0.00230689 -0.00732998 0.00391337 0.00487925 -0.00350965 0.00894973
internal_weight=2198 799 756 1399 1289 256 250 500 286 211 176 177 226 179 214 1039 109 250 789 486 110 47 230 303 65 164 45 45 50
internal_count=2198 799 756 1399 1289 256 250 500 286 211 176 177 226 179 214 1039 109 250 789 486 110 47 230 303 65 164 45 45 50
is_linear=0
shrinkage=0.03


Tree=6
num_leaves=31
num_cat=0
split_feature=20 25 20 25 10 19 11 15 25 21 15 20 15 11 17 11 19 15 13 15 10 17 14 15 14 11 19 7 17 11
split_gain=4.83062 2.31732 1.61951 1.56374 1.85726 1.61408 1.55601 1.6292 1.28578 1.54339 1.33357 1.2552 1.82068 1.05898 0.944936 0.767947 0.684532 0.442364 0.38975 0.320523 0.21804 0.167289 0.167043 0.142516 0.13132 0.129056 0.12493 0.159954 0.0732059 0.0509286
threshold=1.9850000000000001 6.4500000000000011 1.3150000000000002 1.0000000180025095e-35 0.85426592715061 102.00500106811525 1.1626815606777159 0.056061646777078804 0.55000000000000016 16.595000267028812 0.04664677887103446 2.7150000000000003 0.027122019165148004 1.0015343695111116 0.0035255648602986506 1.0706003233753425 93.075000762939467 0.040725395400384855 1.1005648699863964 0.028937410851842257 0.96711883497700701 0.0028397407414504001 0.043213910146689759 0.029268998558238554 0.033280171831566806 0.9324949066106617 89.944999694824233 0.063914516022208712 0.0079673304120368021 1.0048941095519055
decision_type=2 2 2 2 2 2 2 2 2 2 2 2 2 2 2 2 2 2 2 2 2 2 2 2 2 2 2 2 2 2
left_child=1 6 18 15 -5 11 7 8 9 -1 -10 12 -6 -7 -9 19 21 -13 23 25 -18 -4 -15 -3 -17 -2 -21 -28 -8 -25
right_child=3 2 16 4 5 13 28 14 10 -11 -12 17 -14 22 -16 24 20 -19 -20 26 -22 -23 -24 29 -26 -27 27 -29 -30 -31
leaf_value=-0.0041191470836801983 0.0010070608533148107 0.0093002214549403432 0.007207237092049225 0.0073953992291539913 -0.0018482041436046444 4.7867899459293648e-05 -0.0063099998310208322 0.01062390296906233 0.0030128516419179758 0.00065259797661019548 -0.0023376063520965328 0.0019739035211484594 0.0022036078102785528 -0.0087314364798367038 0.0016216434177688576 -0.0035867811640990632 0.0034695185085944829 -0.0025668624876333136 0.0026676349426093303 -0.0054444039142025362 0.00032160591157298765 0.0028992835103364826 -0.0050143373930970061 0.0078500648609229496 -0.0072829939625984018 -0.0017733143359422684 -0.0019124940864392555 -0.0046327762581408029 -0.0031271347142010925 0.0048599883088221154
leaf_weight=88 28 37 22 24 538 33 20 23 226 191 50 196 121 23 21 20 24 20 22 20 111 21 51 20 42 29 89 29 24 35
leaf_count=88 28 37 22 24 538 33 20 23 226 191 50 196 121 23 21 20 24 20 22 20 111 21 51 20 42 29 89 29 24 35
internal_value=9.72478e-07 0.00163594 0.00384943 -0.00120736 -0.000668495 -0.000875951 0.00062167 0.00102841 0.000576248 -0.00085109 0.0020278 -0.000444506 -0.00109749 -0.00433956 0.00652555 -0.00329429 0.00201848 0.00152975 0.00663978 -0.00232365 0.00092469 0.00528524 -0.00631067 0.00751849 -0.00621415 -0.000361977 -0.00310389 -0.00263956 -0.00474863 0.00612162
internal_weight=2198 935 292 1263 1006 982 643 599 555 279 276 875 659 107 44 257 178 216 114 195 135 43 74 92 62 57 138 118 44 55
internal_count=2198 935 292 1263 1006 982 643 599 555 279 276 875 659 107 44 257 178 216 114 195 135 43 74 92 62 57 138 118 44 55
is_linear=0
shrinkage=0.03


Tree=7
num_leaves=31
num_cat=0
split_feature=26 23 20 11 22 11 11 15 20 24 15 23 26 25 25 26 11 26 23 26 23 25 11 15 15 23 11 22 21 22
split_gain=9.06886 4.58462 3.63758 2.23876 1.94619 3.07836 1.80013 1.58724 1.54597 1.24017 1.08362 1.58519 0.913962 0.796229 0.732111 0.722654 0.65561 0.59788 0.5585 0.558457 0.437368 0.407041 0.525366 0.384572 0.347981 0.335738 0.308625 0.265901 0.25574 0.251286
threshold=756.50000000000011 2912.0000000000005 0.72500000000000009 1.1492882096352051 265.78750000000008 1.2110400553554925 0.98250393175453066 0.038324498177967854 2.8150000000000004 8.9500000000000011 0.026257450553622951 2563.0000000000005 526.00000000000011 1.3500000000000003 0.35000000000000003 621.50000000000011 0.91777343704674796 1891.0000000000002 3833.5000000000005 696.50000000000011 2091.5000000000005 1.7500000000000002 0.88927180053129951 0.018732552760421902 0.019388960851801005 3206.5000000000005 1.0093392569198303 237.44500000000002 14.75500011444092 248.33200000000002
decision_type=2 2 2 2 2 2 2 2 2 2 2 2 2 2 2 2 2 2 2 2 2 2 2 2 2 2 2 2 2 2
left_child=1 4 25 8 7 9 21 13 14 20 11 -10 28 -1 17 -11 -12 29 -14 -7 -6 22 -4 -13 27 -3 -26 -16 -8 -2
right_child=3 2 6 -5 5 19 12 -9 10 15 16 23 18 -15 24 -17 -18 -19 -20 -21 -22 -23 -24 -25 26 -27 -28 -29 -30 -31
leaf_value=0.002247854859316804 -0.001480647068428807 0.0097920772348131461 0.003553319442768892 -0.0075996235724707893 0.0030007946053519845 0.0024130045590656144 0.0007849119140430368 -0.0017287095555913678 0.00031033982819644732 0.0063787258969885963 0 0.0096694669891148801 -0.0056353830949499679 0.006609985438893076 -0.004384673081338406 0.014402077640096343 -0.0064423355432227259 -0.0074761541975396015 -0.00013577828894409795 -0.0043176198195180168 0.007170813213929394 0.0054672697440761586 -0.00056761488302702631 0.0034403043514383688 -0.00023389058046054435 0.0047579565262421963 -0.0020263613040187919 -0.0017679003568313954 -0.0017737571232367905 -0.0035265671079411998
leaf_weight=112 99 20 44 54 35 20 50 62 122 20 35 23 86 60 43 35 23 27 22 22 106 22 70 20 282 51 127 254 105 147
leaf_count=112 99 20 44 54 35 20 50 62 122 20 35 23 86 60 43 35 23 27 22 22 106 22 70 20 282 51 127 254 105 147
internal_value=1.14012e-06 0.00222631 0.000121028 -0.0016658 0.00431165 0.00622637 -0.000990108 0.00233323 -0.00139063 0.00780068 0.000851371 0.00209931 -0.00244087 0.00381628 -0.00190473 0.0117041 -0.00262336 -0.00323113 -0.00455414 -0.00106121 0.00618525 0.00179085 0.0010139 0.0069844 -0.00138374 0.00633399 -0.000801379 -0.00217027 -0.000929409 -0.00272468
internal_weight=2198 942 470 1256 472 238 399 234 1202 196 223 165 263 172 979 55 58 273 108 42 141 136 114 43 706 71 409 297 155 246
internal_count=2198 942 470 1256 472 238 399 234 1202 196 223 165 263 172 979 55 58 273 108 42 141 136 114 43 706 71 409 297 155 246
is_linear=0
shrinkage=0.03


Tree=8
num_leaves=31
num_cat=0
split_feature=26 23 26 19 26 11 11 11 15 23 15 25 7 21 15 19 26 19 26 11 25 11 24 16 11 23 11 15 17 19
split_gain=8.54655 4.31753 3.25243 2.26929 3.28515 2.11039 1.83978 1.73916 1.30239 1.21236 0.968801 0.721693 0.710206 0.641903 0.585206 0.570357 0.525719 0.498462 0.757931 0.426714 0.383939 0.495155 0.312187 0.275989 0.259101 0.298263 0.251597 0.244319 0.060515 0.0609199
threshold=756.50000000000011 2912.0000000000005 267.50000000000006 99.365001678466811 611.50000000000011 1.1658407314017989 0.89148922072323578 0.98250393175453066 0.038483384750052953 3104.5000000000005 0.041262455653590456 1.4500000000000002 0.059478427935348008 11.690000057220461 0.036103837524629506 98.625000000000014 611.50000000000011 80.799999237060561 1047.5000000000002 1.0421667885780104 1.7500000000000002 0.88927180053129951 8.5500000000000025 55.462074397915188 0.87216840565134268 2413.5000000000005 1.0225874261080943 0.05519577755069726 0.00083946873119325005 93.264999389648452
decision_type=2 2 2 2 2 2 2 2 2 2 2 2 2 2 2 2 2 2 2 2 2 2 2 2 2 2 2 2 2 2
left_child=1 3 19 4 8 9 -5 20 11 12 16 -1 17 28 -8 22 -9 -2 -19 -3 21 -4 -15 -10 -14 -26 -16 -12 29 -11
right_child=5 2 7 6 -6 -7 14 10 23 13 27 -13 24 15 26 -17 -18 18 -20 -21 -22 -23 -24 -25 25 -27 -28 -29 -30 -31
leaf_value=0.0029105545825309077 -0.0035314921843515629 0.0084287075136195537 0.0034490887445708116 0.006796005285873606 0.013054164939357533 -0.007802248897845857 0.0029620739929400418 -0.00052964309185882729 0.0017068497665280189 0.001128887382602053 -0.006537932431504417 0.0064734802671316026 -0.00059081316004610726 -0.0029910511473267847 0.00017306466115405783 -0.0002914610320800229 -0.0048455915710618426 -0.00091429714714059214 0.0011821930074777003 0.003588677677285412 0.0053103828830239567 -0.00055082627136627551 -0.005599916102962111 -0.00290007073911173 -0.0012047196346102282 -0.0057488950961692761 -0.003267798646690388 -0.002206875952758959 -0.0016963946244330146 -0.00089101490979858974
leaf_weight=87 45 32 44 36 45 47 25 156 25 20 51 151 26 87 26 37 30 533 217 45 22 70 105 20 22 43 57 20 39 35
leaf_count=87 45 32 44 36 45 47 25 156 25 20 51 151 26 87 26 37 30 533 217 45 22 70 105 20 22 43 57 20 39 35
internal_value=1.48437e-06 0.00216167 0.000118432 0.00418535 0.00556251 -0.0016167 0.00101108 -0.000983363 0.00431892 -0.00136751 -0.00243676 0.00520125 -0.000787573 -0.00294168 -0.000934364 -0.00379947 -0.001264 -0.000493675 -0.000302952 0.00572085 0.00173897 0.000983481 -0.00445494 -0.000293987 -0.00328926 -0.00429788 -0.00216499 -0.00540718 -0.000802376 -9.58911e-05
internal_weight=2198 942 470 472 328 1256 144 393 283 1209 257 238 886 323 108 229 186 795 750 77 136 114 192 45 91 65 83 71 94 55
internal_count=2198 942 470 472 328 1256 144 393 283 1209 257 238 886 323 108 229 186 795 750 77 136 114 192 45 91 65 83 71 94 55
is_linear=0
shrinkage=0.03


Tree=9
num_leaves=30
num_cat=0
split_feature=26 22 23 11 20 26 11 19 26 25 19 23 22 10 26 23 19 26 25 15 11 26 20 22 25 15 8 19 16
split_gain=8.07856 5.67491 2.55863 2.02082 2.49863 1.97686 1.84194 1.34803 1.30984 1.16969 0.943693 1.57451 0.87747 0.809741 0.633992 0.624001 0.425186 0.562318 0.386874 0.359381 0.290033 0.288557 0.287778 0.38276 0.315266 0.214581 0.171189 0.142367 0.0861096
threshold=691.00000000000011 283.52150000000006 3079.5000000000005 1.1248909478374638 2.8150000000000004 265.50000000000006 0.98250393175453066 98.325000762939467 755.00000000000011 0.55000000000000016 97.034999847412124 2563.0000000000005 242.33150000000003 1.091001485035398 399.50000000000006 3038.0000000000005 89.759998321533217 849.50000000000011 1.8500000000000003 0.043653769109688108 0.84902421839264575 761.00000000000011 2.0850000000000004 252.37150000000003 1.0000000180025095e-35 0.029268998558238554 1.0171783219384618 102.46500015258789 51.560844795164805
decision_type=2 2 2 2 2 2 2 2 2 2 2 2 2 2 2 2 2 2 2 2 2 2 2 2 2 2 2 2 2
left_child=1 2 7 4 15 26 19 9 -6 14 11 -10 -8 -11 -1 22 18 -18 -17 -7 -12 27 24 -24 -2 -23 -4 -5 -9
right_child=3 -3 5 21 8 6 12 28 10 13 20 -13 -14 -15 -16 16 17 -19 -20 -21 -22 25 23 -25 -26 -27 -28 -29 -30
leaf_value=-0.0023548664854606614 -0.0021344221299888365 0.012895305897701869 0.006417798674354951 -0.0010091110592974084 0.008182044752240181 0.0038826663099349504 -0.00041832625117740874 0 0.00031441914653608006 0.0063112224116105243 0 0.0069235645045721255 -0.0042221850750137763 0.0016354229863733052 0.0029449569955156646 -0.0071330383070877619 -0.0036151875085131801 -0.00097896829801278978 -0.0016598534981127487 0.00022922591566616163 -0.0047806286964166382 -0.0036525547345189133 -0.00097231402571039795 -0.0028315562931234607 0.00069288982019111243 -0.0079183346822180537 0.0027893599897090876 -0.0046781911073395842 -0.0026744192966393059
leaf_weight=27 48 43 35 20 24 61 108 24 137 183 20 42 114 44 70 34 141 160 21 43 27 22 366 142 127 43 27 25 20
leaf_count=27 48 43 35 20 24 61 108 24 137 183 20 42 114 44 70 34 141 160 21 43 27 22 366 142 127 43 27 25 20
internal_value=1.26334e-06 0.00240752 0.00179078 -0.0013716 -0.00103333 8.17615e-05 -0.000848127 0.00357945 0.00164859 0.00424928 0.000908565 0.00191168 -0.00239529 0.00542921 0.00143016 -0.00168249 -0.00270628 -0.00223169 -0.00516381 0.00241725 -0.00280956 -0.00526342 -0.0011413 -0.00150246 -7.32772e-05 -0.0065972 0.00495465 -0.00317009 -0.00127108
internal_weight=2198 799 756 1399 1289 388 326 368 250 324 226 179 222 227 97 1039 356 301 55 104 47 110 683 508 175 65 62 45 44
internal_count=2198 799 756 1399 1289 388 326 368 250 324 226 179 222 227 97 1039 356 301 55 104 47 110 683 508 175 65 62 45 44
is_linear=0
shrinkage=0.03


Tree=10
num_leaves=31
num_cat=0
split_feature=26 23 20 19 26 11 11 11 20 14 23 24 26 25 26 23 11 21 20 21 25 11 17 20 19 11 14 23 24 23
split_gain=7.62219 3.8407 3.08463 1.99881 2.95878 1.87169 1.66642 1.52912 1.31202 1.12595 1.41143 1.09903 0.796633 0.635214 0.582172 0.499484 0.440514 0.383218 0.361039 0.360614 0.346333 0.471226 0.337017 0.309677 0.300651 0.253277 0.240654 0.216394 0.204403 0.174594
threshold=756.50000000000011 2912.0000000000005 0.72500000000000009 99.365001678466811 611.50000000000011 1.1658407314017989 0.89148922072323578 0.98250393175453066 2.8150000000000004 0.025948967332595455 2563.0000000000005 16.950000000000003 526.00000000000011 0.55000000000000016 1891.0000000000002 3757.5000000000005 0.91777343704674796 24.710000038146976 1.3900000000000001 15.635000228881838 1.7500000000000002 0.88927180053129951 0.0018479069847301501 1.9850000000000001 95.08499908447267 1.0225874261080943 0.019070155081444554 2488.5000000000005 13.65 3413.0000000000005
decision_type=2 2 2 2 2 2 2 2 2 2 2 2 2 2 2 2 2 2 2 2 2 2 2 2 2 2 2 2 2 2
left_child=1 3 24 4 11 8 -5 20 13 10 -10 22 26 14 27 -14 -11 -8 -13 -12 21 -4 -1 29 -3 -19 -9 -2 -25 -15
right_child=5 2 7 6 -6 -7 17 12 9 16 19 18 15 23 -16 -17 -18 25 -20 -21 -22 -23 -24 28 -26 -27 -28 -29 -30 -31
leaf_value=0.0061908589307314308 -0.0012147825390158087 0.0043457129513128443 0.0033399017543842397 0.0064748670646064986 0.012353219344726074 -0.0073531464530096858 0.0015204585124983599 0.0019584016841228888 0.00032988175988211325 -0.00016946404126401128 0.0091584296170622113 -0.0028007016059543406 -0.0055388003436292145 0.00080254571340822919 -0.0069440175682306286 -0.0009228802622158333 -0.0058837815090440788 0.0004509470213829032 0.0020638800683574609 0.003145022556052676 0.0050465822887161499 -0.00056198383870487048 0.0036774421977768231 -0.0016696659231981161 0.0091032341356788362 -0.0033290870896376234 -0.0013297860701333855 -0.003050680105535831 0.00062284458397577204 -0.0021674169386440715
leaf_weight=116 96 51 44 36 45 47 37 22 132 25 23 20 76 89 29 32 25 21 38 20 22 70 109 528 20 50 133 186 35 21
leaf_count=116 96 51 44 36 45 47 37 22 132 25 23 20 76 89 29 32 25 21 38 20 22 70 109 528 20 50 133 186 35 21
internal_value=1.02281e-06 0.00204112 0.000113631 0.00394981 0.00524247 -0.00152707 0.000968861 -0.000909062 -0.00129221 0.000762556 0.00190751 0.00406171 -0.00224656 -0.0017654 -0.00289305 -0.00421966 -0.00314479 -0.000881515 0.000316552 0.00656472 0.00165304 0.000933867 0.00500818 -0.00123633 0.00583535 -0.00217865 -0.000834283 -0.0024428 -0.00152098 0.000194108
internal_weight=2198 942 470 472 328 1256 144 399 1209 225 175 283 263 984 311 108 50 108 58 43 136 114 225 673 71 71 155 282 563 110
internal_count=2198 942 470 472 328 1256 144 399 1209 225 175 283 263 984 311 108 50 108 58 43 136 114 225 673 71 71 155 282 563 110
is_linear=0
shrinkage=0.03


Tree=11
num_leaves=26
num_cat=0
split_feature=26 22 23 26 23 19 24 22 22 20 13 15 15 13 10 22 20 25 21 22 22 8 17 23 13
split_gain=7.20121 5.09029 2.27695 1.7536 1.33463 1.21859 1.09113 1.01517 1.96166 1.21624 0.811747 0.754356 0.711299 0.682155 0.633931 0.506845 0.363887 0.361119 0.284139 0.259841 0.33634 0.156325 0.0848089 0.0822344 0.0772584
threshold=691.00000000000011 283.52150000000006 3079.5000000000005 265.50000000000006 3038.0000000000005 98.325000762939467 18.950000000000003 295.02700000000004 294.93500000000006 3.0450000000000004 0.97835984596913128 0.041970898154265655 0.044247370642595506 1.0259438621633603 1.0980968034014242 264.27000000000004 2.3150000000000004 2.2500000000000004 12.055000305175783 257.51700000000005 244.71300000000002 1.0171783219384618 -0.0036830663177780999 3686.5000000000005 1.0160604452723596
decision_type=2 2 2 2 2 2 2 2 2 2 2 2 2 2 2 2 2 2 2 2 2 2 2 2 2
left_child=1 2 5 21 7 6 14 8 9 11 17 -2 -12 16 -1 -8 19 -5 -15 20 -6 -4 -18 -24 -7
right_child=4 -3 3 10 13 24 15 -9 -10 -11 12 -13 -14 18 -16 -17 22 -19 -20 -21 -22 -23 23 -25 -26
leaf_value=0.0055378465422824636 -0.00058329772107057682 0.012206766841763798 0.0060642168497045835 0.00042176811780394389 -0.0030203041553380897 0 -0.0011536404869291297 -0.0055107083421102477 0.0081478823125362386 0.0046045669593118331 -0.00088440985667164731 -0.0031245289819269648 -0.0049834044616296888 -0.0017798807839197771 0.0010444404994680856 0.0040457306403953296 0.00057700317645273912 0.0048172144188799639 -0.0062499648599675106 -0.0047517415023579897 -0.00019406966499558746 0.0025951143210487704 -0.0021339441340416671 5.3877834114246063e-05 -0.0025627185771507871
leaf_weight=218 773 43 35 81 129 24 46 37 22 36 175 122 49 20 35 25 37 21 61 48 57 27 34 23 20
leaf_count=218 773 43 35 81 129 24 46 37 22 36 175 122 49 20 35 25 37 21 61 48 57 27 34 23 20
internal_value=1.45118e-06 0.00227337 0.00168903 7.63814e-05 -0.00129464 0.00337637 0.0040134 -0.000693669 -0.000497924 -0.000713971 -0.000798968 -0.000936149 -0.00181256 -0.00273677 0.0049346 0.000666221 -0.00210091 0.00139382 -0.00521799 -0.00273503 -0.00217591 0.00466627 -0.00047862 -0.00121371 -0.00123275
internal_weight=2198 799 756 388 1399 368 324 990 953 931 326 895 224 409 253 71 328 102 81 234 186 62 94 57 44
internal_count=2198 799 756 388 1399 368 324 990 953 931 326 895 224 409 253 71 328 102 81 234 186 62 94 57 44
is_linear=0
shrinkage=0.03


Tree=12
num_leaves=31
num_cat=0
split_feature=26 23 26 19 26 15 13 16 23 15 15 26 26 23 22 19 16 25 15 22 23 19 17 23 26 26 24 22 16 19
split_gain=6.78809 3.40338 2.63433 1.76814 2.66379 1.56246 1.5037 1.21054 1.18415 1.07797 0.863218 0.811641 0.753425 0.750321 1.1902 0.724653 0.714416 0.631871 0.493436 0.455998 0.388426 0.356416 0.316266 0.302916 0.282794 0.266487 0.258374 0.34066 0.223429 0.184099
threshold=756.50000000000011 2912.0000000000005 267.50000000000006 99.365001678466811 611.50000000000011 0.028937410851842257 0.90216597207278304 42.955181729902641 2262.0000000000005 0.038483384750052953 0.043653769109688108 885.50000000000011 611.50000000000011 2217.0000000000005 251.11600000000001 95.895000457763686 38.807827364554846 1.4500000000000002 0.036103837524629506 237.44500000000002 3731.5000000000005 95.08499908447267 0.0079673304120368021 2742.0000000000005 727.50000000000011 611.50000000000011 5.9500000000000011 253.04550000000003 55.462074397915188 98.264999389648452
decision_type=2 2 2 2 2 2 2 2 2 2 2 2 2 2 2 2 2 2 2 2 2 2 2 2 2 2 2 2 2 2
left_child=1 3 21 4 9 11 -5 25 -7 17 12 23 -9 26 19 -16 -10 -1 -8 -15 -18 -3 -12 -2 -20 -4 -13 -28 -11 -25
right_child=5 2 7 6 -6 8 18 10 16 28 22 13 -14 14 15 -17 20 -19 24 -21 -22 -23 -24 29 -26 -27 27 -29 -30 -31
leaf_value=0.0024817181999625812 -0.00097186818735345325 0.0037360728000258576 0.0032928536191184619 0.0083476039682115824 0.011687449515837689 0.00019651773861492985 0.002571127220774321 0 -0.0013009395537814789 0.0014208840062268648 -0.0062742638513445855 -0.0021887285119929112 -0.0041715921113381575 -0.0044333597271918107 0.0052726212325276897 0.00093030688083120452 -0.0053775340699620776 0.0058103983905610597 -0.0025021588380678785 -0.0001963130078517609 -0.0011021434470266103 0.008683817058801651 -0.0019535648018121719 -0.0036694454781364839 0.0013574565256183799 -0.00026147506909015086 0.00078356473141627558 -0.0024023177492174695 -0.0027163633113460877 -0.00042556125979701233
leaf_weight=87 101 57 61 20 45 74 36 187 69 25 43 160 48 25 60 86 185 151 67 207 24 20 29 116 21 25 82 46 20 21
leaf_count=87 101 57 61 20 45 74 36 187 69 25 43 160 48 25 60 86 185 151 67 207 24 20 29 116 21 25 82 46 20 21
internal_value=1.48303e-06 0.0019268 0.000111955 0.00372356 0.00493949 -0.0014405 0.000918266 -0.000878989 -0.00313627 0.00381856 -0.0017652 -0.000774155 -0.000860193 -0.000230573 0.000642391 0.00275896 -0.00403169 0.00462164 -0.000313208 -0.000682835 -0.00490845 0.00515452 -0.00462568 -0.00227539 -0.0015425 0.00223401 -0.00138498 -0.000347853 -0.000371753 -0.00320063
internal_weight=2198 942 470 472 328 1256 144 393 352 283 307 904 235 666 378 146 278 238 124 232 209 77 72 238 88 86 288 128 45 137
internal_count=2198 942 470 472 328 1256 144 393 352 283 307 904 235 666 378 146 278 238 124 232 209 77 72 238 88 86 288 128 45 137
is_linear=0
shrinkage=0.03


end of trees

feature_importances:
Rig_Count=55
Close_to_MA_50=52
EIA_Storage_Level=44
CPI_Inflation=42
USD_Index=37
Rolling_Std_20=34
US_10Y_Yield=32
Cooling_Degree_Days=18
Heating_Degree_Days=14
VIX=13
MACD_Pct=12
Close_to_EMA_20=6
Rolling_Std_10=6
RSI_14=6
Close_to_MA_20=5
Close_to_MA_5=3
Daily_Range_Pct=2
Close_to_MA_10=1
Close_to_EMA_10=1

parameters:
[boosting: gbdt]
[objective: regression]
[metric: l2]
[tree_learner: serial]
[device_type: cpu]
[data_sample_strategy: bagging]
[data: ]
[valid: ]
[num_iterations: 200]
[learning_rate: 0.03]
[num_leaves: 31]
[num_threads: 20]
[seed: 42]
[deterministic: 0]
[force_col_wise: 0]
[force_row_wise: 0]
[histogram_pool_size: -1]
[max_depth: 6]
[min_data_in_leaf: 20]
[min_sum_hessian_in_leaf: 0.001]
[bagging_fraction: 0.8]
[pos_bagging_fraction: 1]
[neg_bagging_fraction: 1]
[bagging_freq: 0]
[bagging_seed: 400]
[bagging_by_query: 0]
[feature_fraction: 0.8]
[feature_fraction_bynode: 1]
[feature_fraction_seed: 30056]
[extra_trees: 0]
[extra_seed: 12879]
[early_stopping_round: 0]
[early_stopping_min_delta: 0]
[first_metric_only: 0]
[max_delta_step: 0]
[lambda_l1: 0.1]
[lambda_l2: 1]
[linear_lambda: 0]
[min_gain_to_split: 0]
[drop_rate: 0.1]
[max_drop: 50]
[skip_drop: 0.5]
[xgboost_dart_mode: 0]
[uniform_drop: 0]
[drop_seed: 17869]
[top_rate: 0.2]
[other_rate: 0.1]
[min_data_per_group: 100]
[max_cat_threshold: 32]
[cat_l2: 10]
[cat_smooth: 10]
[max_cat_to_onehot: 4]
[top_k: 20]
[monotone_constraints: ]
[monotone_constraints_method: basic]
[monotone_penalty: 0]
[feature_contri: ]
[forcedsplits_filename: ]
[refit_decay_rate: 0.9]
[cegb_tradeoff: 1]
[cegb_penalty_split: 0]
[cegb_penalty_feature_lazy: ]
[cegb_penalty_feature_coupled: ]
[path_smooth: 0]
[interaction_constraints: ]
[verbosity: -1]
[saved_feature_importance_type: 0]
[use_quantized_grad: 0]
[num_grad_quant_bins: 4]
[quant_train_renew_leaf: 0]
[stochastic_rounding: 1]
[linear_tree: 0]
[max_bin: 255]
[max_bin_by_feature: ]
[min_data_in_bin: 3]
[bin_construct_sample_cnt: 200000]
[data_random_seed: 175]
[is_enable_sparse: 1]
[enable_bundle: 1]
[use_missing: 1]
[zero_as_missing: 0]
[feature_pre_filter: 1]
[pre_partition: 0]
[two_round: 0]
[header: 0]
[label_column: ]
[weight_column: ]
[group_column: ]
[ignore_column: ]
[categorical_feature: ]
[forcedbins_filename: ]
[precise_float_parser: 0]
[parser_config_file: ]
[objective_seed: 16083]
[num_class: 1]
[is_unbalance: 0]
[scale_pos_weight: 1]
[sigmoid: 1]
[boost_from_average: 1]
[reg_sqrt: 0]
[alpha: 0.9]
[fair_c: 1]
[poisson_max_delta_step: 0.7]
[tweedie_variance_power: 1.5]
[lambdarank_truncation_level: 30]
[lambdarank_norm: 1]
[label_gain: ]
[lambdarank_position_bias_regularization: 0]
[eval_at: ]
[multi_error_top_k: 1]
[auc_mu_weights: ]
[num_machines: 1]
[local_listen_port: 12400]
[time_out: 120]
[machine_list_filename: ]
[machines: ]
[gpu_platform_id: -1]
[gpu_device_id: -1]
[gpu_device_id_list: ]
[gpu_use_dp: 0]
[num_gpu: 1]

end of parameters

pandas_categorical:[]
