tree
version=v4
num_class=1
num_tree_per_iteration=1
label_index=0
max_feature_idx=25
objective=regression
feature_names=Return Log_Return Ret_Lag_1 Ret_Lag_2 Ret_Lag_3 Ret_Lag_5 Ret_Lag_10 Daily_Range_Pct Close_to_MA_5 Close_to_MA_10 Close_to_MA_20 Close_to_MA_50 Close_to_EMA_10 Close_to_EMA_20 Rolling_Std_10 Rolling_Std_20 RSI_14 MACD_Pct Volume_to_MA_10 USD_Index VIX US_10Y_Yield CPI_Inflation Fed_Funds_Rate Real_Yield_10Y Gold_Silver_Ratio
feature_infos=[-0.1164914206586988:0.092862495689852706] [-0.12385427663987771:0.088800396787994604] [-0.1164914206586988:0.092862495689852706] [-0.1164914206586988:0.092862495689852706] [-0.1164914206586988:0.092862495689852706] [-0.1164914206586988:0.092862495689852706] [-0.1164914206586988:0.092862495689852706] [0:0.23762917108365739] [0.83125065699797374:1.1180168178183378] [0.76907950674990599:1.1507208680796319] [0.7126546826058221:1.251363766453035] [0.67972949752942891:1.441327379231726] [0.80557406499134387:1.1328420361132037] [0.74471501092138792:1.2179636354713963] [0.0031038011787134002:0.068021976636499698] [0.0052390161856204001:0.051417727976331103] [13.650620263885443:86.83115619591274] [-0.050545190129198198:0.022319726889085699] [0:9.9996164222411164] [79.77999878:114.11000060000001] [9.1400003430000005:82.690002440000001] [0.52000000000000002:4.25] [234.74700000000001:298.786] [0.050000000000000003:3.7799999999999998] [-1.1899999999999999:1.74] [62.225318270000002:125.88837599999999]
tree_sizes=2403 1978 2250 2256

Tree=0
num_leaves=26
num_cat=0
split_feature=25 23 15 25 22 21 19 20 19 23 23 25 19 17 20 15 10 25 20 14 19 21 15 19 21
split_gain=2.73416 0.864664 1.17537 0.733378 0.537742 0.508877 0.843918 0.340275 0.300636 0.27349 0.2234 0.209794 0.193666 0.17174 0.154264 0.132583 0.121693 0.092175 0.0916191 0.0776611 0.0317226 0.0280029 0.0252291 0.0245379 0.00634516
threshold=91.789071735000007 0.59500000000000008 0.018581126413793253 74.672221040000025 244.71300000000002 3.7100000000000004 98.454998015000015 19.484999655000006 101.10499950000001 1.6300000000000001 0.075000000000000025 72.57634550500002 96.255001070000006 -0.0023884369377857495 18.234999655000006 0.016238771574553553 1.0652827006716667 76.740154030000014 11.885000225000001 0.013350489148366102 98.264999390000014 2.1350000000000002 0.017259845827500352 101.81999970000003 2.2050000000000005
decision_type=2 2 2 2 2 2 2 2 2 2 2 2 2 2 2 2 2 2 2 2 2 2 2 2 2
left_child=3 2 -2 8 12 6 7 -6 10 -8 15 18 13 21 -13 -1 -4 24 -12 -3 -19 -5 -15 -10 -14
right_child=1 19 16 4 5 -7 9 -9 23 -11 11 14 17 22 -16 -17 -18 20 -20 -21 -22 -23 -24 -25 -26
leaf_value=0.0067545822499309382 0.016762787327025571 0.0073497345824781925 0.0095261667821986296 0.0095848585943401517 0.0045657710549978688 0.0084752801492574397 0.0015049151829666179 0.0059075792358173592 0.0052914510918338235 0.0041605752716756192 0.0041972374601820283 0.0038705968929764155 0.0051857040156396061 0.005508952890232675 0.0056714206544634521 0.0041325778596732953 0.0062511038357181865 0.0055435377793418388 0.0029558344772588055 0.0051196250918172344 0.0071788027046806938 0.0072540177141505284 0.0068955403892836716 0.0068535152938712547 0.0046104521927039059
leaf_weight=31 22 27 36 24 578 30 92 239 27 62 73 198 23 40 52 35 20 32 375 36 26 20 27 22 55
leaf_count=31 22 27 36 24 578 30 92 239 27 62 73 198 23 40 52 35 20 32 375 36 26 20 27 22 55
internal_value=0.004827 0.00885349 0.0109574 0.00454971 0.00500447 0.0046975 0.00457407 0.00495547 0.00384858 0.00254352 0.00370014 0.00354126 0.00625611 0.00719122 0.00425899 0.00532974 0.00845464 0.00545931 0.00314958 0.00614675 0.00635487 0.00866953 0.00613405 0.00607929 0.00482045
internal_weight=2202 141 78 2061 1248 1001 971 817 813 154 764 698 247 111 250 66 56 136 448 63 58 44 67 49 78
internal_count=2202 141 78 2061 1248 1001 971 817 813 154 764 698 247 111 250 66 56 136 448 63 58 44 67 49 78
is_linear=0
shrinkage=1


Tree=1
num_leaves=21
num_cat=0
split_feature=25 24 25 21 22 23 24 25 19 23 22 16 13 19 15 22 11 22 20 19
split_gain=2.58055 1.69279 0.69087 0.414808 0.589329 0.413168 0.53406 0.37127 0.318529 0.258645 0.235379 0.146625 0.143631 0.128612 0.125076 0.119603 0.122097 0.0856313 0.0741217 0.0229221
threshold=91.789071735000007 -0.58499999999999985 73.615399610000011 3.7100000000000004 286.08700000000005 0.9750000000000002 1.0000000180025095e-35 76.681619630000014 101.10499950000001 0.075000000000000025 257.97750000000008 58.319672094121039 0.96238626236743818 106.5300026 0.016238771574553553 237.38300000000004 1.0361900247219811 238.02500000000001 26.095000265000007 101.81999970000003
decision_type=2 2 2 2 2 2 2 2 2 2 2 2 2 2 2 2 2 2 2 2
left_child=2 -2 8 4 5 7 -7 -4 9 14 11 -3 -12 18 -1 16 -11 -17 -6 -10
right_child=1 10 3 -5 13 6 -8 -9 19 15 12 -13 -14 -15 -16 17 -18 -19 -20 -21
leaf_value=0.0018715642208699135 0.011615132559429515 0.0045197592745630111 0.00014734040146806185 0.0035423646857661584 -0.0033016587069296111 -0.0039746066886423665 -5.7941149317243885e-05 0.0017401769339899964 0.00045101749895340101 6.0630413734907039e-05 0.0021747897313575126 0.0013610329721134621 -0.0010147816140881993 0 -0.00067416580974046761 -0.0024367817779512783 -0.0021816600074927354 -0.0014081647535435741 -0.0014579600446620287 0.0019683655287827482
leaf_weight=31 21 48 304 30 48 32 661 238 27 79 27 24 21 28 35 113 28 333 52 22
leaf_count=31 21 48 304 30 48 32 661 238 27 79 27 24 21 28 35 113 28 333 52 22
internal_value=0 0.00391265 -0.000268491 0.000110035 2.97478e-05 0.00023327 -0.000248587 0.000854219 -0.00106131 -0.00124825 0.00245507 0.00354101 0.000725896 -0.00189726 0.000486867 -0.00146126 -0.000513127 -0.00168036 -0.00239657 0.00121802
internal_weight=2202 141 2061 1393 1363 1235 693 542 668 619 120 72 48 128 66 553 107 446 100 49
internal_count=2202 141 2061 1393 1363 1235 693 542 668 619 120 72 48 128 66 553 107 446 100 49
is_linear=0
shrinkage=0.03


Tree=2
num_leaves=24
num_cat=0
split_feature=25 24 25 22 21 19 20 19 22 24 24 16 13 22 22 11 22 15 11 25 15 19 22
split_gain=2.43443 1.59683 0.655442 0.492403 0.452992 0.754924 0.312851 0.268895 0.221822 0.217855 0.191502 0.137366 0.135601 0.12577 0.231394 0.164339 0.152539 0.120319 0.076188 0.0719459 0.064598 0.0214039 0.00973158
threshold=91.789071735000007 -0.58499999999999985 74.672221040000025 244.71300000000002 3.7100000000000004 98.454998015000015 18.054999355000003 101.10499950000001 257.97750000000008 1.0000000180025095e-35 0.34500000000000003 58.319672094121039 0.96238626236743818 237.38300000000004 238.02500000000001 1.0330651450367132 240.38350000000003 0.018464008556703302 1.0076316575309636 76.382563760000011 0.014318082312578603 101.81999970000003 237.44500000000002
decision_type=2 2 2 2 2 2 2 2 2 2 2 2 2 2 2 2 2 2 2 2 2 2 2
left_child=2 -2 7 10 5 6 -5 13 11 -7 18 -3 -10 15 22 20 -16 19 -4 -12 -1 -9 -15
right_child=1 8 3 4 -6 9 -8 21 12 -11 17 -13 -14 14 16 -17 -18 -19 -20 -21 -22 -23 -24
leaf_value=0.001743103264149145 0.011282517630945553 0.0043869336726410045 0.0042927998694089744 -0.00032332653970265233 0.0034395218558849827 -0.003783040950811343 0.00089127290487812331 0.00043797024194749869 0.0021118761255804982 -0.0013011463275873281 0 0.0013218352438719011 -0.00098572200790724958 -0.0013342354092746973 0.0002575201365553294 -0.0021806274560512975 -0.0011672686354782409 0.0024521122569074998 0.001487721483763459 0.0012520144122536293 -6.4100997485589257e-05 0.001911881923513568 -0.0025284659915456647
leaf_weight=20 21 48 25 517 30 51 300 27 27 103 91 24 21 23 77 31 400 38 22 71 100 22 113
leaf_count=20 21 48 25 517 30 51 300 27 27 103 91 24 21 23 77 31 400 38 22 71 100 22 113
internal_value=0 0.00380048 -0.000260558 0.000169253 -0.000124373 -0.000240995 0.000119548 -0.000923425 0.0023839 -0.00216153 0.00136701 0.00343843 0.000702993 -0.00106393 -0.00125612 -0.000260849 -0.000930938 0.000931286 0.00310063 0.000543289 0.000224223 0.00118473 -0.00235961
internal_weight=2202 141 2061 1248 1001 971 817 813 120 154 247 72 48 764 613 151 477 200 47 162 120 49 136
internal_count=2202 141 2061 1248 1001 971 817 813 120 154 247 72 48 764 613 151 477 200 47 162 120 49 136
is_linear=0
shrinkage=0.03


Tree=3
num_leaves=24
num_cat=0
split_feature=25 24 25 22 24 22 23 22 24 23 25 11 22 16 13 15 15 15 16 23 11 23 15
split_gain=2.29627 1.50628 0.617237 0.464665 0.427634 0.409319 0.252006 0.209047 0.18076 0.165059 0.157765 0.179216 0.136728 0.128668 0.128024 0.118175 0.114108 0.113463 0.100778 0.0824975 0.0712587 0.0634601 0.0603685
threshold=91.789071735000007 -0.58499999999999985 74.672221040000025 244.71300000000002 1.385 286.08700000000005 1.0950000000000002 257.97750000000008 0.34500000000000003 0.075000000000000025 70.260808350000005 1.0478609200852429 237.38300000000004 58.319672094121039 0.96238626236743818 0.016238771574553553 0.019415694219957154 0.017789566868983454 33.989928479430617 0.33500000000000008 1.0076316575309636 0.47500000000000003 0.015082357288994352
decision_type=2 2 2 2 2 2 2 2 2 2 2 2 2 2 2 2 2 2 2 2 2 2 2
left_child=2 -2 9 8 5 6 -5 13 20 15 12 16 -11 -3 -9 -1 -12 19 -7 -10 -4 -14 -13
right_child=1 7 3 4 -6 18 -8 14 17 10 11 22 21 -15 -16 -17 -18 -19 -20 -21 -22 -23 -24
leaf_value=0.0018510956133250146 0.010959427592429247 0.0042580115127624297 0.0041689690792789825 0.00094682555917379634 0.003285527714411728 0 -0.00028058826985158825 0.0020507825669441701 -0.00021532235711007767 0.00034602217645280894 -0.00068419515394537789 -0.00014134700634432109 -0.0021105747271683954 0.00128376636441797 -0.00095749449484388931 -0.00062045731958157077 0.0004818664747564231 0.0023138115778565402 -0.0022319815383457751 0.0011241512579027186 0.0014450303267930511 -0.00081571819839406409 -0.0021010271209511867
leaf_weight=31 21 48 25 195 31 25 648 27 71 26 269 21 188 24 21 35 101 41 102 88 22 54 88
leaf_count=31 21 48 25 195 31 25 648 27 71 26 269 21 188 24 21 35 101 41 102 88 22 54 88
internal_value=1.97586e-07 0.00369156 -0.000252554 0.000164483 -0.000120674 -0.000235894 5.64008e-07 0.00231482 0.00132805 -0.00089583 -0.0010242 -0.000684757 -0.00161495 0.00333886 0.000680756 0.000505949 -0.000357365 0.000904111 -0.00181663 0.000509664 0.0030131 -0.00183853 -0.00175546
internal_weight=2202 141 2061 1248 1001 970 843 120 247 813 747 479 268 72 48 66 370 200 127 159 47 242 109
internal_count=2202 141 2061 1248 1001 970 843 120 247 813 747 479 268 72 48 66 370 200 127 159 47 242 109
is_linear=0
shrinkage=0.03


end of trees

feature_importances:
CPI_Inflation=15
Gold_Silver_Ratio=13
USD_Index=11
Rolling_Std_20=10
Fed_Funds_Rate=9
Real_Yield_10Y=8
Close_to_MA_50=5
VIX=5
US_10Y_Yield=5
RSI_14=4
Close_to_EMA_20=3
Close_to_MA_20=1
Rolling_Std_10=1
MACD_Pct=1

parameters:
[boosting: gbdt]
[objective: regression]
[metric: l2]
[tree_learner: serial]
[device_type: cpu]
[data_sample_strategy: bagging]
[data: ]
[valid: ]
[num_iterations: 200]
[learning_rate: 0.03]
[num_leaves: 31]
[num_threads: 20]
[seed: 42]
[deterministic: 0]
[force_col_wise: 0]
[force_row_wise: 0]
[histogram_pool_size: -1]
[max_depth: 6]
[min_data_in_leaf: 20]
[min_sum_hessian_in_leaf: 0.001]
[bagging_fraction: 0.8]
[pos_bagging_fraction: 1]
[neg_bagging_fraction: 1]
[bagging_freq: 0]
[bagging_seed: 400]
[bagging_by_query: 0]
[feature_fraction: 0.8]
[feature_fraction_bynode: 1]
[feature_fraction_seed: 30056]
[extra_trees: 0]
[extra_seed: 12879]
[early_stopping_round: 0]
[early_stopping_min_delta: 0]
[first_metric_only: 0]
[max_delta_step: 0]
[lambda_l1: 0.1]
[lambda_l2: 1]
[linear_lambda: 0]
[min_gain_to_split: 0]
[drop_rate: 0.1]
[max_drop: 50]
[skip_drop: 0.5]
[xgboost_dart_mode: 0]
[uniform_drop: 0]
[drop_seed: 17869]
[top_rate: 0.2]
[other_rate: 0.1]
[min_data_per_group: 100]
[max_cat_threshold: 32]
[cat_l2: 10]
[cat_smooth: 10]
[max_cat_to_onehot: 4]
[top_k: 20]
[monotone_constraints: ]
[monotone_constraints_method: basic]
[monotone_penalty: 0]
[feature_contri: ]
[forcedsplits_filename: ]
[refit_decay_rate: 0.9]
[cegb_tradeoff: 1]
[cegb_penalty_split: 0]
[cegb_penalty_feature_lazy: ]
[cegb_penalty_feature_coupled: ]
[path_smooth: 0]
[interaction_constraints: ]
[verbosity: -1]
[saved_feature_importance_type: 0]
[use_quantized_grad: 0]
[num_grad_quant_bins: 4]
[quant_train_renew_leaf: 0]
[stochastic_rounding: 1]
[linear_tree: 0]
[max_bin: 255]
[max_bin_by_feature: ]
[min_data_in_bin: 3]
[bin_construct_sample_cnt: 200000]
[data_random_seed: 175]
[is_enable_sparse: 1]
[enable_bundle: 1]
[use_missing: 1]
[zero_as_missing: 0]
[feature_pre_filter: 1]
[pre_partition: 0]
[two_round: 0]
[header: 0]
[label_column: ]
[weight_column: ]
[group_column: ]
[ignore_column: ]
[categorical_feature: ]
[forcedbins_filename: ]
[precise_float_parser: 0]
[parser_config_file: ]
[objective_seed: 16083]
[num_class: 1]
[is_unbalance: 0]
[scale_pos_weight: 1]
[sigmoid: 1]
[boost_from_average: 1]
[reg_sqrt: 0]
[alpha: 0.9]
[fair_c: 1]
[poisson_max_delta_step: 0.7]
[tweedie_variance_power: 1.5]
[lambdarank_truncation_level: 30]
[lambdarank_norm: 1]
[label_gain: ]
[lambdarank_position_bias_regularization: 0]
[eval_at: ]
[multi_error_top_k: 1]
[auc_mu_weights: ]
[num_machines: 1]
[local_listen_port: 12400]
[time_out: 120]
[machine_list_filename: ]
[machines: ]
[gpu_platform_id: -1]
[gpu_device_id: -1]
[gpu_device_id_list: ]
[gpu_use_dp: 0]
[num_gpu: 1]

end of parameters

pandas_categorical:[]
