tree
version=v4
num_class=1
num_tree_per_iteration=1
label_index=0
max_feature_idx=25
objective=regression
feature_names=Return Log_Return Ret_Lag_1 Ret_Lag_2 Ret_Lag_3 Ret_Lag_5 Ret_Lag_10 Daily_Range_Pct Close_to_MA_5 Close_to_MA_10 Close_to_MA_20 Close_to_MA_50 Close_to_EMA_10 Close_to_EMA_20 Rolling_Std_10 Rolling_Std_20 RSI_14 MACD_Pct Volume_to_MA_10 USD_Index VIX US_10Y_Yield CPI_Inflation Fed_Funds_Rate Real_Yield_10Y Gold_Silver_Ratio
feature_infos=[-0.1164914206586988:0.092862495689852706] [-0.12385427663987771:0.088800396787994604] [-0.1164914206586988:0.092862495689852706] [-0.1164914206586988:0.092862495689852706] [-0.1164914206586988:0.092862495689852706] [-0.1164914206586988:0.092862495689852706] [-0.1164914206586988:0.092862495689852706] [0:0.23762917108365739] [0.83125065699797374:1.1180168178183378] [0.76907950674990599:1.1507208680796319] [0.7126546826058221:1.251363766453035] [0.67972949752942891:1.441327379231726] [0.80557406499134387:1.1328420361132037] [0.74471501092138792:1.2179636354713963] [0.0031038011787134002:0.068021976636499698] [0.0052390161856204001:0.051417727976331103] [13.650620263885443:86.83115619591274] [-0.050545190129198198:0.022319726889085699] [0:9.9996164222411164] [79.77999878:114.11000060000001] [9.1400003430000005:82.690002440000001] [0.52000000000000002:3.9700000000000002] [234.74700000000001:298.00700000000001] [0.050000000000000003:3.0800000000000001] [-1.1899999999999999:1.6799999999999999] [62.225318270000002:125.88837599999999]
tree_sizes=2125 2404 2160 2560 2398 2409 1912 2085 2532 2359 2352 2723 2613 2682 1738 2347 2713 2144 2210

Tree=0
num_leaves=23
num_cat=0
split_feature=25 25 14 25 22 19 23 23 22 15 19 22 19 23 11 25 14 15 19 19 15 15
split_gain=13.1827 2.36647 1.26656 1.01508 0.960483 1.618 1.06195 1.43108 0.767041 0.651458 0.617927 0.434609 0.409199 0.361092 0.326211 0.166348 0.140747 0.139597 0.067306 0.0651374 0.0374717 0.0258399
threshold=94.078601930000019 72.57634550500002 0.026584397453979954 89.850449785000009 283.52150000000006 106.49000170000001 0.84500000000000008 0.22000000000000003 258.49100000000004 0.017367189221477754 99.985000610000014 243.75500000000002 97.975002290000006 0.075000000000000025 1.0179582613921931 70.879076730000008 0.032491702619343955 0.028798486253082307 97.384998320000008 91.854999540000009 0.0099082614109166512 0.015164303836334552
decision_type=2 2 2 2 2 2 2 2 2 2 2 2 2 2 2 2 2 2 2 2 2 2
left_child=1 10 9 4 6 18 7 -3 -8 -2 13 -12 -5 14 21 17 -4 -15 -6 -17 -13 -1
right_child=2 3 16 12 5 -7 8 -9 -10 -11 11 20 -14 15 -16 19 -18 -19 -20 -21 -22 -23
leaf_value=0.0091560675572531086 0.01723564551016071 0.0093660754231742575 0.012819470443848685 0.014798927756204342 0.0072864836411344744 0.01363375635512775 0.0088317443556709119 0.012724450811160918 0.005275927529712697 0.024926741307607348 0.011064009483887752 0.006172310452988803 0.010133136171998704 0.0054261162812737776 0.0057870824032523324 0.0082943674003753323 0.017076389096699521 0.0079862641012563226 0.0049034459239157896 0.0066629209838376937 0.0082718696568487536 0.01078568599820739
leaf_weight=20 21 443 20 38 20 24 647 154 59 39 50 24 34 227 23 37 22 26 98 110 20 23
leaf_count=20 21 443 20 38 20 24 647 154 59 39 50 24 34 227 23 37 22 26 98 110 20 23
internal_value=0.00913377 0.0086145 0.0196099 0.0092282 0.00905591 0.00672052 0.00930978 0.010242 0.00852531 0.022461 0.00694947 0.00913699 0.0126806 0.00650273 0.00862323 0.00616248 0.0152519 0.00567185 0.00526322 0.00704484 0.00701963 0.0101136
internal_weight=2179 2077 102 1517 1445 142 1303 597 706 60 560 94 72 466 66 400 42 253 118 147 44 43
internal_count=2179 2077 102 1517 1445 142 1303 597 706 60 560 94 72 466 66 400 42 253 118 147 44 43
is_linear=0
shrinkage=1


Tree=1
num_leaves=26
num_cat=0
split_feature=25 25 11 23 22 23 25 25 19 22 21 22 23 25 11 25 21 15 25 17 19 19 15 15 17
split_gain=12.4343 2.22914 1.04361 0.983394 1.50616 1.64143 0.872914 0.868778 0.581173 0.465911 0.421321 0.410099 0.340213 0.333835 0.309028 0.155829 0.143462 0.130562 0.113595 0.109091 0.0906551 0.0609754 0.0389087 0.0349388 0.0317852
threshold=94.078601930000019 72.57634550500002 1.0314857627266052 2.1600000000000006 283.52150000000006 1.0950000000000002 75.532243940000015 87.10079398500001 99.985000610000014 258.49100000000004 2.8650000000000007 243.75500000000002 0.075000000000000025 87.639666565000013 1.0268650438010221 70.879076730000008 0.72500000000000009 0.028798486253082307 85.582081725000009 0.0045743791081184508 97.384998320000008 92.264999390000014 0.011669598503718301 0.0099082614109166512 1.0000000180025095e-35
decision_type=2 2 2 2 2 2 2 2 2 2 2 2 2 2 2 2 2 2 2 2 2 2 2 2 2
left_child=1 8 16 4 5 6 -3 10 12 -7 18 -10 14 20 24 17 -2 -14 -5 -9 -6 -17 -12 -13 -1
right_child=2 3 -4 7 13 9 -8 19 11 -11 22 23 15 -15 -16 21 -18 -19 -20 -21 -22 -23 -24 -25 -26
leaf_value=0.0015533851949641336 0.0091567164766788479 -7.2385327862554494e-07 0.013633158875272628 -0.0012717844275745543 -0.0017945022875709192 -0.00085483137516377571 0.0021840688117074087 0.0049094904817067664 0.0018734722026240299 -0.0036162524309546612 0.0015281307012637089 -0.002876164986491203 -0.003596907304550864 0 -0.0034397166073322294 -0.00089211463743621205 0.0052220800278539011 -0.0011143512336744203 0.00064848779149483463 0.0019252523827765666 -0.0044731009063021894 -0.0024262291566777765 0.0033827071332883448 -0.0008372701976913959 0
leaf_weight=25 24 330 46 71 20 412 322 64 50 64 33 24 227 23 21 41 32 26 42 20 86 106 30 20 20
leaf_count=25 24 330 46 71 20 412 322 64 50 64 33 24 227 23 21 41 32 26 42 20 86 106 30 20 20
internal_value=0 -0.000503878 0.0101748 9.16921e-05 -0.000253971 9.57598e-05 0.00107537 0.0017689 -0.00211987 -0.00123921 0.000543146 6.34563e-07 -0.00255312 -0.00331237 -0.000493283 -0.00288344 0.00709204 -0.00335899 -0.000532311 0.00426526 -0.00401724 -0.00202754 0.00249719 -0.00205526 0.000861387
internal_weight=2179 2077 102 1517 1257 1128 652 260 560 476 176 94 466 129 66 400 56 253 113 84 106 147 63 44 45
internal_count=2179 2077 102 1517 1257 1128 652 260 560 476 176 94 466 129 66 400 56 253 113 84 106 147 63 44 45
is_linear=0
shrinkage=0.03


Tree=2
num_leaves=23
num_cat=0
split_feature=25 25 14 25 22 19 15 19 22 21 20 22 13 22 22 25 22 14 16 25 21 15
split_gain=11.7225 2.10001 1.13763 0.91554 0.849978 1.45268 0.607218 0.546713 0.536308 0.839058 0.800878 0.386983 0.373438 0.221864 0.516303 0.142298 0.158325 0.132005 0.098651 0.0621786 0.0570845 0.0325613
threshold=94.078601930000019 72.57634550500002 0.026584397453979954 89.850449785000009 283.52150000000006 106.49000170000001 0.017367189221477754 99.985000610000014 244.71300000000002 1.8950000000000002 16.595000265000007 243.75500000000002 0.98609151678665607 261.47800000000007 267.49850000000004 67.420739085000008 237.44500000000002 0.032491702619343955 50.253834787987692 85.655303370000013 1.7350000000000001 0.0099082614109166512
decision_type=2 2 2 2 2 2 2 2 2 2 2 2 2 2 2 2 2 2 2 2 2 2
left_child=1 7 6 4 8 19 -2 13 9 -3 -10 -9 -5 15 18 16 -1 -4 -15 -6 -17 -13
right_child=2 3 17 12 5 -7 -8 11 10 -11 -12 21 -14 14 -16 20 -18 -19 -20 -21 -22 -23
leaf_value=-0.0013061250667087735 0.007559755239974369 0.0034493420683976376 0.0034030923621196831 0.00065851772261873607 -0.0040329100365051997 0.0042759679953753944 0.014955762098729609 0.0018183700765537862 -0.0010711125245655634 0.00030361853278552297 0.00077394375989998454 -0.0027933314967155455 0.0051728100694694319 0.0013790552883189827 -0.0033700206943388499 -0.0031754647016596907 -0.0045318077097097073 0.0075032683610916128 -0.00070713287662714714 -0.0018575506733468498 -0.0019720409873407335 -0.0008133481582294085
leaf_weight=21 21 98 20 30 95 24 39 50 488 346 371 24 42 33 69 77 82 22 49 23 135 20
leaf_count=21 21 98 20 30 95 24 39 50 488 346 371 24 42 33 69 77 82 22 49 23 135 20
internal_value=0 -0.00048909 0.00987947 8.89177e-05 -7.45974e-05 -0.00227162 0.0125827 -0.00205759 0.00016409 0.00101088 -0.000270776 0 0.00336774 -0.00247779 -0.00147612 -0.00294227 -0.00392187 0.00574512 0.000102786 -0.00365328 -0.00243607 -0.00199808
internal_weight=2179 2077 102 1517 1445 142 60 560 1303 444 859 94 72 466 151 315 103 42 82 118 212 44
internal_count=2179 2077 102 1517 1445 142 60 560 1303 444 859 94 72 466 151 315 103 42 82 118 212 44
is_linear=0
shrinkage=0.03


Tree=3
num_leaves=28
num_cat=0
split_feature=25 25 14 23 22 23 23 25 15 22 24 21 23 25 11 15 21 14 25 17 22 25 14 21 21 15 17
split_gain=11.0573 1.9796 1.06922 0.900979 1.33474 1.48239 0.82666 0.784397 0.568727 0.43867 0.429847 0.385068 0.345631 0.295402 0.275429 0.188783 0.179282 0.123425 0.108569 0.101063 0.084448 0.0704247 0.0488416 0.046118 0.0374151 0.0339234 0.0284048
threshold=94.078601930000019 72.57634550500002 0.026584397453979954 2.1600000000000006 283.52150000000006 1.0950000000000002 0.22000000000000003 87.10079398500001 0.017367189221477754 258.49100000000004 0.38500000000000006 2.8650000000000007 0.075000000000000025 87.811422900000011 1.0268650438010221 0.019689103206430251 2.3650000000000007 0.032491702619343955 85.582081725000009 0.0045743791081184508 286.08700000000005 70.793495675000017 0.0076952049916339006 2.3850000000000002 2.4450000000000007 0.011669598503718301 1.0000000180025095e-35
decision_type=2 2 2 2 2 2 2 2 2 2 2 2 2 2 2 2 2 2 2 2 2 2 2 2 2 2 2
left_child=1 10 8 4 5 6 -3 11 -2 -7 12 18 14 20 26 22 21 -4 -5 -9 -6 -14 -12 -17 -24 -13 -1
right_child=2 3 17 7 13 9 -8 19 -10 -11 15 25 16 -15 -16 23 -18 -19 -20 -21 -22 -23 24 -25 -26 -27 -28
leaf_value=0.0014687955246235314 0.0073432713462547828 0.00029078237269798549 0.0033058611245027612 -0.001224768147357584 -0.0016280047643397533 -0.00081054796880925505 0.0026071129636583831 0.0046845319851086696 0.014518306191265581 -0.0034902111410342446 -0.0025187780606746668 0.0014724956406417355 -0.0029992680743338817 0 -0.0032447104616598649 0 -0.0045167692270258377 0.0072879571033560714 0.0006527684087334417 0.0018085532709956166 -0.0042028190238739957 -0.0018953278692874324 -0.0015047694545408539 0.0019591495721884393 -0.00017967089862023665 0.0032317107041035928 0
leaf_weight=25 21 450 20 71 20 412 202 64 39 64 24 33 162 22 21 20 57 22 42 20 87 121 43 22 45 30 20
leaf_count=25 21 450 20 71 20 412 202 64 39 64 24 33 162 22 21 20 57 22 42 20 87 121 43 22 45 30 20
internal_value=0 -0.000474616 0.00959544 8.65204e-05 -0.000244253 8.48244e-05 0.00101591 0.00169198 0.0122178 -0.00118369 -0.00199749 0.000526179 -0.00251104 -0.00312336 -0.000461349 -0.000616754 -0.00289761 0.00558247 -0.000501002 0.0040644 -0.00376885 -0.00254616 -0.00126942 0.00104296 -0.000870502 0.0023945 0.000814636
internal_weight=2179 2077 102 1517 1257 1128 652 260 60 476 560 176 406 129 66 154 340 42 113 84 107 283 112 42 88 63 45
internal_count=2179 2077 102 1517 1257 1128 652 260 60 476 560 176 406 129 66 154 340 42 113 84 107 283 112 42 88 63 45
is_linear=0
shrinkage=0.03


Tree=4
num_leaves=26
num_cat=0
split_feature=25 25 22 23 22 23 25 15 25 19 22 21 22 23 25 22 25 15 10 25 19 19 15 15 10
split_gain=10.43 1.86556 0.912632 0.849985 1.25727 1.39575 0.808149 0.772736 0.73863 0.492823 0.413016 0.363497 0.351184 0.285253 0.27887 0.259887 0.131765 0.115884 0.115005 0.106355 0.0805882 0.0550278 0.0370893 0.0281977 0.0273786
threshold=94.078601930000019 72.57634550500002 257.97750000000008 2.1600000000000006 283.52150000000006 1.0950000000000002 75.532243940000015 0.028798486253082307 87.10079398500001 99.985000610000014 258.49100000000004 2.8450000000000002 243.75500000000002 0.075000000000000025 87.639666565000013 267.49850000000004 70.879076730000008 0.028798486253082307 1.0257282501834901 85.582081725000009 97.384998320000008 92.264999390000014 0.011669598503718301 0.0099082614109166512 0.99133620014236901
decision_type=2 2 2 2 2 2 2 2 2 2 2 2 2 2 2 2 2 2 2 2 2 2 2 2 2
left_child=1 9 7 4 5 6 -3 -2 11 13 -7 19 -11 15 20 24 17 -15 -10 -5 -6 -18 -13 -14 -1
right_child=2 3 -4 8 14 10 -8 -9 18 12 -12 22 23 16 -16 -17 21 -19 -20 -21 -22 -23 -24 -25 -26
leaf_value=0.0014331161398440596 0.013941467203877187 -4.9424619952377127e-05 0.0052733927989163654 -0.0012502942046749273 -0.0015814903426383221 -0.00078629040266793072 0.0020526986255034936 0.0061289632713252854 0.0046189368464983997 0.0017463621434700839 -0.0033871156666857691 0.001387642768564055 -0.0026345853316783905 -0.0033029745259187428 0 -0.0031517936970022593 -0.00077206917658414944 -0.00096369011835971212 0.0016719456354833461 0.00062992604289736074 -0.0041044698018452216 -0.0022274761472515343 0.0031378868831501848 -0.00076814164758928077 0
leaf_weight=25 43 330 38 69 20 412 322 21 63 50 64 36 24 227 23 21 41 26 21 41 86 106 30 20 20
leaf_count=25 43 330 38 69 20 412 322 21 63 50 64 36 24 227 23 21 41 26 21 41 86 106 30 20 20
internal_value=0 -0.000460608 0.00931965 8.40708e-05 -0.000237145 8.21627e-05 0.0009857 0.0115579 0.00164348 -0.00193897 -0.00114864 0.000511602 1.12512e-05 -0.00233797 -0.00303147 -0.000447281 -0.00264056 -0.00307913 0.00394582 -0.000523096 -0.0036757 -0.00184978 0.00226294 -0.00188879 0.000790688
internal_weight=2179 2077 102 1517 1257 1128 652 64 260 560 476 176 94 466 129 66 400 253 84 110 106 147 66 44 45
internal_count=2179 2077 102 1517 1257 1128 652 64 260 560 476 176 94 466 129 66 400 253 84 110 106 147 66 44 45
is_linear=0
shrinkage=0.03


Tree=5
num_leaves=26
num_cat=0
split_feature=25 25 22 23 22 23 25 25 19 21 11 22 11 23 25 11 25 10 25 24 19 19 12 25 22
split_gain=9.83317 1.75759 0.858846 0.802071 1.1845 1.3152 0.756622 0.695536 0.463595 0.342819 0.336913 0.331414 0.293215 0.268307 0.263206 0.246265 0.123365 0.107397 0.0991272 0.0824446 0.07885 0.0514172 0.0298751 0.0215265 0.0199221
threshold=94.078601930000019 72.57634550500002 257.97750000000008 2.1600000000000006 283.52150000000006 1.3550000000000002 77.273100825000014 87.10079398500001 99.985000610000014 2.8550000000000004 1.0314857627266052 243.75500000000002 0.99054078130690526 0.075000000000000025 87.316389355000013 1.0179582613921931 70.879076730000008 1.0257282501834901 85.582081725000009 0.39500000000000007 97.384998320000008 92.264999390000014 1.0083661585249486 85.382797005000015 265.78750000000008
decision_type=2 2 2 2 2 2 2 2 2 2 2 2 2 2 2 2 2 2 2 2 2 2 2 2 2
left_child=1 8 10 4 5 6 -3 9 13 18 -2 -10 -7 15 20 24 19 -9 -5 -15 -6 -18 -13 -11 -1
right_child=2 3 -4 7 14 12 -8 17 11 23 -12 22 -14 16 -16 -17 21 -19 -20 -21 -22 -23 -24 -25 -26
leaf_value=0.0014440506948158144 0.0077201684415340432 0.00017412275764957028 0.0051192475990392275 -0.0011825115001878478 -0.0015363049049462588 -0.00044516226098277037 0.0022562238019938705 0.0044825339871458706 0.0016949985869886245 0.0016095596987071856 0.013281319526525642 -0.00070406649541109793 -0.0022338958585673232 -0.0032273747423612231 -5.0303249843776794e-05 -0.0029020341900177298 -0.00074945858303856626 0.0016240672012791037 0.000614653836390231 -0.001460857788223381 -0.0040350793824476356 -0.0021612763781661917 -0.0025940969708561899 0.0031896200495893541 0
leaf_weight=23 26 563 38 70 20 153 219 63 50 42 38 20 193 216 25 23 41 21 42 37 84 106 24 22 20
leaf_count=23 26 563 38 70 20 153 219 63 50 42 38 20 193 216 25 23 41 21 42 37 84 106 24 22 20
internal_value=0 -0.000447107 0.00904919 8.152e-05 -0.000230452 7.9401e-05 0.000763186 0.00159638 -0.00188206 0.000497424 0.0112218 8.49587e-06 -0.00145513 -0.00226904 -0.00294271 -0.000433687 -0.00256256 0.00383073 -0.00048255 -0.00298761 -0.00360233 -0.0017955 -0.0018364 0.00223957 0.000854359
internal_weight=2179 2077 102 1517 1257 1128 782 260 560 176 64 94 346 466 129 66 400 84 112 253 104 147 44 64 43
internal_count=2179 2077 102 1517 1257 1128 782 260 560 176 64 94 346 466 129 66 400 84 112 253 104 147 44 64 43
is_linear=0
shrinkage=0.03


Tree=6
num_leaves=20
num_cat=0
split_feature=23 21 19 23 19 15 11 21 11 23 23 21 21 23 19 19 18 23 20
split_gain=5.07105 1.80347 2.5994 1.48077 0.704207 0.612324 0.607429 0.587124 0.526789 0.47401 0.390778 0.389153 0.614938 0.142857 0.141929 0.11122 0.0446341 0.0431329 0.0247164
threshold=0.055000000000000007 0.92500000000000016 95.764999390000014 2.1600000000000006 85.025001525000008 0.028798486253082307 0.99287351801949619 2.6650000000000005 1.0579565940131384 0.085000000000000006 0.33500000000000008 2.4050000000000007 2.9750000000000005 0.095000000000000015 108.91999815000001 96.954998015000015 0.43010752687131465 2.3950000000000005 26.619999885000002
decision_type=2 2 2 2 2 2 2 2 2 2 2 2 2 2 2 2 2 2 2
left_child=5 2 8 4 13 -1 7 -6 18 -4 -8 17 15 -3 -14 -13 -10 -5 -2
right_child=1 3 9 11 6 -7 10 -9 16 -11 -12 12 14 -15 -16 -17 -18 -19 -20
leaf_value=0.013675516628700753 0.0026916693246457723 -0.0041699475219938902 0.011882686957069066 0.0047084853405302222 0.00036882833608484271 0.0057323744574731047 -0.0020398361916800878 -0.0015361053650378884 -0.0032485789591446515 0.0053554930039520924 -0.00067227799058381462 -0.0011524383048652617 0.0020108866668805212 -0.0010378635862117252 0.0049247845361630122 0.00058175744347054904 -0.00099133786668111979 0.0024293496376619887 0.0010766511534392421
leaf_weight=22 31 63 22 32 643 21 318 187 23 28 486 65 55 21 26 64 21 25 26
leaf_count=22 31 63 22 32 643 21 318 187 23 28 486 65 55 21 26 64 21 25 26
internal_value=2.22023e-07 -0.000205973 0.00294104 -0.00044824 -0.000772588 0.0100829 -0.000631419 -5.80774e-05 0.00012184 0.00846296 -0.00121877 0.00162267 0.000996835 -0.00344364 0.00303145 -0.000271128 -0.0022839 0.00381971 0.00203798
internal_weight=2179 2136 151 1985 1718 43 1634 830 101 50 804 267 210 84 81 129 44 57 57
internal_count=2179 2136 151 1985 1718 43 1634 830 101 50 804 267 210 84 81 129 44 57 57
is_linear=0
shrinkage=0.03


Tree=7
num_leaves=22
num_cat=0
split_feature=25 25 23 25 15 24 21 11 19 24 23 13 23 11 17 15 24 25 15 10 16
split_gain=8.77182 1.60232 0.753341 0.721805 0.657221 0.536078 1.11035 0.568794 0.422655 0.353632 0.309679 0.29607 0.249675 0.226937 0.114971 0.113297 0.039632 0.0353926 0.0256117 0.0234038 0.00719077
threshold=94.078601930000019 72.57634550500002 0.085000000000000006 89.850449785000009 0.028798486253082307 1.0000000000000002 2.5950000000000002 0.99878122822439652 99.985000610000014 0.12500000000000003 0.65500000000000014 0.98609151678665607 0.075000000000000025 1.0268650438010221 0.00069604502220075009 0.012771588957479402 0.39500000000000007 70.945910085000023 0.0099082614109166512 0.99133620014236901 51.87179642597814
decision_type=2 2 2 2 2 2 2 2 2 2 2 2 2 2 2 2 2 2 2 2 2
left_child=1 8 4 5 -2 6 7 -3 12 -8 -10 -5 13 19 16 20 -14 -16 -12 -1 -7
right_child=2 3 -4 11 -6 15 9 -9 10 -11 18 -13 14 -15 17 -17 -18 -19 -20 -21 -22
leaf_value=0.0013572633978552542 0.012787031916732135 0.00088945606081068196 0.0048538434893036116 0.00057049869994830994 0.0055682200857184155 0.0020909893240617667 -0.0053572679524836334 -0.00052065457468090123 0.0016434840527089203 -0.0014227636062274823 -0.0024805138546228405 0.0046029675166707404 -0.003127460034671833 -0.0029200204905461178 -0.0021959249765431091 0.0043813424848697406 -0.001682542080006429 -0.001165534133654243 -0.00069689405829246557 0 0.00089879337967269947
leaf_weight=25 43 598 38 30 21 22 22 448 50 308 24 42 188 21 107 21 34 71 20 20 26
leaf_count=25 43 598 38 30 21 22 22 448 50 308 24 42 188 21 107 21 34 71 20 20 26
internal_value=8.97798e-07 -0.000421306 0.00854787 8.33478e-05 0.0105866 -6.16121e-05 -0.000193784 0.000282722 -0.00179143 -0.00170952 1.23165e-05 0.0029947 -0.00216095 -0.000389667 -0.00244403 0.00249642 -0.00292816 -0.00181049 -0.00176995 0.000763756 0.00153796
internal_weight=2179 2077 102 1517 64 1445 1376 1046 560 330 94 72 466 66 400 69 222 178 44 45 48
internal_count=2179 2077 102 1517 64 1445 1376 1046 560 330 94 72 466 66 400 69 222 178 44 45 48
is_linear=0
shrinkage=0.03


Tree=8
num_leaves=27
num_cat=0
split_feature=25 25 14 23 22 23 23 25 19 22 22 21 25 23 11 14 14 25 20 10 25 19 19 12 14 20
split_gain=8.26978 1.51018 0.81111 0.683709 1.05336 1.19892 0.7816 0.602929 0.397597 0.387022 0.292265 0.289455 0.238725 0.234962 0.214334 0.171546 0.127929 0.108805 0.099382 0.0925443 0.0868955 0.0694675 0.0467695 0.0272114 0.0248526 0.0174375
threshold=94.078601930000019 72.57634550500002 0.026584397453979954 2.1600000000000006 283.52150000000006 1.0950000000000002 0.22000000000000003 87.10079398500001 99.985000610000014 258.49100000000004 243.75500000000002 2.8450000000000002 87.316389355000013 0.075000000000000025 1.0179582613921931 0.016451896631118155 0.033347269098356662 70.879076730000008 19.894999505000005 1.0257282501834901 85.582081725000009 97.384998320000008 91.854999540000009 1.0083661585249486 0.014690963950709053 18.845000265000007
decision_type=2 2 2 2 2 2 2 2 2 2 2 2 2 2 2 2 2 2 2 2 2 2 2 2 2 2
left_child=1 8 15 4 5 6 -3 11 13 -7 -10 20 21 14 25 -2 -4 18 -15 -9 -5 -6 -19 -12 -13 -1
right_child=2 3 16 7 12 9 -8 19 10 -11 23 24 -14 17 -16 -17 -18 22 -20 -21 -22 -23 -24 -25 -26 -27
leaf_value=6.1190021556935062e-06 0.007478832175955177 0.00021788865215027891 0.0026750511865724215 -0.0011245348261419816 -0.0014376341918749466 -0.00070449802104912795 0.0024696486247290528 0.0041674182058777662 0.0015951462569920455 -0.0032212613294993597 -0.00063591866027231194 0.0014443570538027648 -7.1986508958686362e-06 -0.0030064197751462169 -0.0026833047748077658 0.012194067289954737 0.006553448003801433 -0.00058424085260393394 -0.001017694842070341 0.0014961308477107773 0.00057220333665775665 -0.0038002678358379535 -0.0019726164143381488 -0.0024435689198970792 0.003066391203286392 0.0013743672934360799
leaf_weight=20 23 450 21 69 20 412 202 63 50 64 20 46 25 221 23 37 21 37 32 21 41 84 110 24 20 23
leaf_count=20 23 450 21 69 20 412 202 63 50 64 20 46 25 221 23 37 21 37 32 21 41 84 110 24 20 23
internal_value=1.11745e-06 -0.000408786 0.00829994 8.10871e-05 -0.000206783 8.52673e-05 0.000922828 0.00147978 -0.00173894 -0.00105522 9.56783e-06 0.000455334 -0.00276462 -0.00209734 -0.000377403 0.010588 0.00479133 -0.002372 -0.00277169 0.00356035 -0.00046563 -0.00339251 -0.00164974 -0.00172097 0.00201909 0.000820757
internal_weight=2179 2077 102 1517 1257 1128 652 260 560 476 94 176 129 466 66 60 42 400 253 84 110 104 147 44 66 43
internal_count=2179 2077 102 1517 1257 1128 652 260 560 476 94 176 129 466 66 60 42 400 253 84 110 104 147 44 66 43
is_linear=0
shrinkage=0.03


Tree=9
num_leaves=25
num_cat=0
split_feature=25 25 14 25 22 21 24 22 15 19 22 13 19 22 22 20 14 14 25 22 16 21 15 14
split_gain=7.80172 1.42268 0.762141 0.65378 0.611958 0.7533 0.678095 0.733988 0.423889 0.373912 0.275838 0.269743 0.256119 0.16297 0.392444 0.156301 0.119819 0.110431 0.101613 0.136946 0.0621492 0.0461146 0.0234778 0.00402248
threshold=94.078601930000019 72.57634550500002 0.026584397453979954 89.850449785000009 244.71300000000002 1.8950000000000002 1.0000000000000002 286.08700000000005 0.017367189221477754 99.985000610000014 243.75500000000002 0.98609151678665607 97.42499924000002 261.47800000000007 267.49850000000004 16.685000420000005 0.033347269098356662 0.015032998426102151 67.420739085000008 237.44500000000002 50.253834787987692 1.7350000000000001 0.0099082614109166512 0.017966363593386204
decision_type=2 2 2 2 2 2 2 2 2 2 2 2 2 2 2 2 2 2 2 2 2 2 2 2
left_child=1 9 8 4 5 15 7 -6 -2 13 -11 -5 -7 18 20 -3 -4 -8 19 -1 -15 -20 -12 -16
right_child=2 3 16 11 6 12 17 -9 -10 10 22 -13 -14 14 23 -17 -18 -19 21 -21 -22 -23 -24 -25
leaf_value=-0.00086139678015288983 0.0060656096772714095 0.0043378462109644458 0.0025984475422142577 0.00053115637056274159 -0.00038040972848554024 -0.00039044033352781537 0.0014531157333555163 -0.0030301103886425226 0.012268182586133478 0.0015482302090043529 -0.0023538845184445378 0.004384891505548081 0.0013142284733370286 0.0012102622532778801 -0.0031800652910023929 0.0017300184191541468 0.0063657812252640722 0.0042872382508856912 -0.0026620588045423994 -0.0038289959006998909 -0.0004336092518793885 -0.0015859580663690233 -0.00064073717966675755 -0.0018359373764175433
leaf_weight=21 21 52 21 30 826 226 49 106 39 50 24 42 120 33 47 46 21 20 77 82 49 135 20 22
leaf_count=21 21 52 21 30 826 226 49 106 39 50 24 42 120 33 47 46 21 20 77 82 49 135 20 22
internal_value=1.39592e-06 -0.000396699 0.00806198 7.87165e-05 -5.91455e-05 0.000864289 -0.000472188 -0.000687911 0.0102815 -0.00168776 6.91734e-06 0.00284954 0.000194212 -0.00203531 -0.00117369 0.00317391 0.00465612 0.00236697 -0.00243382 -0.0032669 0.000198415 -0.00200155 -0.00167339 -0.00282671
internal_weight=2179 2077 102 1517 1445 444 1001 932 60 560 94 72 346 466 151 98 42 69 315 103 82 212 44 69
internal_count=2179 2077 102 1517 1445 444 1001 932 60 560 94 72 346 466 151 98 42 69 315 103 82 212 44 69
is_linear=0
shrinkage=0.03


Tree=10
num_leaves=25
num_cat=0
split_feature=25 25 14 25 22 21 11 21 15 22 24 24 11 21 21 22 15 14 22 22 17 14 14 21
split_gain=7.35973 1.34212 0.71596 0.617834 0.598934 0.710057 0.695592 0.482137 0.396763 0.375074 0.307397 0.305417 0.252139 0.213617 0.137347 0.130149 0.122607 0.112191 0.0978388 0.370139 0.0595598 0.037818 0.0340262 0.0315677
threshold=94.078601930000019 72.57634550500002 0.026584397453979954 89.101940780000021 244.71300000000002 1.8950000000000002 1.0101035930430526 2.5950000000000002 0.017367189221477754 258.87850000000009 0.38500000000000006 0.93500000000000016 0.94123725721365747 2.3650000000000007 2.9050000000000007 238.53600000000003 0.019689103206430251 0.033347269098356662 261.47800000000007 267.49850000000004 0.0055330474477825508 0.020843033680608154 0.0076952049916339006 2.4450000000000007
decision_type=2 2 2 2 2 2 2 2 2 2 2 2 2 2 2 2 2 2 2 2 2 2 2 2
left_child=1 10 8 4 5 15 7 -6 -2 -5 13 -8 -7 18 -11 -3 22 -4 20 -20 -1 -18 -12 -24
right_child=2 3 17 9 6 12 11 -9 -10 14 16 -13 -14 -15 -16 -17 21 -19 19 -21 -22 -23 23 -25
leaf_value=-0.0025554360842797905 0.0058919126865538685 0.0015773777233936436 0.002524037402546541 0.0043508558095769678 0.00083881150691205982 0.0016706437063752676 -0.0018929236122094744 -0.00081523328735387285 0.011909338156878949 -0.0013234093640265719 -0.0020436613067239518 0.00082871754564026851 -0.00024382030363924413 -0.0038187086490336164 0.0020027968606547166 0.004023555266655098 0.0017731203266552515 0.0061834883134473462 0.00019165904640110047 -0.0027453440017399509 -0.0011896160995014584 0 -0.0012334168384444306 -2.8588510477793925e-05
leaf_weight=147 21 40 21 46 354 79 306 285 39 20 24 40 267 57 22 58 20 21 82 69 51 22 43 45
leaf_count=147 21 40 21 46 354 79 306 285 39 20 24 40 267 57 22 58 20 21 82 69 51 22 43 45
internal_value=1.72438e-06 -0.00038489 0.00783069 7.68143e-05 -7.21391e-05 0.000839033 -0.000486337 9.62834e-05 0.00998353 0.00250295 -0.00163887 -0.00156816 0.000188206 -0.00207326 0.00035518 0.00308144 -0.000468323 0.00452478 -0.00176952 -0.00113991 -0.00222646 0.000862486 -0.000997141 -0.000658263
internal_weight=2179 2077 102 1517 1429 444 985 639 60 88 560 346 346 406 42 98 154 42 349 151 198 42 112 88
internal_count=2179 2077 102 1517 1429 444 985 639 60 88 560 346 346 406 42 98 154 42 349 151 198 42 112 88
is_linear=0
shrinkage=0.03


Tree=11
num_leaves=29
num_cat=0
split_feature=25 25 14 23 22 23 25 25 15 22 24 11 21 25 23 22 10 14 14 22 19 19 14 19 21 19 15 21
split_gain=6.94286 1.26656 0.672519 0.638454 0.902077 1.00193 0.56969 0.531114 0.3713 0.323263 0.319804 0.264223 0.23512 0.208519 0.185562 0.131449 0.119181 0.105953 0.105018 0.082783 0.0760676 0.0597123 0.0578878 0.0529524 0.0288792 0.0432004 0.017277 0.00755561
threshold=94.078601930000019 72.005104945000014 0.026584397453979954 2.1600000000000006 283.52150000000006 1.5300000000000002 75.619339065000005 86.78869360500002 0.017367189221477754 241.45850000000004 -0.79499999999999993 0.99054078130690526 2.8150000000000004 87.316389355000013 0.65500000000000014 237.44500000000002 1.0337577401224054 0.011170742297453101 0.033347269098356662 255.22300000000004 99.985000610000014 97.384998320000008 0.010236431859855451 82.810001375000013 1.3050000000000004 92.125000000000014 0.011669598503718301 1.5450000000000002
decision_type=2 2 2 2 2 2 2 2 2 2 2 2 2 2 2 2 2 2 2 2 2 2 2 2 2 2 2 2
left_child=1 9 8 4 5 6 -3 12 -2 15 24 -7 19 21 20 17 -9 -1 -4 -5 -12 -6 -16 -17 25 -11 -14 -25
right_child=2 3 18 7 13 11 -8 16 -10 10 14 -13 26 -15 22 23 -18 -19 -20 -21 -22 -23 -24 27 -26 -27 -28 -29
leaf_value=0.00026733232492447958 0.0057231896695765583 -0.00023296472891040925 0.0024517580887133423 -0.0010369965775969682 -0.0013472165374883583 -0.0004584948612904381 0.0012699851347699705 0.0038523528750880926 0.011560990194976329 -0.000699277983097061 -9.4517879050087051e-05 -0.0023465335642270874 0.0011537280833887817 -9.0559189780973402e-06 -0.0022903993679926943 -0.004150212111680404 0.00094504826382866918 -0.0021144533164677076 0.0060064158947630364 0.00073751931722191243 0.0014164042253047226 -0.0035618332829107256 -0.00015919706828638233 -0.0014916255266538686 -0.0029646757976437106 -0.0025660193940358501 0.0024877874162369247 -0.0028142539506551584
leaf_weight=20 21 444 21 73 20 125 457 70 39 30 80 156 37 25 38 45 20 60 21 32 44 84 21 20 48 27 28 73
leaf_count=20 21 444 21 73 20 125 457 70 39 30 80 156 37 25 38 45 20 60 21 32 44 84 21 20 48 27 28 73
internal_value=2.06798e-06 -0.000373398 0.00760611 4.54681e-05 -0.000222161 3.61858e-05 0.00052659 0.00140211 0.00969426 -0.00167731 -0.000994951 -0.0015219 0.000389403 -0.00259448 -0.000216009 -0.00255642 0.00325674 -0.00148602 0.00439721 -0.000466034 0.000424658 -0.0031814 -0.00159713 -0.00314021 -0.00230939 -0.00166424 0.00180284 -0.00258063
internal_weight=2179 2077 102 1571 1311 1182 901 260 60 506 288 281 170 129 183 218 90 80 42 105 124 104 59 138 105 57 65 93
internal_count=2179 2077 102 1571 1311 1182 901 260 60 506 288 281 170 129 183 218 90 80 42 105 124 104 59 138 105 57 65 93
is_linear=0
shrinkage=0.03


Tree=12
num_leaves=28
num_cat=0
split_feature=25 25 14 23 21 25 23 23 22 19 24 22 21 23 11 23 25 22 14 25 20 19 19 25 17 20 24
split_gain=6.55061 1.19671 0.631657 0.580489 0.872139 0.502899 0.500338 1.13985 0.488468 0.320314 0.317719 0.237188 0.224049 0.193484 0.175273 0.168831 0.148313 0.101181 0.0985362 0.0896216 0.0762457 0.0398814 0.0395127 0.0314144 0.0197517 0.015571 0.00718904
threshold=94.078601930000019 72.57634550500002 0.026584397453979954 2.1600000000000006 2.3950000000000005 86.089531870000016 0.84500000000000008 0.22000000000000003 258.49100000000004 99.985000610000014 0.12500000000000003 243.75500000000002 2.8150000000000004 0.075000000000000025 1.0179582613921931 2.3550000000000004 98.126898560000015 249.90200000000002 0.032491702619343955 70.879076730000008 19.894999505000005 96.954998015000015 92.325000760000009 87.316389355000013 0.00097476334031995008 18.845000265000007 1.0950000000000004
decision_type=2 2 2 2 2 2 2 2 2 2 2 2 2 2 2 2 2 2 2 2 2 2 2 2 2 2 2
left_child=1 9 16 4 6 12 7 -3 -8 13 -6 -11 21 14 25 -7 -2 -12 -4 20 -15 -5 -21 -17 -13 -1 -14
right_child=2 3 18 5 10 15 8 -9 -10 11 17 24 26 19 -16 23 -18 -19 -20 22 -22 -23 -24 -25 -26 -27 -28
leaf_value=0 0.0072981941910351027 1.4090392971532867e-05 0.0022995830721088818 -0.0011589883318463821 -0.0047210816890001298 0.00055363051120478374 -9.5326090243438578e-05 0.0029738824466386668 -0.0030340906324724738 0.0014504659896826043 -0.00040584743190820796 -0.00060970057597891855 0.0011530053940535124 -0.0026885695129167282 -0.002394250727491453 0.0020973570826463401 0.011538543146635806 -0.0016508047622797403 0.0057591275080390598 -0.00059483111986343795 -0.00092305215454491012 0.00011356562189958539 -0.0018016328026039879 0.0039782131896132517 -0.0021966559225693343 0.0012972663966938853 0.0022983746557895621
leaf_weight=20 33 478 20 61 26 25 246 155 64 50 96 21 41 221 23 23 27 192 22 45 32 28 102 62 23 23 20
leaf_count=20 33 478 20 61 26 25 246 155 64 50 96 21 41 221 23 23 27 192 22 45 32 28 102 62 23 23 20
internal_value=1.88945e-06 -0.000362777 0.00738805 7.30951e-05 -0.000191994 0.00136202 0.000261561 0.000747121 -0.00071949 -0.0015469 -0.00156013 1.93748e-05 0.000206147 -0.00186863 -0.00030441 0.00289512 0.00941341 -0.00124904 0.00427328 -0.00211784 -0.00248159 -0.000728487 -0.00145899 0.00353447 -0.00153629 0.00077424 0.00160794
internal_weight=2179 2077 102 1517 1257 260 943 633 310 560 314 94 150 466 66 110 60 288 42 400 253 89 147 85 44 43 61
internal_count=2179 2077 102 1517 1257 260 943 633 310 560 314 94 150 466 66 110 60 288 42 400 253 89 147 85 44 43 61
is_linear=0
shrinkage=0.03


Tree=13
num_leaves=29
num_cat=0
split_feature=25 25 14 23 22 23 25 25 15 22 22 11 11 25 23 23 22 22 14 14 11 15 19 19 25 10 14 20
split_gain=6.18085 1.12827 0.593523 0.568605 0.817775 0.890957 0.528322 0.473762 0.345004 0.286386 0.264862 0.248222 0.219599 0.196128 0.158582 0.135095 0.121313 0.112222 0.099603 0.0923067 0.0585986 0.0575796 0.0499784 0.0472554 0.0287908 0.0112233 0.0029408 0.00170464
threshold=94.078601930000019 72.005104945000014 0.026584397453979954 2.1600000000000006 283.52150000000006 1.5300000000000002 75.532243940000015 86.089531870000016 0.017367189221477754 241.45850000000004 267.49850000000004 0.99054078130690526 1.0042302161271377 87.811422900000011 2.3550000000000004 2.3950000000000005 237.44500000000002 255.22300000000004 0.011170742297453101 0.033347269098356662 1.083993962302533 0.018314700553515206 82.810001375000013 97.384998320000008 87.316389355000013 1.0111735107544499 0.017966363593386204 14.755000115000001
decision_type=2 2 2 2 2 2 2 2 2 2 2 2 2 2 2 2 2 2 2 2 2 2 2 2 2 2 2 2
left_child=1 9 8 4 5 6 -3 15 -2 16 12 -7 21 23 -9 25 18 -17 -1 -4 -14 -11 -18 -6 -16 -5 -12 -24
right_child=2 3 19 7 13 11 -8 14 -10 10 26 -13 20 -15 24 17 22 -19 -20 -21 -22 -23 27 -25 -26 -27 -28 -29
leaf_value=0.00031557315940569549 0.0053271753869273443 -0.00026366834685781926 0.0023109793977557935 0.0016530097969072429 -0.0013091272349868503 -0.00040184732115760977 0.0011857360234377933 0.00053766036309445134 0.010936213079094885 0 -0.0029354535943788033 -0.0022314001769117319 -0.00092427022163048093 0 0.0020370580798480661 -0.0012228844904966535 -0.003949508776483329 0.0011117381855333223 -0.0019926141057102407 0.0056694933386011561 -0.0027528614635052885 0.0014558436804916709 -0.0026344652333654055 -0.0033284469016891145 0.0038607611940020604 0.00055604942418479675 -0.0016505818546495652 -0.0015014798138290643
leaf_weight=20 21 425 21 37 20 125 476 25 39 65 45 156 96 22 23 63 45 24 60 21 22 39 72 87 62 26 21 21
leaf_count=20 21 425 21 37 20 125 476 25 39 65 45 156 96 22 23 63 45 24 60 21 22 39 72 87 62 26 21 21
internal_value=2.15593e-06 -0.000352029 0.00717686 4.32053e-05 -0.000209249 3.6611e-05 0.000499194 0.00132357 0.00914174 -0.00158271 -0.000939402 -0.00143249 -0.000422169 -0.00246804 0.00281168 0.000201037 -0.00241072 -0.000539445 -0.00138176 0.0041528 -0.00131067 0.000560251 -0.00297141 -0.0029944 0.0034316 0.00126293 -0.00260214 -0.00242924
internal_weight=2179 2077 102 1571 1311 1182 901 260 60 506 288 281 222 129 110 150 218 87 80 42 118 104 138 107 85 63 66 93
internal_count=2179 2077 102 1571 1311 1182 901 260 60 506 288 281 222 129 110 150 218 87 80 42 118 104 138 107 85 63 66 93
is_linear=0
shrinkage=0.03


Tree=14
num_leaves=18
num_cat=0
split_feature=21 19 19 20 19 24 21 24 11 19 11 24 21 15 24 18 20
split_gain=3.28891 2.86809 0.712116 0.554235 0.52622 0.586373 0.531397 0.430367 0.40873 0.386094 0.32105 0.244742 0.166926 0.148423 0.116448 0.0384486 0.0262613
threshold=0.92500000000000016 95.764999390000014 108.03999710000001 37.674999235000008 85.025001525000008 0.115 1.8950000000000002 -0.52499999999999991 1.0579565940131384 96.575000760000009 1.0235315163130096 0.23500000000000001 2.6050000000000004 0.017367189221477754 0.38500000000000006 0.43010752687131465 26.619999885000002
decision_type=2 2 2 2 2 2 2 2 2 2 2 2 2 2 2 2 2
left_child=1 8 4 13 14 7 11 10 16 -8 -6 -7 -9 -3 -2 -10 -1
right_child=2 3 -4 -5 5 6 9 12 15 -11 -12 -13 -14 -15 -16 -17 -18
leaf_value=0.0025226387162692841 -0.0034503662938913031 0.0060855332251105992 0.0036446284915392217 0.0039420029280537918 0.00025911185575936915 0.00075949639017289217 -0.00075249751228466041 -0.0018818709182087333 -0.0028209496901836243 0.00035604614457764087 -0.0016777151234325816 0.0032025378001013047 -0.0047957710569555105 0.010488561525940895 -0.00072455842467024931 -0.00074564849959940396 0.00091311175748705863
leaf_weight=31 61 20 38 32 203 136 612 197 23 520 121 53 21 41 23 21 26
leaf_count=31 61 20 38 32 203 136 612 197 23 520 121 53 21 41 23 21 26
internal_value=2.18759e-06 0.0037214 -0.000361483 0.00749364 -0.000443041 -0.000335694 3.18238e-06 -0.00116564 0.000179131 -0.00024076 -0.000457915 0.00147362 -0.00219688 0.00921477 -0.00275661 -0.00193571 0.00186859
internal_weight=2179 194 1985 93 1947 1863 1321 542 101 1132 324 189 218 61 84 44 57
internal_count=2179 194 1985 93 1947 1863 1321 542 101 1132 324 189 218 61 84 44 57
is_linear=0
shrinkage=0.03


Tree=15
num_leaves=25
num_cat=0
split_feature=25 25 23 25 21 24 23 23 19 15 11 23 19 23 11 20 25 25 15 23 11 19 15 24
split_gain=5.51507 1.03542 0.527518 0.507576 0.500578 0.884001 0.447793 0.554594 0.419851 0.414264 0.344837 0.340758 0.275995 0.154062 0.152702 0.141246 0.133776 0.0935575 0.112054 0.0822615 0.0497278 0.041865 0.0144294 0.000604681
threshold=94.078601930000019 72.57634550500002 0.085000000000000006 88.316660110000015 1.8950000000000002 0.18500000000000003 1.5300000000000002 0.36500000000000005 96.954998015000015 0.028798486253082307 1.0145290436164531 2.3550000000000004 100.72499850000001 0.075000000000000025 1.0179582613921931 19.484999655000006 69.979102665000013 69.651882530000009 0.018806494412645505 0.17000000000000004 0.94530676874087949 99.805000305000007 0.015732234496500803 0.36500000000000005
decision_type=2 2 2 2 2 2 2 2 2 2 2 2 2 2 2 2 2 2 2 2 2 2 2 2
left_child=1 12 9 4 6 19 7 -3 -7 -2 -8 15 13 14 22 -5 -14 18 -15 -6 -17 -19 -1 -13
right_child=2 3 -4 11 5 8 10 -9 -10 -11 -12 23 16 17 -16 20 -18 21 -20 -21 -22 -23 -24 -25
leaf_value=4.4281375614683256e-05 0.010243903607807376 0.00059651698336638361 0.0036886622460129172 -0.0015261035886194024 -0.0017903561738922312 -0.00061563928288366134 0.00077404033202449528 0.0035030429808870903 0.00080376865244205173 0.004441944396631284 -0.00259104874718257 0.0027754850530853636 -0.001217171299163825 -0.0025790961789047616 -0.0022171122360741717 6.7594538110175292e-05 0.0015341387596697761 -0.0015208625838515333 -0.00032967790557692449 -0.0039763977246358986 0.0021844976328891409 0 0.0012976521595635198 0.004415880489828332
leaf_weight=22 43 252 38 20 33 598 52 78 271 21 54 25 25 196 23 20 38 187 26 59 28 22 21 27
leaf_count=22 43 252 38 20 33 598 52 78 271 21 54 25 25 196 23 20 38 187 26 59 28 22 21 27
internal_value=2.37414e-06 -0.000332116 0.00677973 7.31922e-05 -8.61396e-05 -0.000470477 0.000753262 0.00130109 -0.00016913 0.00848392 -0.000920407 0.00193826 -0.00143359 -0.00167154 -0.000263341 0.000474228 0.000393515 -0.00187913 -0.00233176 -0.00325221 0.00138306 -0.00137524 0.000740155 0.00375108
internal_weight=2179 2077 102 1517 1397 961 436 330 869 64 106 120 560 497 66 68 63 431 222 92 48 209 43 52
internal_count=2179 2077 102 1517 1397 961 436 330 869 64 106 120 560 497 66 68 63 431 222 92 48 209 43 52
is_linear=0
shrinkage=0.03


Tree=16
num_leaves=29
num_cat=0
split_feature=25 25 23 22 23 22 25 25 14 11 21 22 24 25 23 22 14 25 23 21 14 22 21 14 21 11 17 24
split_gain=5.19976 0.977399 0.504488 0.719288 0.879792 0.496238 0.478218 0.393819 0.36637 0.336166 0.259112 0.240984 0.249916 0.170735 0.157532 0.106843 0.0955528 0.0932797 0.0819397 0.0600988 0.050871 0.0473059 0.0378644 0.0339981 0.0233648 0.0492265 0.00426403 0.00171638
threshold=94.078601930000019 72.005104945000014 2.0850000000000004 283.52150000000006 1.5300000000000002 257.97750000000008 75.619339065000005 88.134259505000003 0.025156938278507752 1.0106671338662823 2.9750000000000005 241.45850000000004 -0.79499999999999993 87.316389355000013 0.65500000000000014 237.44500000000002 0.011170742297453101 85.108792625000021 2.3550000000000004 2.2950000000000004 0.010236431859855451 286.08700000000005 1.5450000000000002 0.014918784171645851 1.3050000000000004 1.083993962302533 -0.0057043544964786993 0.36500000000000005
decision_type=2 2 2 2 2 2 2 2 2 2 2 2 2 2 2 2 2 2 2 2 2 2 2 2 2 2 2 2
left_child=1 11 3 4 6 8 -3 10 -2 -6 17 15 24 21 19 16 -1 -4 -9 -14 -16 -5 -17 -12 25 -13 -24 -20
right_child=5 2 7 13 9 -7 -8 18 -10 -11 23 12 14 -15 20 22 -18 -19 27 -21 -22 -23 26 -25 -26 -27 -28 -29
leaf_value=0.00040228608942457611 0.0099035927206277859 -0.00021924719086131557 -0.001135396056834182 -0.001190784344183547 -0.00081678649412688655 0.0035808398440981713 0.0011574243842166758 0.0012647281690221278 0.0043946999365633184 -0.0032806291880846865 0.0013869413545627781 -0.00060376777951993673 -5.3533733236017046e-05 0 -0.0021077411002837694 -0.0011819548537023365 -0.0018605192979400762 0.00040204480427674687 0.0026954229666063417 0.0012843015383929013 -0.00010634532581422139 -0.0031927409169853062 -0.0018421529354527592 0.0032029304284263739 -0.0026322913977260493 -0.0025791873948081681 -0.0031656250062991271 0.0043114788919687277
leaf_weight=20 43 444 58 20 189 38 457 24 21 70 40 35 80 25 38 20 60 85 25 44 21 84 20 21 48 22 98 29
leaf_count=20 43 444 58 20 189 38 457 24 21 70 40 35 80 25 38 20 60 85 25 44 21 84 20 21 48 22 98 29
internal_value=2.63497e-06 -0.000322113 4.56235e-05 -0.000204062 3.05093e-05 0.00658344 0.000476203 0.00119421 0.00823756 -0.00150429 0.000477642 -0.00146759 -0.000875859 -0.00232047 -0.00018524 -0.00222807 -0.0012598 -0.000204254 0.00300055 0.000403659 -0.00145903 -0.00285133 -0.0027547 0.00210208 -0.00203811 -0.00144926 -0.00298388 0.00368046
internal_weight=2179 2077 1571 1289 1160 102 901 282 64 259 204 506 288 129 183 218 80 143 78 124 59 104 138 61 105 57 118 54
internal_count=2179 2077 1571 1289 1160 102 901 282 64 259 204 506 288 129 183 218 80 143 78 124 59 104 138 61 105 57 118 54
is_linear=0
shrinkage=0.03


Tree=17
num_leaves=23
num_cat=0
split_feature=25 25 22 25 22 23 11 11 15 21 22 23 22 19 23 11 25 21 24 19 11 10
split_gain=4.90325 0.9226 0.466787 0.459353 0.45137 0.828714 0.542959 0.424022 0.36824 0.367769 0.325817 0.313578 0.278264 0.247967 0.141037 0.138549 0.120811 0.104872 0.0869813 0.112624 0.023211 0.0188233
threshold=94.078601930000019 72.57634550500002 257.97750000000008 89.101940780000021 244.71300000000002 0.22000000000000003 1.0101035930430526 0.94339187997295293 0.028798486253082307 2.5950000000000002 243.94800000000001 2.0850000000000004 258.87850000000009 100.72499850000001 0.075000000000000025 1.027915146766357 69.979102665000013 2.9050000000000007 0.37500000000000006 84.27000046000002 0.9964813722799355 0.99133620014236901
decision_type=2 2 2 2 2 2 2 2 2 2 2 2 2 2 2 2 2 2 2 2 2 2
left_child=1 13 8 4 5 7 9 -3 -2 -6 -7 -8 -5 14 15 21 -15 -14 19 -16 -20 -1
right_child=2 3 -4 12 6 10 11 -9 -10 -11 -12 -13 17 16 18 -17 -18 -19 20 -21 -22 -23
leaf_value=0.0011696431625706071 0.0096607277467846871 0.001707783856479959 0.0034761690527532036 0.0037541819000814825 0.00074480711014168234 0.0027869181597800627 -0.0019602654641799507 -0.0013148179571269014 0.0041738707626407801 -0.00069950262988002483 0.00025417227930655438 0 -0.0011551742782550199 -0.0011500670751198553 -0.0033047183931901539 -0.002284507256001234 0.0014627982628388472 0.001747738069915415 -0.00037877370287664236 -0.0017354891415038663 -0.0013929022132835693 0
leaf_weight=25 43 54 38 46 354 154 243 167 21 285 69 103 20 25 57 20 38 22 49 269 56 21
leaf_count=25 43 54 38 46 354 154 243 167 21 285 69 103 20 25 57 20 38 22 49 269 56 21
internal_value=2.42858e-06 -0.000312884 0.00639289 6.96007e-05 -5.85538e-05 0.000732142 -0.000418393 -0.000558384 0.00799842 9.58575e-05 0.00202127 -0.0013743 0.00216164 -0.00135263 -0.00157826 -0.000229626 0.000377303 0.000300914 -0.00177683 -0.00202831 -0.000955982 0.000629569
internal_weight=2179 2077 102 1517 1429 444 985 221 64 639 223 346 88 560 497 66 63 42 431 326 105 46
internal_count=2179 2077 102 1517 1429 444 985 221 64 639 223 346 88 560 497 66 63 42 431 326 105 46
is_linear=0
shrinkage=0.03


Tree=18
num_leaves=23
num_cat=0
split_feature=25 25 19 22 22 25 15 22 22 24 25 15 22 14 15 17 19 19 17 21 17 14
split_gain=4.6232 0.872468 0.448681 0.800746 0.439052 0.430091 0.34493 0.264021 0.216064 0.224562 0.137234 0.132179 0.0983892 0.088167 0.0608256 0.0449305 0.0434748 0.0368899 0.022692 0.0097459 0.00255413 0.00237261
threshold=94.078601930000019 72.005104945000014 108.03999710000001 283.52150000000006 257.97750000000008 89.850449785000009 0.028798486253082307 279.88200000000006 241.45850000000004 -0.79499999999999993 86.888728815000022 0.010305436776051852 237.44500000000002 0.011170742297453101 0.018522297580523105 0.0024252906012510005 97.384998320000008 82.810001375000013 0.0014404361730354003 1.5450000000000002 0.0018762343452131001 0.019530660541320851
decision_type=2 2 2 2 2 2 2 2 2 2 2 2 2 2 2 2 2 2 2 2 2 2
left_child=1 8 3 5 6 7 -2 -3 12 18 16 20 13 -1 -13 -7 -5 -14 -10 -19 -11 -20
right_child=4 2 -4 10 -6 15 -8 -9 9 11 -12 14 17 -15 -16 -17 -18 19 21 -21 -22 -23
leaf_value=0.00041691430890932683 0.0093774928044189094 1.0852838461459085e-05 0.0035605236680712549 -0.001116211866161653 0.0033745580546987747 0.0016596033751432383 0.0040543462661179622 0.0023504647597670553 -0.0023522931580446313 -0.0021164990456944157 -0.00040394310804814658 -0.0001294807407885126 -0.0034714564966118852 -0.0017541881218308306 0.0011994355011211578 0.0041222775920759886 -0.0030386064189068716 -0.0010985993058088101 -0.0015429974723121392 -0.0023550779645306035 -0.00095525647726442137 -0.00057931476152901144
leaf_weight=20 43 1313 31 20 38 20 21 44 63 21 34 100 45 60 42 23 86 20 22 73 20 20
leaf_count=20 43 1313 31 20 38 20 21 44 63 21 34 100 45 60 42 23 86 20 22 73 20 20
internal_value=2.57814e-06 -0.000303558 4.3777e-05 -2.73325e-05 0.00620789 0.000187593 0.00776624 9.05976e-05 -0.00138582 -0.000824659 -0.00218395 -0.000169159 -0.00210632 -0.00117593 0.000248239 0.00310878 -0.00271775 -0.00261175 -0.00192643 -0.00213134 -0.0016577 -0.00117801
internal_weight=2179 2077 1571 1540 102 1400 64 1357 506 288 140 183 218 80 142 43 106 138 105 93 41 42
internal_count=2179 2077 1571 1540 102 1400 64 1357 506 288 140 183 218 80 142 43 106 138 105 93 41 42
is_linear=0
shrinkage=0.03


end of trees

feature_importances:
Gold_Silver_Ratio=90
CPI_Inflation=64
Fed_Funds_Rate=54
USD_Index=47
US_10Y_Yield=39
Rolling_Std_20=36
Rolling_Std_10=35
Close_to_MA_50=30
Real_Yield_10Y=21
MACD_Pct=11
VIX=11
Close_to_MA_20=8
Close_to_EMA_20=3
RSI_14=3
Close_to_EMA_10=2
Volume_to_MA_10=2

parameters:
[boosting: gbdt]
[objective: regression]
[metric: l2]
[tree_learner: serial]
[device_type: cpu]
[data_sample_strategy: bagging]
[data: ]
[valid: ]
[num_iterations: 200]
[learning_rate: 0.03]
[num_leaves: 31]
[num_threads: 20]
[seed: 42]
[deterministic: 0]
[force_col_wise: 0]
[force_row_wise: 0]
[histogram_pool_size: -1]
[max_depth: 6]
[min_data_in_leaf: 20]
[min_sum_hessian_in_leaf: 0.001]
[bagging_fraction: 0.8]
[pos_bagging_fraction: 1]
[neg_bagging_fraction: 1]
[bagging_freq: 0]
[bagging_seed: 400]
[bagging_by_query: 0]
[feature_fraction: 0.8]
[feature_fraction_bynode: 1]
[feature_fraction_seed: 30056]
[extra_trees: 0]
[extra_seed: 12879]
[early_stopping_round: 0]
[early_stopping_min_delta: 0]
[first_metric_only: 0]
[max_delta_step: 0]
[lambda_l1: 0.1]
[lambda_l2: 1]
[linear_lambda: 0]
[min_gain_to_split: 0]
[drop_rate: 0.1]
[max_drop: 50]
[skip_drop: 0.5]
[xgboost_dart_mode: 0]
[uniform_drop: 0]
[drop_seed: 17869]
[top_rate: 0.2]
[other_rate: 0.1]
[min_data_per_group: 100]
[max_cat_threshold: 32]
[cat_l2: 10]
[cat_smooth: 10]
[max_cat_to_onehot: 4]
[top_k: 20]
[monotone_constraints: ]
[monotone_constraints_method: basic]
[monotone_penalty: 0]
[feature_contri: ]
[forcedsplits_filename: ]
[refit_decay_rate: 0.9]
[cegb_tradeoff: 1]
[cegb_penalty_split: 0]
[cegb_penalty_feature_lazy: ]
[cegb_penalty_feature_coupled: ]
[path_smooth: 0]
[interaction_constraints: ]
[verbosity: -1]
[saved_feature_importance_type: 0]
[use_quantized_grad: 0]
[num_grad_quant_bins: 4]
[quant_train_renew_leaf: 0]
[stochastic_rounding: 1]
[linear_tree: 0]
[max_bin: 255]
[max_bin_by_feature: ]
[min_data_in_bin: 3]
[bin_construct_sample_cnt: 200000]
[data_random_seed: 175]
[is_enable_sparse: 1]
[enable_bundle: 1]
[use_missing: 1]
[zero_as_missing: 0]
[feature_pre_filter: 1]
[pre_partition: 0]
[two_round: 0]
[header: 0]
[label_column: ]
[weight_column: ]
[group_column: ]
[ignore_column: ]
[categorical_feature: ]
[forcedbins_filename: ]
[precise_float_parser: 0]
[parser_config_file: ]
[objective_seed: 16083]
[num_class: 1]
[is_unbalance: 0]
[scale_pos_weight: 1]
[sigmoid: 1]
[boost_from_average: 1]
[reg_sqrt: 0]
[alpha: 0.9]
[fair_c: 1]
[poisson_max_delta_step: 0.7]
[tweedie_variance_power: 1.5]
[lambdarank_truncation_level: 30]
[lambdarank_norm: 1]
[label_gain: ]
[lambdarank_position_bias_regularization: 0]
[eval_at: ]
[multi_error_top_k: 1]
[auc_mu_weights: ]
[num_machines: 1]
[local_listen_port: 12400]
[time_out: 120]
[machine_list_filename: ]
[machines: ]
[gpu_platform_id: -1]
[gpu_device_id: -1]
[gpu_device_id_list: ]
[gpu_use_dp: 0]
[num_gpu: 1]

end of parameters

pandas_categorical:[]
