tree
version=v4
num_class=1
num_tree_per_iteration=1
label_index=0
max_feature_idx=25
objective=regression
feature_names=Return Log_Return Ret_Lag_1 Ret_Lag_2 Ret_Lag_3 Ret_Lag_5 Ret_Lag_10 Daily_Range_Pct Close_to_MA_5 Close_to_MA_10 Close_to_MA_20 Close_to_MA_50 Close_to_EMA_10 Close_to_EMA_20 Rolling_Std_10 Rolling_Std_20 RSI_14 MACD_Pct Volume_to_MA_10 USD_Index VIX US_10Y_Yield CPI_Inflation Fed_Funds_Rate Real_Yield_10Y Gold_Silver_Ratio
feature_infos=[-0.1164914206586988:0.092862495689852706] [-0.12385427663987771:0.088800396787994604] [-0.1164914206586988:0.092862495689852706] [-0.1164914206586988:0.092862495689852706] [-0.1164914206586988:0.092862495689852706] [-0.1164914206586988:0.092862495689852706] [-0.1164914206586988:0.092862495689852706] [0:0.23762917108365739] [0.83125065699797374:1.1180168178183378] [0.76907950674990599:1.1507208680796319] [0.7126546826058221:1.251363766453035] [0.67972949752942891:1.441327379231726] [0.80557406499134387:1.1328420361132037] [0.74471501092138792:1.2179636354713963] [0.0031038011787134002:0.068021976636499698] [0.0052390161856204001:0.051417727976331103] [13.650620263885443:86.83115619591274] [-0.050545190129198198:0.022319726889085699] [0:9.9996164222411164] [79.77999878:114.11000060000001] [9.1400003430000005:82.690002440000001] [0.52000000000000002:4.25] [234.74700000000001:298.786] [0.050000000000000003:3.7799999999999998] [-1.1899999999999999:1.74] [62.225318270000002:125.88837599999999]
tree_sizes=2073 2080 2094 2003 2118 2004 1017 1919 1999 2004 2039 2113 1849 2853 1047 2440 2473 1811 1751 2446 1802 1865 1571 1487 1820 1829 2916 1507 1576 1755

Tree=0
num_leaves=22
num_cat=0
split_feature=21 15 25 25 22 21 23 23 21 19 10 14 25 15 21 15 16 20 21 22 15
split_gain=0.608716 0.330886 0.330078 0.221411 0.132337 0.123956 0.157599 0.149969 0.120916 0.11778 0.111146 0.0902404 0.0631231 0.0667379 0.0553502 0.049882 0.0465399 0.0296345 0.0284754 0.00989529 0.00815357
threshold=0.65500000000000014 0.030227335194750054 72.471337420000012 96.093135440000012 237.65450000000001 2.3950000000000005 0.095000000000000015 0.075000000000000025 3.9450000000000007 98.39500046000002 0.97013824093834233 0.019459397415860755 74.081100380000009 0.022544841048586953 1.8750000000000002 0.016783844813863302 65.422167559135843 13.965000155000002 2.4950000000000006 241.88350000000005 0.0099082614109166512
decision_type=2 2 2 2 2 2 2 2 2 2 2 2 2 2 2 2 2 2 2 2 2
left_child=1 -1 5 4 12 7 20 15 9 -6 19 -5 13 -4 -14 -2 18 -12 -8 -9 -7
right_child=2 -3 3 11 8 6 16 10 -10 -11 17 -13 14 -15 -16 -17 -18 -19 -20 -21 -22
leaf_value=0.0080839481663441334 0.0039214561207006303 0.0031756955767179851 0.0037496472211700441 0.006297480833380391 0.0029681864400900259 0.0011431997463987986 0.0033097731353757217 0.0033701331559310059 0.005079897288023741 0.0022459020911537149 0.0019259268514877385 0.003758163262664105 0.0029078317709629437 0.0017663000560262255 0.0045944991881131415 0.0023149786207721582 0.0027232807482230697 0.0011601816440209064 0.0047292794109994873 0.0025286950594980875 0.0021733203473064929
leaf_weight=30 37 23 40 23 1120 21 31 26 21 246 99 38 22 23 80 29 26 180 35 21 41
leaf_count=30 37 23 40 23 1120 21 31 26 21 246 99 38 22 23 80 29 26 180 35 21 41
internal_value=0.00290783 0.00605391 0.00282918 0.0030435 0.00297123 0.00219145 0.00290783 0.00190874 0.00287753 0.00283992 0.00164369 0.00480323 0.00377237 0.00297217 0.00423206 0.00317249 0.00369763 0.00141671 0.00412327 0.00293161 0.00175432
internal_weight=2212 53 2159 1613 1552 546 154 392 1387 1366 326 61 165 63 102 66 92 279 66 47 62
internal_count=2212 53 2159 1613 1552 546 154 392 1387 1366 326 61 165 63 102 66 92 279 66 47 62
is_linear=0
shrinkage=1


Tree=1
num_leaves=22
num_cat=0
split_feature=21 15 25 25 22 20 23 21 19 13 19 21 25 15 21 15 11 21 20 17 17
split_gain=0.574408 0.311349 0.311165 0.209097 0.124543 0.11668 0.125928 0.114079 0.110858 0.104683 0.063189 0.0672786 0.0594391 0.0629374 0.0521895 0.0470672 0.0427986 0.0477101 0.0407434 0.0264009 0.00505736
threshold=0.65500000000000014 0.030227335194750054 72.471337420000012 96.093135440000012 237.65450000000001 11.984999655000001 0.075000000000000025 3.9450000000000007 98.39500046000002 0.96696473416112605 99.67499924000002 0.71500000000000008 74.081100380000009 0.022544841048586953 1.925 0.016783844813863302 1.0333582088196629 2.4950000000000006 14.065000055000001 0.0023613602897321504 -0.0075795445717288497
decision_type=2 2 2 2 2 2 2 2 2 2 2 2 2 2 2 2 2 2 2 2 2
left_child=1 -1 5 4 12 16 15 8 -6 20 11 -5 13 -4 -14 -7 17 -2 -11 -18 -8
right_child=2 -3 3 10 7 6 9 -9 -10 18 -12 -13 14 -15 -16 -17 19 -19 -20 -21 -22
leaf_value=0.0050258420482277872 0 0.00026016271946718915 0.00081717697671109164 0.0021853240959878477 5.8545670824154298e-05 0.00098401584011925908 0.00047577954322861678 0.0021098654970357362 -0.00064215219994731912 -0.00084423086737407107 0.0032138373799283394 -0.00011380751364465269 2.8138407635398973e-06 -0.0011087127147475259 0.0016788444430975533 -0.00057566038970835508 -0.001095224612289005 0.0017325889724493025 -0.0016149218715301851 0.00018376228687819093 -7.1993905079454688e-05
leaf_weight=30 33 23 40 20 1120 37 21 21 246 128 21 20 26 23 76 29 26 24 196 24 28
leaf_count=30 33 23 40 20 1120 37 21 21 246 128 21 20 26 23 76 29 26 24 196 24 28
internal_value=0 0.00305639 -7.61496e-05 0.000131898 6.1608e-05 -0.000695369 -0.000912598 -2.92254e-05 -6.58244e-05 -0.00112745 0.00184204 0.00098785 0.000838808 6.08617e-05 0.00128492 0.000255564 0.000168302 0.000744028 -0.00132322 -0.000430922 0.000107587
internal_weight=2212 53 2159 1613 1552 546 439 1387 1366 373 61 40 165 63 102 66 107 57 324 50 49
internal_count=2212 53 2159 1613 1552 546 439 1387 1366 373 61 40 165 63 102 66 107 57 324 50 49
is_linear=0
shrinkage=0.03


Tree=2
num_leaves=22
num_cat=0
split_feature=21 14 25 25 15 22 25 17 21 19 17 14 15 13 24 22 22 15 16 7 19
split_gain=0.542005 0.300384 0.293061 0.197258 0.117582 0.216292 0.142018 0.134268 0.111687 0.0993323 0.0974859 0.0835426 0.0822109 0.0810112 0.0808508 0.0715059 0.099098 0.0259287 0.0228306 0.0135151 0.00667675
threshold=0.65500000000000014 0.026051496504412405 72.471337420000012 96.093135440000012 0.016024414335123954 259.18850000000003 87.559498760000011 0.0048563966632956005 2.3950000000000005 92.220001220000015 -0.0018060146893127498 0.019459397415860755 0.0086804519335932015 0.97507074191118248 0.31500000000000006 265.78750000000008 269.51850000000007 0.020526941777816703 71.679259319595744 0.017691507909817505 92.935001375000013
decision_type=2 2 2 2 2 2 2 2 2 2 2 2 2 2 2 2 2 2 2 2 2
left_child=1 -1 8 4 5 6 -4 9 13 -6 -7 -5 -10 20 -14 18 -17 -9 -15 -16 -2
right_child=2 -3 3 11 7 10 -8 17 12 -11 -12 -13 14 15 19 16 -18 -19 -20 -21 -22
leaf_value=0.0055986688775212876 -0.0002120055690085372 0.00089290167512081102 -6.6486816458889199e-05 0.0032264195308089254 0.0019454963585937065 -0.00014427422302463327 0.0012509221506339532 -4.4056918438790078e-06 -0.0016457525984100671 0.00049587965176137844 -0.0017718755389474572 0.00078216851284154329 -0.00090769431541806874 -0.0014442630911651578 0.00093223408790520166 0.00064375210176116193 -0.0014760600947907993 -0.0009285928888970778 -0.00021476230554451996 0 0.00040730161192045815
leaf_weight=22 25 31 788 23 50 58 80 69 22 361 93 38 34 239 77 43 34 53 21 21 30
leaf_count=22 25 31 788 23 50 58 80 69 22 361 93 38 34 239 77 43 34 53 21 21 30
internal_value=0 0.0029693 -7.35982e-05 0.000128261 5.9932e-05 -0.000126669 5.27809e-05 0.000421866 -0.000674562 0.000683808 -0.0011715 0.00178933 0 -0.000942928 0.000296525 -0.00111741 -0.000260731 -0.000434572 -0.00135765 0.000749566 7.34679e-05
internal_weight=2212 53 2159 1613 1552 1019 868 533 546 411 151 61 154 392 132 337 77 122 260 98 55
internal_count=2212 53 2159 1613 1552 1019 868 533 546 411 151 61 154 392 132 337 77 122 260 98 55
is_linear=0
shrinkage=0.03


Tree=3
num_leaves=21
num_cat=0
split_feature=21 14 25 11 21 22 21 21 23 23 13 14 25 14 15 16 21 16 22 15
split_gain=0.511814 0.282887 0.276106 0.192594 0.158199 0.119871 0.112233 0.105042 0.139973 0.126547 0.0831603 0.0708864 0.0618364 0.0554733 0.0429955 0.0415327 0.0247437 0.0226487 0.00928872 0.00682053
threshold=0.65500000000000014 0.026051496504412405 72.471337420000012 0.89783628847160291 0.72500000000000009 237.65450000000001 3.9450000000000007 2.3950000000000005 0.095000000000000015 0.075000000000000025 0.97507074191118248 0.020733795333846502 91.154699605000019 0.025888264848002305 0.016304417728877953 65.422167559135843 2.4950000000000006 71.679259319595744 241.88350000000005 0.0099082614109166512
decision_type=2 2 2 2 2 2 2 2 2 2 2 2 2 2 2 2 2 2 2 2
left_child=1 -1 7 12 11 13 -7 9 19 14 18 -5 -4 -6 -2 16 -10 -12 -11 -9
right_child=2 -3 3 4 5 6 -8 8 15 10 17 -13 -14 -15 -16 -17 -18 -19 -20 -21
leaf_value=0.005438011510864549 0.0010229065391947239 0.00086695169634913322 0.00074518030129373076 0.0031483071611395903 0.001013967318590481 -0.00011231108878240489 0.0020430162734436717 -0.0016543582899989399 0.0003826968148641754 0.0004153459025009607 -0.0014294014090977223 0.00045248190334744076 0.0031851467590617096 -0.0005378066271289506 -0.00045608168407617244 -0.00016611648914921612 0.0017189118542398016 -0.00020861229110001161 -0.00042953647120988795 -0.00068576314992138318
leaf_weight=22 33 31 24 20 139 1345 21 21 31 25 260 21 22 21 33 26 35 21 20 41
leaf_count=22 33 31 24 20 139 1345 21 21 31 25 260 21 22 21 33 26 35 21 20 41
internal_value=0 0.00288549 -7.14408e-05 0.000124446 6.56686e-05 1.36865e-05 -7.55116e-05 -0.000654787 0 -0.000915044 -0.00115867 0.0018826 0.00201889 0.000789588 0.000242866 0.000748838 0.00115115 -0.00134987 0 -0.00108251
internal_weight=2212 53 2159 1613 1567 1526 1366 546 154 392 326 41 46 160 66 92 66 281 45 62
internal_count=2212 53 2159 1613 1567 1526 1366 546 154 392 326 41 46 160 66 92 66 281 45 62
is_linear=0
shrinkage=0.03


Tree=4
num_leaves=22
num_cat=0
split_feature=21 15 25 25 15 22 21 17 20 20 23 10 17 15 20 24 21 15 19 17 10
split_gain=0.483237 0.268117 0.260325 0.17877 0.110948 0.205443 0.177344 0.134522 0.106502 0.102324 0.106937 0.103409 0.0948746 0.040584 0.0375462 0.0359286 0.0303121 0.0209602 0.00857269 0.00686635 0.000462597
threshold=0.65500000000000014 0.030227335194750054 72.471337420000012 103.85601890000002 0.016024414335123954 259.18850000000003 1.7250000000000003 0.0048563966632956005 33.409999850000005 11.984999655000001 0.075000000000000025 0.96954815855939647 -0.0018060146893127498 0.016783844813863302 14.065000055000001 0.37500000000000006 2.4950000000000006 0.020526941777816703 94.494998930000023 0.0028936911905732506 1.0007865633192057
decision_type=2 2 2 2 2 2 2 2 2 2 2 2 2 2 2 2 2 2 2 2 2
left_child=1 -1 9 4 5 6 -4 8 -6 15 13 18 -7 -11 -13 20 19 -9 -12 -17 -2
right_child=2 -3 3 -5 7 12 -8 17 -10 10 11 14 -14 -15 -16 16 -18 -19 -20 -21 -22
leaf_value=0.0046313314154263468 -0.00067818207845890088 0.00020208726597775237 0.001823094929815555 0.0025452692373138333 0.00079223759762176327 -0.00012044765493483283 -3.2235107980972138e-05 -2.0624906503750629e-05 -0.0011501852739244126 0.00091316996186383448 -0.00030152249099531518 -0.00079461937466485241 -0.001716224916037816 -0.0005329857110977172 -0.0015603642320718557 -0.0002529817171056162 0.0014297513172317009 -0.00082989290081895875 0.00036146964615566988 0.00047935242877740952 -0.00012954257653010161
leaf_weight=30 20 23 48 26 410 59 822 71 25 37 35 120 93 29 185 21 25 59 33 20 21
leaf_count=30 20 23 48 26 410 59 822 71 25 37 35 120 93 29 185 21 25 59 33 20 21
internal_value=0 0.0028041 -6.90969e-05 0.000121065 7.78819e-05 -0.000106305 6.86592e-05 0.000415947 0.000671341 -0.000635554 -0.000839161 -0.00103728 -0.00112125 0.000234491 -0.00127247 0.000172061 0.000622005 -0.00041434 0 3.57334e-05 -0.000478375
internal_weight=2212 53 2159 1613 1587 1022 870 565 435 546 439 373 152 66 305 107 66 130 68 41 41
internal_count=2212 53 2159 1613 1587 1022 870 565 435 546 439 373 152 66 305 107 66 130 68 41 41
is_linear=0
shrinkage=0.03


Tree=5
num_leaves=21
num_cat=0
split_feature=21 25 11 21 22 12 21 21 23 23 10 18 25 25 16 25 16 21 22 10
split_gain=0.456165 0.24508 0.177772 0.14735 0.109088 0.105834 0.104636 0.0945457 0.128733 0.112593 0.0850639 0.0574143 0.0553635 0.0521092 0.0387991 0.0249832 0.022087 0.0217135 0.00818782 0.00142646
threshold=0.65500000000000014 72.471337420000012 0.89783628847160291 0.72500000000000009 237.65450000000001 1.0147599877030593 3.9450000000000007 2.3950000000000005 0.095000000000000015 0.075000000000000025 0.97013824093834233 0.42962462171744165 91.154699605000019 74.081100380000009 65.422167559135843 67.255533155000009 71.679259319595744 2.4950000000000006 241.88350000000005 0.97069508724699116
decision_type=2 2 2 2 2 2 2 2 2 2 2 2 2 2 2 2 2 2 2 2
left_child=5 7 12 11 13 -1 -6 9 19 15 18 -4 -3 -5 17 -2 -12 -10 -11 -9
right_child=1 2 3 4 6 -7 -8 8 14 10 16 -13 -14 -15 -16 -17 -18 -19 -20 -21
leaf_value=0.00095257516208948788 -0.00039816874929238114 0.00072090711576864122 0.0029062387881885195 8.9233845543687114e-06 -0.00011014951658610383 0.0039113523242694723 0.0019706728837706826 -0.00048994587078366597 0.00038017750420840456 0.00042836227160619777 -0.0013711207775921551 0.00044075554449643408 0.0030448592009235413 0.0011732112367451191 -0.00015881725157507591 0.00073274227366782721 -0.00017034832718358796 0.0016472225555529195 -0.00033345297430853612 -0.0012405448001014386
leaf_weight=23 27 24 21 61 1345 30 21 22 31 26 258 20 22 99 26 39 21 35 21 40
leaf_count=23 27 24 21 61 1345 30 21 22 31 26 258 20 22 99 26 39 21 35 21 40
internal_value=0 -6.72292e-05 0.000117234 6.06894e-05 1.04571e-05 0.00272433 -7.45475e-05 -0.000616875 0 -0.00086381 -0.00109369 0.00181412 0.00193733 0.000750773 0.00072234 0.000226283 -0.00129239 0.00111143 2.56212e-05 -0.00103383
internal_weight=2212 2159 1613 1567 1526 53 1366 546 154 392 326 41 46 160 92 66 279 66 47 62
internal_count=2212 2159 1613 1567 1526 53 1366 546 154 392 326 41 46 160 92 66 279 66 47 62
is_linear=0
shrinkage=0.03


Tree=6
num_leaves=10
num_cat=0
split_feature=21 14 11 21 20 10 20 21 14
split_gain=0.430501 0.254045 0.192922 0.102157 0.0964282 0.104733 0.0877858 0.0763297 0.0495427
threshold=0.65500000000000014 0.026051496504412405 0.89783628847160291 3.9450000000000007 36.635000225000006 0.96827354480594174 28.045000080000005 2.1350000000000002 0.019459397415860755
decision_type=2 2 2 2 2 2 2 2 2
left_child=1 -1 8 4 5 6 -4 -7 -2
right_child=2 -3 3 -5 -6 7 -8 -9 -10
leaf_value=0.0050638412493078603 0.00050152547872858125 0.00073337139694194776 0.0005045918271758637 0.0019142399706285106 -0.0020314382530050353 0 -0.0013168442513979968 -0.00039930764532249 0.0025959094151501252
leaf_weight=22 23 31 319 21 23 831 24 890 28
leaf_count=22 23 31 319 21 23 831 24 890 28
internal_value=0 0.00264697 -6.49182e-05 -0.000110736 -0.000133455 -0.000109879 0.000364966 -0.000206416 0.00173688
internal_weight=2212 53 2159 2108 2087 2064 343 1721 51
internal_count=2212 53 2159 2108 2087 2064 343 1721 51
is_linear=0
shrinkage=0.03


Tree=7
num_leaves=20
num_cat=0
split_feature=21 15 25 11 21 21 23 23 19 19 10 18 17 15 16 16 21 15 17
split_gain=0.406531 0.238052 0.231018 0.159923 0.140674 0.0901361 0.122032 0.105653 0.0837614 0.19556 0.0779723 0.0552933 0.0404857 0.0374408 0.0365367 0.0204506 0.0197878 0.0063302 0.00192796
threshold=0.65500000000000014 0.030227335194750054 72.471337420000012 0.88477277166575752 0.72500000000000009 2.3950000000000005 0.095000000000000015 0.075000000000000025 106.71000290000002 100.28499985000001 0.97013824093834233 0.32852016403453793 0.0047097448951075012 0.016783844813863302 65.422167559135843 71.679259319595744 2.4950000000000006 0.0099082614109166512 -0.0063699153172190491
decision_type=2 2 2 2 2 2 2 2 2 2 2 2 2 2 2 2 2 2 2
left_child=1 -1 5 -4 11 7 17 13 9 -6 18 -5 -10 -2 16 -12 -8 -7 -9
right_child=2 -3 3 4 8 6 14 10 12 -11 15 -13 -14 -15 -16 -17 -18 -19 -20
leaf_value=0.0042927361901008319 0.00087064114513831501 0.00011821851815329864 0.0025008646884653713 0.0029018669590087872 6.1400519346946065e-05 -0.0015475296799770809 0.00037988604535348715 0.00022096105464671769 0.0014284678546983987 -0.0014286957973797274 -0.0013264458113355368 0.00055870598975569011 0 -0.00051799286818131796 -0.00014269363636978797 -0.0001638366374271837 0.0016010328177362679 -0.00061884116321536046 -0.00013297729041161281
leaf_weight=30 37 23 24 20 1387 21 31 27 54 83 258 24 21 29 26 21 35 41 20
leaf_count=30 37 23 24 20 1387 21 31 27 54 83 258 24 21 29 26 21 35 41 20
internal_value=6.2641e-08 0.00257245 -6.28581e-05 0.000116194 7.67396e-05 -0.000596547 0 -0.000837697 2.65907e-05 -2.16088e-05 -0.00106043 0.00173126 0.000998628 0.000217083 0.000709041 -0.00125055 0.00108647 -0.00100059 8.21638e-06
internal_weight=2212 53 2159 1613 1589 546 154 392 1545 1470 326 44 75 66 92 279 66 62 47
internal_count=2212 53 2159 1613 1589 546 154 392 1545 1470 326 44 75 66 92 279 66 62 47
is_linear=0
shrinkage=0.03


Tree=8
num_leaves=21
num_cat=0
split_feature=21 14 25 25 22 20 23 21 19 10 14 25 21 11 20 21 17 25 17 19
split_gain=0.383707 0.229154 0.217775 0.151256 0.096326 0.0904844 0.0896872 0.0856735 0.0994637 0.0849607 0.0784208 0.0521523 0.0482185 0.0332506 0.0331823 0.0331215 0.0290152 0.0227108 0.0168143 0.00706144
threshold=0.65500000000000014 0.026051496504412405 72.471337420000012 96.093135440000012 237.65450000000001 11.984999655000001 0.075000000000000025 3.9450000000000007 98.39500046000002 0.96954815855939647 0.019459397415860755 74.081100380000009 1.925 1.0373307670909646 14.065000055000001 2.4950000000000006 -0.0040953076746929997 67.255533155000009 0.0020226407826325005 94.494998930000023
decision_type=2 2 2 2 2 2 2 2 2 2 2 2 2 2 2 2 2 2 2 2
left_child=1 -1 5 4 11 13 17 8 -6 19 -5 16 -13 15 -11 -2 -4 -7 -15 -8
right_child=2 -3 3 10 7 6 9 -9 -10 14 -12 12 -14 18 -16 -17 -18 -19 -20 -21
leaf_value=0.0047953481218251199 1.0107322200201447e-05 0.00067731319949962203 -0.00086076512813035939 0.0029505254742689425 5.8909816701655964e-05 -0.00038323842040595733 -0.00028601956910764175 0.0018263086038641631 -0.0006048044053895865 -0.00071475147864154015 0.00059962461244028348 0 0.0015304980977036227 -0.00096734086994547386 -0.0014362159505873287 0.00149297603957355 0.00048985054826004089 0.00069398738136515026 8.4794135944155796e-05 0.00031670336750753715
leaf_weight=22 39 31 20 23 1120 27 35 21 246 120 38 26 76 23 185 24 43 39 21 33
leaf_count=22 39 31 20 23 1120 27 35 21 246 120 38 26 76 23 185 24 43 39 21 33
internal_value=2.28664e-07 0.00249939 -6.08616e-05 0.000112938 5.28552e-05 -0.000579055 -0.00077073 -2.67795e-05 -5.87775e-05 -0.000952272 0.00156771 0.000736471 0.00115317 0.000179426 -0.00116543 0.000636386 7.45869e-06 0.000209385 -0.000407794 0
internal_weight=2212 53 2159 1613 1552 546 439 1387 1366 373 61 165 102 107 305 63 63 66 44 68
internal_count=2212 53 2159 1613 1552 546 439 1387 1366 373 61 165 102 107 305 63 63 66 44 68
is_linear=0
shrinkage=0.03


Tree=9
num_leaves=21
num_cat=0
split_feature=21 14 25 25 21 24 25 20 20 20 10 22 22 20 21 14 24 21 15 19
split_gain=0.362318 0.215758 0.205034 0.146031 0.0954786 0.160647 0.103333 0.101475 0.103044 0.0854864 0.0657596 0.0435714 0.0480398 0.0425478 0.0398213 0.0297956 0.0371893 0.0048067 0.0037816 0.00880799
threshold=0.65500000000000014 0.026051496504412405 72.471337420000012 103.85601890000002 2.3950000000000005 0.87500000000000011 90.636540905000018 33.409999850000005 19.765000345000004 11.984999655000001 0.9618513614914278 262.36600000000004 269.51850000000007 14.065000055000001 3.9450000000000007 0.0082840978759203526 0.31500000000000006 2.4950000000000006 0.018046564899604902 92.935001375000013
decision_type=2 2 2 2 2 2 2 2 2 2 2 2 2 2 2 2 2 2 2 2
left_child=1 -1 9 4 7 6 -6 8 -4 15 18 13 -13 -12 -7 -2 -17 -18 19 -11
right_child=2 -3 3 -5 5 14 -8 -9 -10 10 11 12 -14 -15 -16 16 17 -19 -20 -21
leaf_value=0.0046577425024917586 -0.00076507863093336879 0.00065762876963708545 9.8705116799101232e-05 0.0023012133518026932 -0.00071348627510137966 0.00033404300849811043 0.0010093561670827592 -0.0015545575627022316 0.0007801805378670983 0 -0.00068688109338487034 0 -0.0012777799393695133 -0.0015406164436250023 0.0017740097380751234 -0.00044111073900981307 0.00042942573352004678 0.0012277722239237405 -0.00010426417139491863 0.00076028439753489309
leaf_weight=22 21 31 719 26 368 138 32 26 283 20 126 89 38 126 21 25 33 28 20 20
leaf_count=22 21 31 719 26 368 138 32 26 283 20 126 89 38 126 21 25 33 28 20 20
internal_value=5.77005e-07 0.00242911 -5.87478e-05 0.000109846 7.06287e-05 -0.000241978 -0.000566004 0.000243601 0.000294755 -0.000561584 -0.000747936 -0.000894849 -0.000399613 -0.00113001 0.000552876 0.000175049 0.000445253 0.000858159 0.000130342 0.000320498
internal_weight=2212 53 2159 1613 1587 559 400 1028 1002 546 439 379 127 252 159 107 86 61 60 40
internal_count=2212 53 2159 1613 1587 559 400 1028 1002 546 439 379 127 252 159 107 86 61 60 40
is_linear=0
shrinkage=0.03


Tree=10
num_leaves=21
num_cat=0
split_feature=21 15 25 11 21 22 21 21 25 22 14 10 22 14 25 22 16 15 22 25
split_gain=0.342199 0.204929 0.193478 0.146487 0.123116 0.0932128 0.0804738 0.0777927 0.0744162 0.110527 0.0615806 0.0573202 0.0496734 0.049606 0.0461872 0.0410325 0.0266276 0.00710629 0.00457151 0.00013996
threshold=0.65500000000000014 0.030227335194750054 72.471337420000012 0.89783628847160291 0.72500000000000009 237.65450000000001 3.9450000000000007 2.3950000000000005 69.407504750000015 237.44500000000002 0.020733795333846502 0.96827354480594174 261.47800000000007 0.025888264848002305 91.154699605000019 269.51850000000007 71.679259319595744 0.0093137994580643514 241.88350000000005 70.556429120000018
decision_type=2 2 2 2 2 2 2 2 2 2 2 2 2 2 2 2 2 2 2 2
left_child=1 -1 7 14 10 13 -7 11 9 -9 -5 18 16 -6 -4 -14 -13 -11 -2 -10
right_child=2 -3 3 4 5 6 -8 8 19 17 -12 12 15 -15 -16 -17 -18 -19 -20 -21
leaf_value=0.0039565139090522164 0.00038527880314116676 7.644017064012587e-05 0.00063568713492248216 0.002833231596542256 0.00090716253058801947 -0.0001007048338741012 0.0017232086126565593 0.0013466524530085736 0.00038599422680480141 -0.0016420744540677828 0.00032460050855297591 -0.0013180332109984255 -3.1907595939549578e-05 -0.00056011512782424687 0.0027734767822953665 -0.0012664774472359566 -5.6293827614613859e-06 -0.00071962115551078951 -0.00011098803563283815 0.0010466960469064743
leaf_weight=30 26 23 24 20 139 1345 21 21 20 21 21 190 91 21 22 35 20 55 30 37
leaf_count=30 26 23 24 20 139 1345 21 21 20 21 21 190 91 21 22 35 20 55 30 37
internal_value=6.79047e-07 0.00236086 -5.69369e-05 0.000106793 5.52814e-05 9.19588e-06 -6.92305e-05 -0.000545424 6.98232e-06 -0.000477531 0.00165807 -0.00076954 -0.000918075 0.000693666 0.00175919 -0.000405738 -0.00120788 -0.00103149 6.9507e-05 0.000877247
internal_weight=2212 53 2159 1613 1567 1526 1366 546 154 97 41 392 336 160 46 126 210 76 56 57
internal_count=2212 53 2159 1613 1567 1526 1366 546 154 97 41 392 336 160 46 126 210 76 56 57
is_linear=0
shrinkage=0.03


Tree=11
num_leaves=22
num_cat=0
split_feature=21 14 25 21 24 11 25 19 16 23 24 17 15 21 16 17 21 25 25 19 8
split_gain=0.323003 0.19451 0.182727 0.162725 0.154144 0.10406 0.0986581 0.109615 0.092723 0.0923857 0.299289 0.103235 0.0787377 0.0680418 0.0671771 0.0531905 0.0344952 0.029146 0.0216925 0.0206609 0.0117909
threshold=0.65500000000000014 0.026051496504412405 75.021188360000011 2.4250000000000003 0.87500000000000011 1.0480554977126 90.636540905000018 99.450000760000009 28.012570937780161 0.59500000000000008 -0.105 0.005172747799553401 0.0082985410030097014 2.5750000000000006 63.980382402882022 0.0023613602897321504 3.9450000000000007 73.220524235000013 71.519892205000019 95.084999085000007 1.008220730944301
decision_type=2 2 2 2 2 2 2 2 2 2 2 2 2 2 2 2 2 2 2 2 2
left_child=1 -1 5 8 6 12 7 -5 -4 11 -11 -10 -2 14 -14 18 20 19 -7 -17 -6
right_child=2 -3 3 4 16 15 -8 -9 9 10 -12 -13 13 -15 -16 17 -18 -19 -20 -21 -22
leaf_value=0.0044105508983459159 -0.0016312127294526857 0.00060719434486236428 0.002437990307899391 -0.00041454786478492534 0.00051780650988221164 -0.0010168396034349616 0.00095605938979001189 -0.0017154843838783564 0.00088179698020528945 -0.0033696667730638923 0.00024767575202765948 -0.00039242614166130527 -0.00024630264858396236 0.0015500644668936729 0.0014288219472139395 -0.00050503964929058298 0.0016738622008230196 -0.001432968497800175 -0.0021333970638851701 0.00043515453590745376 -1.612577684766923e-05
leaf_weight=22 32 31 20 259 94 64 32 79 356 21 318 64 561 20 21 65 21 23 38 27 44
leaf_count=22 32 31 20 259 94 64 32 79 356 21 318 64 561 20 21 65 21 23 38 27 44
internal_value=8.84243e-07 0.00229394 -5.50537e-05 0.000165918 -0.000236189 -0.000398009 -0.000575394 -0.000731626 0.000442779 0.000383118 5.51734e-06 0.000680033 -0.00019727 -0.000113494 -0.000178367 -0.00096714 0.000533068 -0.000478789 -0.00147861 -0.000195143 0.000327093
internal_weight=2212 53 2159 1308 529 851 370 338 779 759 339 420 634 602 582 217 159 115 102 92 138
internal_count=2212 53 2159 1308 529 851 370 338 779 759 339 420 634 602 582 217 159 115 102 92 138
is_linear=0
shrinkage=0.03


Tree=12
num_leaves=19
num_cat=0
split_feature=21 14 25 11 21 20 25 21 20 23 10 14 11 20 21 25 17 19
split_gain=0.305124 0.183106 0.175626 0.140365 0.116567 0.117229 0.0981805 0.0943957 0.077345 0.0775888 0.0706883 0.0553111 0.0287351 0.0286966 0.025239 0.0214804 0.0174646 0.00584826
threshold=0.65500000000000014 0.026051496504412405 72.471337420000012 0.88477277166575752 0.72500000000000009 31.125000000000004 89.113755950000012 2.1350000000000002 11.984999655000001 0.075000000000000025 0.96954815855939647 0.020733795333846502 1.0333582088196629 14.065000055000001 2.4950000000000006 67.255533155000009 0.0023613602897321504 94.494998930000023
decision_type=2 2 2 2 2 2 2 2 2 2 2 2 2 2 2 2 2 2
left_child=1 -1 8 -4 11 7 -7 -6 12 15 17 -5 14 -12 -2 -10 -14 -11
right_child=2 -3 3 4 5 6 -8 -9 9 10 13 -13 16 -15 -16 -17 -18 -19
leaf_value=0.0042839871184171541 1.3320636880748407e-05 0.00058954774250742051 0.0023364316253643483 0.0027307285682431287 0.00035665553918978857 -0.00031813806020439847 -0.0029415280206927233 -0.00012642485953045344 -0.00036041723017115148 -0.0002571486313827336 -0.00063864143139948256 0.00041463234454393387 -0.00084986036149267523 -0.0013121717445695052 0.001378178970068693 0.00068451647409237921 0.00018352430152706803 0.00029119033723905242
leaf_weight=22 33 31 24 20 625 42 20 858 27 35 120 24 26 185 24 39 24 33
leaf_count=22 33 31 24 20 625 42 20 858 27 35 120 24 26 185 24 39 24 33
internal_value=8.47859e-07 0.00222958 -5.34819e-05 0.000102439 6.53626e-05 1.95442e-05 -0.00124527 7.52476e-05 -0.000518936 -0.000696381 -0.000865498 0.00157136 0.000181012 -0.00105993 0.000653575 0.000213268 -0.00030114 0
internal_weight=2212 53 2159 1613 1589 1545 62 1483 546 439 373 44 107 305 57 66 50 68
internal_count=2212 53 2159 1613 1589 1545 62 1483 546 439 373 44 107 305 57 66 50 68
is_linear=0
shrinkage=0.03


Tree=13
num_leaves=31
num_cat=0
split_feature=25 25 15 22 11 23 25 23 14 22 11 23 20 23 16 10 25 20 22 25 11 15 20 11 25 8 17 9 13 19
split_gain=0.248439 0.142124 0.134507 0.151919 0.123995 0.296262 0.170489 0.210279 0.156156 0.107191 0.0949781 0.0755715 0.075099 0.0746286 0.0692232 0.0680365 0.0609797 0.0602428 0.0557518 0.0436188 0.0347389 0.0336675 0.0281078 0.0271338 0.0182044 0.0168138 0.0165267 0.0104831 0.00766242 0.00551239
threshold=88.391651305000025 72.471337420000012 0.017926450953582803 288.11750000000001 1.0642152731814332 0.085000000000000006 110.92023415000001 1.6300000000000001 0.017761255399140852 237.65450000000001 0.93687845989500151 0.10500000000000002 11.984999655000001 0.075000000000000025 56.736032554782803 0.96954815855939647 79.678998180000022 19.894999505000005 261.47800000000007 74.403822960000014 1.0235315163130096 0.016783844813863302 14.065000055000001 1.0333582088196629 92.486947695000012 0.99152108031650588 0.0023613602897321504 1.0457003543416052 0.99228176925008393 94.494998930000023
decision_type=2 2 2 2 2 2 2 2 2 2 2 2 2 2 2 2 2 2 2 2 2 2 2 2 2 2 2 2 2 2
left_child=1 12 3 9 6 -6 7 8 -2 20 -5 16 23 21 19 29 18 -11 -4 -13 -3 -14 -17 28 25 -9 -25 -16 -1 -15
right_child=4 2 11 10 5 -7 -8 24 -10 17 -12 14 13 15 27 22 -18 -19 -20 -21 -22 -23 -24 26 -26 -27 -28 -29 -30 -31
leaf_value=0.00012246566934378018 0 0.001381616637506522 7.5984653157536814e-05 -0.0001033464636420831 9.4899932897533285e-05 0.0045443460383953948 0.0025589035885408523 0 -0.0033306636856868864 -0.00022779540085563282 -0.0026000949848975453 -0.00022424954435144387 0.00082695496367829794 -0.00024964846620180957 -0.0010414135933687375 -0.00061964052927046282 0.00259632686864246 0.00044960436287053932 0.0013907487712191561 0.00077386922680129438 0 -0.00048814197173342104 -0.0012825697029024089 -0.00082530883306430446 0.0016149514766543038 0.00091255815332697227 0.00017823880442418156 -3.9018609722995229e-05 0.00098299551989522644 0.0002827115612488021
leaf_weight=27 25 59 62 27 31 25 29 23 22 780 34 50 37 35 34 120 21 136 64 130 21 29 190 26 27 39 24 22 30 33
leaf_count=27 25 59 62 27 31 25 29 23 22 780 34 50 37 35 34 120 21 136 64 130 21 29 190 26 27 39 24 22 30 33
internal_value=9.9131e-07 -0.000103742 5.12244e-05 -0.000121062 0.000954267 0.00217877 0.000509985 3.56969e-05 -0.00154519 -2.82716e-05 -0.00156286 0.000533589 -0.000513529 -0.000686612 0.000183938 -0.000850455 0.00106963 -0.000123569 0.000773116 0.000480332 0.0010139 0.000205672 -0.00103842 0.000176616 0.000911775 0.00053716 -0.000290733 -0.00070784 0.00063624 0
internal_weight=2212 1991 1440 1057 221 56 165 136 47 996 61 383 551 444 236 378 147 916 126 180 80 66 310 107 89 62 50 56 57 68
internal_count=2212 1991 1440 1057 221 56 165 136 47 996 61 383 551 444 236 378 147 916 126 180 80 66 310 107 89 62 50 56 57 68
is_linear=0
shrinkage=0.03


Tree=14
num_leaves=10
num_cat=0
split_feature=21 15 11 24 20 15 17 15 20
split_gain=0.276626 0.171065 0.146687 0.0921524 0.0861375 0.0756599 0.0694351 0.0529946 0.034669
threshold=0.65500000000000014 0.030227335194750054 0.90068827491872605 -1.075 36.635000225000006 0.0084785403192293007 0.0047097448951075012 0.016746262264220053 16.085000035000004
decision_type=2 2 2 2 2 2 2 2 2
left_child=1 -1 7 -4 5 8 -7 -2 -5
right_child=2 -3 3 4 -6 6 -8 -9 -10
leaf_value=0.0035804136331163104 0.00032931685340590775 2.7787452097982162e-05 -0.0017215592695940885 -0.00094700333924923566 -0.0018581010678899472 9.508442631770702e-05 -0.00035855044719657438 0.002259959616581909 0.00011283220991402142
leaf_weight=30 29 23 30 114 23 1524 378 31 30
leaf_count=30 29 23 30 114 23 1524 378 31 30
internal_value=1.1752e-06 0.00212333 -5.04903e-05 -9.3932e-05 -6.80623e-05 -4.55762e-05 3.21237e-06 0.00139669 -0.000706259
internal_weight=2212 53 2159 2099 2069 2046 1902 60 144
internal_count=2212 53 2159 2099 2069 2046 1902 60 144
is_linear=0
shrinkage=0.03


Tree=15
num_leaves=26
num_cat=0
split_feature=21 15 25 21 24 10 25 25 20 19 17 19 21 15 21 8 25 16 25 19 9 16 9 8 11
split_gain=0.261182 0.160876 0.155511 0.145143 0.152997 0.0937171 0.0925416 0.0883252 0.111754 0.0867802 0.0739038 0.0610714 0.0505421 0.143566 0.0849636 0.0481276 0.0421009 0.0334273 0.0326084 0.0323298 0.0168201 0.0163814 0.00882055 0.00810832 0.00278377
threshold=0.65500000000000014 0.030227335194750054 75.087957445000015 2.4950000000000006 0.87500000000000011 0.97649019028947126 90.636540905000018 103.85601890000002 33.409999850000005 99.67499924000002 0.0010093411219678002 97.42499924000002 1.7850000000000004 0.013332590736725302 2.3150000000000004 1.0129537670354016 74.081100380000009 52.720233098282357 85.052119075000022 97.405002595000013 0.9640485890596201 49.779528418542363 0.99752206340115301 0.98626953463492162 1.0008538421557029
decision_type=2 2 2 2 2 2 2 2 2 2 2 2 2 2 2 2 2 2 2 2 2 2 2 2 2
left_child=1 -1 5 7 6 16 9 8 11 -5 15 -4 13 -12 -14 21 19 -17 22 20 -2 -7 -6 -21 -20
right_child=2 -3 3 4 18 10 -8 -9 -10 -11 12 -13 14 -15 -16 17 -18 -19 24 23 -22 -23 -24 -25 -26
leaf_value=0.0034764661314867196 0.00018928678439863555 2.6988558936864132e-05 0.00061569250987731196 -0.00045362359851839002 0.00065559291802822948 -0.00077181515667813143 0.00087492531581400811 0.0021192469827882531 -0.0015658656975361875 -0.0016456651393136081 0.0023403536985101901 3.4946902404044522e-05 -0.00094005477809547429 -0.00023560068731134649 0.00018231061322342913 0.00083691268573914254 0.0010074543788928696 -0.00083599882519973278 0.00062317192244393347 0 -0.00053856218663264025 -0.0014375663687997448 0 0.0008502130418029778 0.0013876511096342224
leaf_weight=30 34 23 483 234 21 96 32 26 25 77 22 263 165 120 89 20 42 21 34 21 88 109 74 33 30
leaf_count=30 34 23 483 234 21 96 32 26 25 77 22 263 165 120 89 20 42 21 34 21 88 109 74 33 30
internal_value=1.20122e-06 0.0020633 -4.89629e-05 0.000156565 -0.000238955 -0.000362711 -0.000599101 0.000409434 0.000345218 -0.000762703 -0.00054609 0.000415289 -0.000280405 0.000156087 -0.000535848 -0.000958766 0.000163662 0 0.000518104 -2.53028e-05 -0.000311439 -0.00114562 0.000125713 0.000560516 0.00104351
internal_weight=2212 53 2159 1299 502 860 343 797 771 311 642 746 396 142 254 246 218 41 159 176 122 205 95 54 64
internal_count=2212 53 2159 1299 502 860 343 797 771 311 642 746 396 142 254 246 218 41 159 176 122 205 95 54 64
is_linear=0
shrinkage=0.03


Tree=16
num_leaves=26
num_cat=0
split_feature=21 14 25 21 24 11 23 11 25 20 25 20 11 20 23 17 17 21 25 25 21 14 23 8 3
split_gain=0.246557 0.153222 0.146341 0.136457 0.144339 0.0901902 0.102832 0.0900786 0.083264 0.105426 0.0549579 0.0998123 0.085668 0.0738863 0.0662833 0.0464589 0.0462922 0.0318099 0.0294742 0.0215278 0.0173349 0.0166446 0.015506 0.0108899 0.00941606
threshold=0.65500000000000014 0.026051496504412405 75.087957445000015 2.4950000000000006 0.87500000000000011 0.91940356464524808 1.3550000000000002 1.0480554977126 103.85601890000002 33.409999850000005 72.005104945000014 19.300000195000006 0.95984152701059056 11.984999655000001 0.075000000000000025 0.0046394807196352512 0.0023613602897321504 3.9450000000000007 73.220524235000013 71.519892205000019 2.4950000000000006 0.014130970595665352 0.37500000000000006 1.008220730944301 -0.0026737454297654493
decision_type=2 2 2 2 2 2 2 2 2 2 2 2 2 2 2 2 2 2 2 2 2 2 2 2 2
left_child=1 -1 7 8 5 21 -7 10 9 15 13 12 -12 20 -15 -4 19 23 22 24 -2 -5 -18 -6 -9
right_child=2 -3 3 4 17 6 -8 16 -10 -11 11 -13 -14 14 -16 -17 18 -19 -20 -21 -22 -23 -24 -25 -26
leaf_value=0.003884513081658793 3.4202710660391037e-06 0.00049771671803318894 0.00050395319032769622 0 0.00048898298435378815 -0.002076319047393515 -0.00050901451442371393 -0.00022715141251683233 0.0020580243304785754 -0.0015206965254888367 0.00071481835415276385 0.0015734454060071393 -0.00047176668032546565 0.00033555358719080687 -0.0008286731749155311 -0.00013580947427544742 -0.00038179364501216619 0.0015996011325094678 -0.0013559157953783867 -0.0020008221827268313 0.0010679916474395073 0.0012992090220962252 0.00048498975347889501 -2.3234002218426514e-05 -0.0012016530877777508
leaf_weight=22 42 31 633 20 94 46 257 23 26 25 80 37 165 49 244 113 70 21 24 38 25 20 22 44 41
leaf_count=22 42 31 633 20 94 46 257 23 26 25 80 37 165 49 244 113 70 21 24 38 25 20 22 44 41
internal_value=1.45479e-06 0.00200501 -4.7246e-05 0.000152082 -0.000231304 -0.000581235 -0.000762871 -0.000351635 0.000397309 0.000334826 -0.000166337 0.000139145 -7.07845e-05 -0.000413663 -0.00062329 0.000402977 -0.000880382 0.000503744 -0.000426072 -0.00135877 0.00045463 0.000706533 -0.000139275 0.000305092 -0.000906478
internal_weight=2212 53 2159 1299 502 343 303 860 797 771 642 282 245 360 293 746 218 159 116 102 67 40 92 138 64
internal_count=2212 53 2159 1299 502 343 303 860 797 771 642 282 245 360 293 746 218 159 116 102 67 40 92 138 64
is_linear=0
shrinkage=0.03


Tree=17
num_leaves=19
num_cat=0
split_feature=21 15 25 25 22 14 22 22 24 23 25 15 10 21 25 15 21 14
split_gain=0.23294 0.144695 0.14142 0.11228 0.0694946 0.0690132 0.0657889 0.126121 0.0584482 0.0723205 0.0462627 0.0521793 0.0427303 0.0418494 0.0393493 0.0306537 0.0279508 0.0306543
threshold=0.65500000000000014 0.030227335194750054 96.093135440000012 72.005104945000014 237.65450000000001 0.019459397415860755 238.03350000000003 244.08450000000002 0.39500000000000007 0.075000000000000025 74.164098370000019 0.022544841048586953 0.97168088831400234 1.925 74.473537685000011 0.016783844813863302 2.3950000000000005 0.0082840978759203526
decision_type=2 2 2 2 2 2 2 2 2 2 2 2 2 2 2 2 2 2
left_child=1 -1 3 8 10 -4 14 -8 9 15 11 -5 -11 -12 -6 -2 -10 -18
right_child=2 -3 5 4 6 -7 7 -9 16 12 13 -13 -14 -15 -16 -17 17 -19
leaf_value=0.0032889805865744426 0.00079399742996075033 1.1903263046406201e-05 0.0026554433763958515 0.00055595646877773096 -0.0014151886776882282 0.00045636029912230489 0.000828547937686664 -8.468332829535061e-05 -0.00068738441784385476 0 0 -0.0010947537320852279 -0.00099054396343222027 0.0013658559054586618 -0.00017232625628624238 -0.00045880385826458227 -0.00060724393012268204 0.00064159143831580873
leaf_weight=30 37 23 23 54 46 38 153 1159 30 41 25 24 273 75 58 29 20 74
leaf_count=30 37 23 23 54 46 38 153 1159 30 41 25 24 273 75 58 29 20 74
internal_value=1.48521e-06 0.00194896 -4.58136e-05 -8.88452e-05 3.28769e-05 0.00136337 -3.55098e-05 2.0079e-05 -0.000479059 -0.000663997 0.000590816 2.64256e-06 -0.000855209 0.00101532 -0.000758868 0.000200116 6.44665e-05 0.000340708
internal_weight=2212 53 2159 2098 1594 61 1416 1312 504 380 178 78 314 100 104 66 124 94
internal_count=2212 53 2159 2098 1594 61 1416 1312 504 380 178 78 314 100 104 66 124 94
is_linear=0
shrinkage=0.03


Tree=18
num_leaves=18
num_cat=0
split_feature=21 14 25 25 22 15 17 19 14 20 10 14 22 14 24 21 15
split_gain=0.21996 0.138068 0.133647 0.106115 0.0703151 0.071338 0.0821448 0.0693119 0.0648648 0.0634602 0.0455429 0.0415382 0.0327912 0.021771 0.0272852 0.0215112 0.00350994
threshold=0.65500000000000014 0.026051496504412405 96.093135440000012 72.471337420000012 237.65450000000001 0.025210046938541453 0.0023613602897321504 98.39500046000002 0.019459397415860755 11.984999655000001 0.9618513614914278 0.025888264848002305 261.47800000000007 0.0082840978759203526 0.31500000000000006 1.925 0.018046564899604902
decision_type=2 2 2 2 2 2 2 2 2 2 2 2 2 2 2 2 2
left_child=1 -1 3 9 11 7 -7 -6 -4 13 16 15 -12 -2 -15 -5 -11
right_child=2 -3 8 4 5 6 -8 -9 -10 10 12 -13 -14 14 -16 -17 -18
leaf_value=0.0036786649191104196 -0.00060545925645750349 0.00045832779936608859 0.002579099437687546 0 1.3685133000509999e-05 0.0013876306988365415 -0.00055899779788719922 -0.00055027315334451536 0.00044302053577624837 0.00030263466906461228 -0.00094116108693693371 -0.00052126559462736962 -0.00031201306111368246 -0.00032605306460419138 0.00077336317000369862 0.0010007677779841722 -0.00010743224940129688
leaf_weight=22 21 31 23 30 1063 62 25 237 38 40 246 21 133 25 61 114 20
leaf_count=22 21 31 23 30 1063 62 25 237 38 40 246 21 133 25 61 114 20
internal_value=1.51994e-06 0.001894 -4.44038e-05 -8.62736e-05 3.8561e-05 -2.91911e-05 0.000794168 -8.71668e-05 0.00132542 -0.000446021 -0.000607101 0.000622906 -0.000729675 0.000186584 0.000419208 0.000812899 0.000117245
internal_weight=2212 53 2159 2098 1552 1387 87 1300 61 546 439 165 379 107 86 144 60
internal_count=2212 53 2159 2098 1552 1387 87 1300 61 546 439 165 379 107 86 144 60
is_linear=0
shrinkage=0.03


Tree=19
num_leaves=26
num_cat=0
split_feature=21 15 25 21 24 16 14 14 10 25 22 23 17 21 15 21 25 22 25 19 9 15 9 9 14
split_gain=0.207819 0.130111 0.128692 0.122636 0.126519 0.0814691 0.0817186 0.0935921 0.0786445 0.0773691 0.0898172 0.0721146 0.0660478 0.0464986 0.130887 0.0765808 0.0358138 0.0341854 0.0298558 0.0282183 0.0139982 0.0101588 0.00822071 0.00647864 0.000991259
threshold=0.65500000000000014 0.030227335194750054 75.087957445000015 2.4250000000000003 0.87500000000000011 28.012570937780161 0.028269643733057653 0.033072731930138606 0.97649019028947126 90.636540905000018 294.93500000000006 0.59500000000000008 0.0010093411219678002 1.7850000000000004 0.013332590736725302 2.3550000000000004 74.081100380000009 237.44500000000002 85.052119075000022 97.485000610000014 0.9640485890596201 0.027221942289228352 0.99632364442988675 0.97004234858956406 0.021046935198918253
decision_type=2 2 2 2 2 2 2 2 2 2 2 2 2 2 2 2 2 2 2 2 2 2 2 2 2
left_child=1 -1 8 5 9 -4 11 -8 16 10 -5 -7 17 14 -14 -15 19 -10 22 20 -2 -19 -6 -21 -20
right_child=2 -3 3 4 18 6 7 -9 12 -11 -12 -13 13 15 -16 -17 -18 21 24 23 -22 -23 -24 -25 -26
leaf_value=0.0031116258904428009 0.00016671369611535086 0 0.0022557646456573691 -0.00046767771912034639 0.00064281151052896998 0.00069777761088254747 -0.0020461619610173832 0.00038871196426286289 0 0.00083987992635758762 -0.0020938826407461116 7.3937140906831403e-05 0.0022581952159576439 -0.00082478214284388486 -0.00019945521604111956 0.00029692523310281892 0.00093108347742709989 -0.0011119843020691582 0.0006693626618092289 7.0140542662037257e-05 -0.00049123736503145965 -0.00035181691137735137 0 0.00088335387574301827 0.0013694078977173193
leaf_weight=30 34 23 20 303 20 380 26 26 29 32 35 318 22 181 120 73 42 185 40 27 89 32 75 26 24
leaf_count=30 34 23 20 303 20 380 26 26 29 32 35 318 22 181 120 73 42 185 40 27 89 32 75 26 24
internal_value=1.60308e-06 0.00184114 -4.29972e-05 0.000143831 -0.000203923 0.000386588 0.000329811 -0.000787758 -0.000328518 -0.000511692 -0.000650601 0.000418368 -0.000496623 -0.000245172 0.000173457 -0.000490737 0.000152852 -0.00088662 0.000492241 -2.01237e-05 -0.000285293 -0.00101578 0.000115411 0.000533602 0.000995063
internal_weight=2212 53 2159 1299 529 770 750 52 860 370 338 698 642 396 142 254 218 246 159 176 123 217 95 53 64
internal_count=2212 53 2159 1299 529 770 750 52 860 370 338 698 642 396 142 254 218 246 159 176 123 217 95 53 64
is_linear=0
shrinkage=0.03


Tree=20
num_leaves=19
num_cat=0
split_feature=21 14 25 25 15 22 21 19 14 19 10 14 20 23 10 15 14 24
split_gain=0.196188 0.124397 0.123295 0.0947432 0.062321 0.166746 0.115744 0.0928153 0.0854602 0.068736 0.0605637 0.0603522 0.058142 0.0638234 0.0437421 0.0281131 0.0193534 0.0237649
threshold=0.65500000000000014 0.026051496504412405 96.093135440000012 72.005104945000014 0.016024414335123954 259.18850000000003 1.7250000000000003 92.014999390000014 0.025888264848002305 89.805000305000007 0.95879975918147509 0.019459397415860755 11.984999655000001 0.075000000000000025 0.96954815855939647 0.016238771574553553 0.0082840978759203526 0.31500000000000006
decision_type=2 2 2 2 2 2 2 2 2 2 2 2 2 2 2 2 2 2
left_child=1 -1 3 12 5 6 -5 9 -9 -6 -7 -4 16 15 -15 -14 -2 -18
right_child=2 -3 11 4 7 10 -8 8 -10 -11 -12 -13 13 14 -16 -17 17 -19
leaf_value=0.0034838131457800045 -0.00057794878981076183 0.00042167045344831424 0.0024841786520555615 0.0014835327698383479 0 0 -2.9342863850392414e-05 0.00031937447710181545 -0.00070212760141833536 0.0019127290618233383 -0.0013826656661086807 0.0004201201989378135 0.00087873449179460292 0 -0.00093311924368793663 -0.00031109973922139038 -0.00029570803501365641 0.00073096550458576529
leaf_weight=22 21 31 23 47 23 42 830 404 88 49 111 38 31 57 276 35 25 59
leaf_count=22 21 31 23 47 23 42 830 404 88 49 111 38 31 57 276 35 25 59
internal_value=1.9353e-06 0.00178928 -4.13603e-05 -8.16309e-05 3.00388e-05 -0.000106648 4.99153e-05 0.000284719 0.000129528 0.00128779 -0.00101805 0.00127427 -0.000440109 -0.000606775 -0.000777335 0.00020776 0.000164666 0.00039023
internal_weight=2212 53 2159 2098 1594 1030 877 564 492 72 153 61 504 399 333 66 105 84
internal_count=2212 53 2159 2098 1594 1030 877 564 492 72 153 61 504 399 333 66 105 84
is_linear=0
shrinkage=0.03


Tree=21
num_leaves=19
num_cat=0
split_feature=21 11 14 25 21 24 14 23 11 15 24 16 23 25 10 25 21 19
split_gain=0.185386 0.123968 0.117042 0.0965267 0.111802 0.153187 0.134177 0.0747552 0.073564 0.0621568 0.0554904 0.0549721 0.0541281 0.0415317 0.037994 0.0555181 0.0281597 0.0188894
threshold=0.65500000000000014 0.89783628847160291 0.026051496504412405 75.087957445000015 2.4950000000000006 0.87500000000000011 0.028269643733057653 1.3550000000000002 1.0480554977126 0.0084785403192293007 -0.78499999999999992 63.980382402882022 0.9750000000000002 91.154699605000019 1.0344630261573844 71.519892205000019 3.9450000000000007 95.295001985000013
decision_type=2 2 2 2 2 2 2 2 2 2 2 2 2 2 2 2 2 2
left_child=2 13 -1 8 6 7 12 -6 9 -3 -8 -11 -5 -2 15 -10 -7 -16
right_child=1 3 -4 4 5 16 10 -9 14 11 -12 -13 -14 -15 17 -17 -18 -19
leaf_value=0.0033838428088423349 0.00049280856151599436 -0.0013033469129120929 0.00040941564935201313 0.00064926076027848353 -0.0016772142466327006 0.00029112066570909149 -9.8124660468032653e-05 -0.00042499591781646568 -0.00060181090091249308 -0.00013400286655156185 -0.002417140313823308 0.0013553280724698433 0.00012127820976050759 0.0024010756477389644 -0.00058309770377153256 -0.0021246590103681491 0.0015134246414738959 0.00030047553748590867
leaf_weight=22 29 39 31 395 54 138 22 267 65 569 20 22 343 22 90 40 21 23
leaf_count=22 29 39 31 395 54 138 22 267 65 569 20 22 343 22 90 40 21 23
internal_value=1.96126e-06 -4.00877e-05 0.00173944 -7.70974e-05 8.75698e-05 -0.000268991 0.000310896 -0.000649521 -0.000325117 -0.000154268 -0.00130272 -7.12991e-05 0.000408426 0.00140402 -0.000802196 -0.00122482 0.000479757 -0.000375881
internal_weight=2212 2159 53 2108 1260 480 780 321 848 630 42 591 738 51 218 105 159 113
internal_count=2212 2159 53 2108 1260 480 780 321 848 630 42 591 738 51 218 105 159 113
is_linear=0
shrinkage=0.03


Tree=22
num_leaves=16
num_cat=0
split_feature=21 11 15 25 20 21 23 11 25 15 16 14 17 25 25
split_gain=0.1752 0.117852 0.111872 0.0896092 0.106267 0.129048 0.135446 0.0673589 0.0621372 0.0578175 0.05213 0.0462268 0.0393178 0.0268372 0.0207488
threshold=0.65500000000000014 0.90068827491872605 0.030227335194750054 75.021188360000011 36.635000225000006 2.4950000000000006 1.3550000000000002 1.0480554977126 97.433108740000009 0.0086173223279225018 63.980382402882022 0.019459397415860755 0.0023613602897321504 73.220524235000013 71.519892205000019
decision_type=2 2 2 2 2 2 2 2 2 2 2 2 2 2 2
left_child=2 11 -1 7 5 8 -7 9 -5 -3 -11 -2 14 -14 -9
right_child=1 3 -4 4 -6 6 -8 12 -10 10 -12 -13 13 -15 -16
leaf_value=0.0028686394752153463 0.00025789367533288898 -0.0012613348064012824 0 0.00030777452729303299 -0.0019336247819921242 -0.0016828270466584297 -7.6631735870624966e-05 -0.00077887977545570497 0.0018900574276340194 -0.00013404422441332087 0.0013164360838152629 0.0020628352602361701 -8.4116769526454229e-05 -0.0012583630876615642 -0.0018367688322726348
leaf_weight=30 29 39 23 743 22 53 422 64 23 558 22 31 92 23 38
leaf_count=30 29 39 23 743 22 53 422 64 23 558 22 31 92 23 38
internal_value=1.92349e-06 -3.89162e-05 0.00169103 -7.80031e-05 7.95762e-05 0.000119209 -0.000265311 -0.000319463 0.000361598 -0.000153397 -7.16914e-05 0.00125816 -0.000776536 -0.000353651 -0.00121613
internal_weight=2212 2159 53 2099 1263 1241 475 836 766 619 580 60 217 115 102
internal_count=2212 2159 53 2099 1263 1241 475 836 766 619 580 60 217 115 102
is_linear=0
shrinkage=0.03


Tree=23
num_leaves=15
num_cat=0
split_feature=21 25 14 25 24 23 24 19 20 23 13 15 14 24
split_gain=0.165453 0.110002 0.10543 0.0883866 0.0554011 0.0731589 0.31841 0.0598335 0.0544966 0.0595674 0.035744 0.0265204 0.0177894 0.0219919
threshold=0.65500000000000014 103.85601890000002 0.026051496504412405 72.005104945000014 -1.075 0.115 -0.034999999999999996 92.014999390000014 11.984999655000001 0.075000000000000025 0.96696473416112605 0.016783844813863302 0.0082840978759203526 0.31500000000000006
decision_type=2 2 2 2 2 2 2 2 2 2 2 2 2 2
left_child=2 3 -1 8 -5 7 -7 -6 12 11 -11 -10 -2 -14
right_child=1 -3 -4 4 5 6 -8 -9 9 10 -12 -13 13 -15
leaf_value=0.0032044237135585556 -0.00053295348011041905 0.0018613715641614462 0.00037600223223853391 -0.0014826792326888866 0.001285527960852381 -0.0019073203871882364 8.1480068845116009e-05 0.00024598768477563651 0.00076621670801403901 3.3983459560947331e-05 -0.00085246634548197372 -0.00039269284866750242 -0.00026435799432846787 0.00071843338862454388
leaf_weight=22 21 26 31 20 65 76 1210 258 37 40 293 29 25 59
leaf_count=22 21 26 31 20 65 76 1210 258 37 40 293 29 25 59
internal_value=1.73083e-06 -3.79183e-05 0.00164322 -6.33367e-05 4.24712e-05 6.42015e-05 -3.51137e-05 0.000467764 -0.000410671 -0.000572241 -0.000737221 0.000213962 0.000174601 0.000390973
internal_weight=2212 2159 53 2133 1629 1609 1286 323 504 399 333 66 105 84
internal_count=2212 2159 53 2133 1629 1609 1286 323 504 399 333 66 105 84
is_linear=0
shrinkage=0.03


Tree=24
num_leaves=19
num_cat=0
split_feature=21 11 14 25 21 24 14 19 19 24 11 11 21 17 25 20 19 23
split_gain=0.156361 0.111122 0.0991723 0.095001 0.112258 0.160158 0.111898 0.0868979 0.0630136 0.0566125 0.0404842 0.0394374 0.0878319 0.0394935 0.0306209 0.0196836 0.0155937 0.000855198
threshold=0.65500000000000014 0.92250256515392692 0.026051496504412405 75.56120159000001 2.4950000000000006 0.87500000000000011 0.028269643733057653 99.67499924000002 97.454998015000015 -1.075 0.88477277166575752 1.0480554977126 1.155 0.0019881496325204005 85.052119075000022 26.619999885000002 92.935001375000013 0.90500000000000014
decision_type=2 2 2 2 2 2 2 2 2 2 2 2 2 2 2 2 2 2
left_child=2 10 -1 9 6 7 8 -6 -5 -3 -2 12 -11 -13 -7 16 -12 -18
right_child=1 3 -4 4 5 14 -8 -9 -10 11 15 13 -14 -15 -16 -17 17 -19
leaf_value=0.0031124707957699326 0.0018438815036141828 -0.0016843410650534288 0.00036507463113230186 0.00064876229015761917 -0.00039534921177647355 0.00010138917418044002 -0.0012599899351283768 -0.0016494395257973605 2.3982864481010358e-05 0.0016451031430421961 0 -0.0011223827336387172 -0.00023216412006949046 -0.00025015643985330099 0.00099399156305298667 -0.00016233767962290179 0.00064506444116650176 0.0012923017528070056
leaf_weight=22 26 27 31 406 232 95 36 67 242 22 24 91 608 120 63 26 52 22
leaf_count=22 26 27 31 406 232 95 36 67 242 22 24 91 608 120 63 26 52 22
internal_value=1.80282e-06 -3.67035e-05 0.00159758 -9.69728e-05 8.0845e-05 -0.000279322 0.000325919 -0.000690928 0.000420453 -0.000333993 0.000745932 -0.000285129 -0.000159351 -0.000644001 0.000480181 0.000478807 0.000679131 0.000892151
internal_weight=2212 2159 53 2009 1141 457 684 299 648 868 150 841 630 211 158 124 98 74
internal_count=2212 2159 53 2009 1141 457 684 299 648 868 150 841 630 211 158 124 98 74
is_linear=0
shrinkage=0.03


Tree=25
num_leaves=19
num_cat=0
split_feature=21 11 15 25 21 24 14 19 19 24 15 21 20 11 25 8 19 19
split_gain=0.14778 0.104938 0.0962429 0.0899193 0.108744 0.149594 0.108719 0.0827622 0.066529 0.053901 0.0457737 0.0511848 0.0380829 0.0380414 0.0287485 0.0187567 0.00866844 0.00488305
threshold=0.65500000000000014 0.92250256515392692 0.030227335194750054 75.78794194000001 2.4950000000000006 0.87500000000000011 0.026051496504412405 99.67499924000002 97.454998015000015 -1.075 0.0084785403192293007 2.5750000000000006 27.954999920000002 0.88477277166575752 85.052119075000022 0.98626953463492162 96.685001375000013 94.244998930000023
decision_type=2 2 2 2 2 2 2 2 2 2 2 2 2 2 2 2 2 2
left_child=2 13 -1 9 6 7 8 -6 -5 -3 -11 -12 -8 -2 -7 16 -15 -17
right_child=1 3 -4 4 5 14 12 -9 -10 10 11 -13 -14 15 -16 17 -18 -19
leaf_value=0.0026451302830640582 0.0017906137776768042 -0.0016356155412005525 0 0.0007044238422924654 -0.00037594604403188734 9.8379186390047834e-05 -0.00020149030099855735 -0.0016006840353639904 3.7544016009728934e-05 -0.0010835185325006021 -0.00025511276667885408 0.0010328306959709152 -0.0019449042187500575 0.00036895123382352972 0.00096463773438517806 0.00017740525087823957 -0.00036384507782757285 0.00098598964888678507
leaf_weight=30 26 27 23 370 231 95 35 67 227 59 788 27 20 32 63 20 24 48
leaf_count=30 26 27 23 370 231 95 35 67 227 59 788 27 20 32 63 20 24 48
internal_value=1.84686e-06 -3.55502e-05 0.00155325 -9.41558e-05 8.46888e-05 -0.000266706 0.000335076 -0.000665773 0.000456357 -0.000317265 -0.000271287 -0.000207555 -0.00091244 0.000724933 0.000466549 0.000464946 1.39059e-06 0.000797667
internal_weight=2212 2159 53 2009 1108 456 652 298 597 901 874 815 55 150 158 124 56 68
internal_count=2212 2159 53 2009 1108 456 652 298 597 901 874 815 55 150 158 124 56 68
is_linear=0
shrinkage=0.03


Tree=26
num_leaves=31
num_cat=0
split_feature=25 24 24 25 10 25 21 24 19 19 25 17 24 21 22 14 25 21 25 8 22 19 8 25 19 19 24 17 7 21
split_gain=0.139507 0.30705 0.158868 0.224208 0.0826985 0.0841029 0.0777196 0.10809 0.072999 0.0608695 0.0615734 0.0566264 0.0549968 0.116548 0.0470995 0.043587 0.0389658 0.0338404 0.0510917 0.0314671 0.0313004 0.0231211 0.0229925 0.0225481 0.0200525 0.0190045 0.0154872 0.0140401 0.0125194 0.00930024
threshold=88.391651305000025 -0.6349999999999999 -0.044999999999999991 96.093135440000012 0.97168088831400234 75.78794194000001 2.3950000000000005 0.87500000000000011 99.67499924000002 96.39500046000002 80.140827835000024 0.0010093411219678002 -1.0049999999999997 1.7850000000000004 237.44500000000002 0.022085679172704455 92.810981765000022 2.7650000000000001 74.081100380000009 1.0129537670354016 256.23300000000006 96.084999085000007 0.98907148383842469 85.052119075000022 92.014999390000014 97.485000610000014 -0.93499999999999994 0.0021982075554668507 0.006155305337489151 1.9850000000000001
decision_type=2 2 2 2 2 2 2 2 2 2 2 2 2 2 2 2 2 2 2 2 2 2 2 2 2 2 2 2 2 2
left_child=4 -2 3 -3 17 11 9 8 -8 10 -7 14 24 -14 -6 -5 22 18 25 -16 -11 26 -4 -9 -13 29 -20 -24 -23 -1
right_child=1 2 16 15 5 6 7 23 -10 20 -12 12 13 -15 19 -17 -18 -19 21 -21 -22 28 27 -25 -26 -27 -28 -29 -30 -31
leaf_value=0 0.0041819598507136096 -0.0030223720472026612 -2.1592874768311555e-05 0.0012438474897967858 0.00020364044549642132 0.00047275553192219135 -0.00035568106771295671 9.5458554828383059e-05 -0.0016767199639289173 0.00042766457385614339 0.0020602430691942573 -0.00021254079355500065 0.00082854315728378848 -0.00035024997691895498 -0.00097837047361354042 -0.00030334139734859001 0.0020880904720839239 -0.00037118438505325994 0.0002334283218305144 -2.1578878596691109e-06 -0.00031176548975645342 -0.00011062513301149009 0.0013293256920629314 0.00092308646593900281 -0.0015056789613994103 0.00047038590897093805 0.0012497371616357539 0.00022230456812074407 0.00057455597269581628 -0.00052747689504587252
leaf_weight=49 20 24 22 26 39 162 234 95 47 85 27 25 101 287 239 36 28 52 26 41 127 29 41 50 34 50 83 24 59 50
leaf_count=49 20 24 22 26 39 162 234 95 47 85 27 25 101 287 239 36 28 52 26 41 127 29 41 50 34 50 83 24 59 50
internal_value=1.87579e-06 0.000716529 0.000337863 -0.000611483 -7.62642e-05 -0.000174119 3.23586e-05 -0.000245495 -0.000592438 0.000334873 0.000724979 -0.000400703 -0.000173182 -3.4346e-05 -0.000708606 0.000307306 0.00107282 0.000307339 0.000418735 -0.000846618 -5.95443e-07 0.000734521 0.000691962 0.000405763 -0.00102041 0 0.00103891 0.000975595 0.000316344 -0.000241239
internal_weight=2212 221 201 86 1991 1593 827 426 281 401 189 766 447 388 319 62 115 398 346 280 212 197 87 145 59 149 109 65 88 99
internal_count=2212 221 201 86 1991 1593 827 426 281 401 189 766 447 388 319 62 115 398 346 280 212 197 87 145 59 149 109 65 88 99
is_linear=0
shrinkage=0.03


Tree=27
num_leaves=15
num_cat=0
split_feature=25 21 25 20 25 15 15 21 25 22 15 15 20 20
split_gain=0.135367 0.111905 0.0737216 0.073171 0.0805384 0.0768761 0.0699587 0.0530367 0.0496798 0.0829277 0.044123 0.0427391 0.0339464 0.0156626
threshold=110.92023415000001 0.65500000000000014 72.471337420000012 36.635000225000006 92.486947695000012 0.018527905119770403 0.016024414335123954 2.3950000000000005 69.407504750000015 237.44500000000002 0.025210046938541453 0.012145714879307701 24.614999770000004 13.335000035000002
decision_type=2 2 2 2 2 2 2 2 2 2 2 2 2 2
left_child=1 10 7 4 6 -6 -4 11 9 -9 -1 13 -13 -3
right_child=-2 2 3 -5 5 -7 -8 8 -10 -11 -12 12 -14 -15
leaf_value=0.0025168919810759165 0.0020047110147774216 -0.00061453972153953818 -0.00011753427921486307 -0.0015925605389638803 0.0019547123969532549 -2.2937752173415245e-05 0.00031360265524121243 0.0012863139324736867 0.00080818058018460222 -0.00077769888351616968 0.00031934858745496185 -0.00025771846299964333 -0.0013121429515991951 -0.0017126174076787521
leaf_weight=20 29 37 1000 23 38 27 509 21 57 76 20 287 32 36
leaf_count=20 29 37 1000 23 38 27 509 21 57 76 20 287 32 36
internal_value=1.99077e-06 -2.41464e-05 -5.51757e-05 4.60924e-05 7.29378e-05 0.00109987 2.60169e-05 -0.000356403 9.86488e-05 -0.000291673 0.00152588 -0.000542603 -0.000376636 -0.00121242
internal_weight=2212 2183 2143 1597 1574 65 1509 546 154 97 40 392 319 73
internal_count=2212 2183 2143 1597 1574 65 1509 546 154 97 40 392 319 73
is_linear=0
shrinkage=0.03


Tree=28
num_leaves=16
num_cat=0
split_feature=25 21 25 22 21 23 24 22 21 23 21 22 21 11 14
split_gain=0.127631 0.106055 0.0708192 0.0921738 0.0783805 0.0745622 0.0655749 0.0501891 0.035308 0.0645696 0.0345482 0.0607837 0.0393445 0.0209551 0.0118842
threshold=110.92023415000001 0.64500000000000013 74.164098370000019 245.80900000000003 0.69500000000000006 2.0850000000000004 0.35500000000000004 237.65450000000001 2.5050000000000003 0.095000000000000015 1.7850000000000004 240.38350000000003 2.3250000000000006 1.0314758260633374 0.013331611790840201
decision_type=2 2 2 2 2 2 2 2 2 2 2 2 2 2 2
left_child=1 -1 8 6 -5 -6 13 -8 10 -10 11 -3 -12 -4 -11
right_child=-2 2 3 4 5 -7 7 -9 9 14 12 -13 -14 -15 -16
leaf_value=0.0016120703098763309 0.0019465743839740752 0.00091558416138219016 0.0018220765769614703 0.0013555622993598635 -0.00027126810305273992 0.0002720504221117953 0.0008736593094350113 0 -0.00066739513047286893 0.0016598051754491668 -0.0008152786260955373 -0.00029327273180003595 -0.00013856761118065459 0.00038237864148270875 0.0003943292042531539
leaf_weight=34 29 42 41 33 743 322 87 167 31 20 220 262 138 20 23
leaf_count=34 29 42 41 33 743 322 87 167 31 20 220 262 138 20 23
internal_value=1.88761e-06 -2.34524e-05 -5.14616e-05 7.11404e-05 -5.62894e-05 -0.000104082 0.00052359 0.000293715 -0.000290685 0.000306176 -0.00036229 -0.000113969 -0.000563893 0.00141221 0.00107545
internal_weight=2212 2183 2149 1413 1098 1065 315 254 736 74 662 304 358 61 43
internal_count=2212 2183 2149 1413 1098 1065 315 254 736 74 662 304 358 61 43
is_linear=0
shrinkage=0.03


Tree=29
num_leaves=18
num_cat=0
split_feature=25 25 20 25 24 15 22 19 11 15 20 16 16 20 25 17 10
split_gain=0.1203 0.0905273 0.105821 0.101697 0.186194 0.0694509 0.0863639 0.0734466 0.065225 0.0499155 0.0483483 0.0463451 0.0477418 0.0338091 0.0385425 0.0100017 0.0056575
threshold=110.92023415000001 75.087957445000015 36.635000225000006 91.154699605000019 -0.61499999999999988 0.017926450953582803 288.11750000000001 96.39500046000002 1.0480554977126 0.0084785403192293007 26.619999885000002 63.980382402882022 37.501519429549056 25.250000000000004 73.220524235000013 0.0020226407826325005 1.0352796207967925
decision_type=2 2 2 2 2 2 2 2 2 2 2 2 2 2 2 2 2
left_child=1 8 3 5 -5 6 -3 -7 9 -1 -6 12 -11 14 15 -10 -16
right_child=-2 2 -4 4 10 7 -8 -9 13 11 -12 -13 -14 -15 16 -17 -18
leaf_value=-0.0011294147439301011 0.0018901237195590509 4.873983769842212e-05 -0.0017159656985378305 0.0036241060516663958 0.0010429136455919511 0.00097246218603008663 -0.0010539846768395206 0 -0.00059693770102368525 0.00039019243528434468 -0.00038673685619141908 0.0012852213894340978 -0.00024151235050048772 -0.0018844704045490785 -0.001702832273872835 -6.6905058464219194e-05 -0.0006078401934355497
leaf_weight=39 29 838 26 20 45 145 68 138 64 139 35 22 442 21 27 94 20
leaf_count=39 29 838 26 20 45 145 68 138 64 139 35 22 442 21 27 94 20
internal_value=2.08942e-06 -2.24724e-05 0.000132948 0.000173868 0.00109067 9.33885e-05 -3.17886e-05 0.000503396 -0.000261264 -0.000101057 0.000383352 -2.78194e-05 -8.48162e-05 -0.000700701 -0.000556315 -0.000302874 -0.00132175
internal_weight=2212 2183 1315 1289 100 1189 906 283 868 642 80 603 581 226 205 158 47
internal_count=2212 2183 1315 1289 100 1189 906 283 868 642 80 603 581 226 205 158 47
is_linear=0
shrinkage=0.03


end of trees

feature_importances:
US_10Y_Yield=95
Gold_Silver_Ratio=94
Rolling_Std_20=52
Rolling_Std_10=43
VIX=38
USD_Index=37
CPI_Inflation=37
Fed_Funds_Rate=31
Close_to_MA_50=30
Real_Yield_10Y=29
MACD_Pct=26
Close_to_MA_20=21
RSI_14=19
Close_to_MA_5=8
Close_to_MA_10=6
Close_to_EMA_20=5
Daily_Range_Pct=2
Volume_to_MA_10=2
Ret_Lag_2=1
Close_to_EMA_10=1

parameters:
[boosting: gbdt]
[objective: regression]
[metric: l2]
[tree_learner: serial]
[device_type: cpu]
[data_sample_strategy: bagging]
[data: ]
[valid: ]
[num_iterations: 200]
[learning_rate: 0.03]
[num_leaves: 31]
[num_threads: 20]
[seed: 42]
[deterministic: 0]
[force_col_wise: 0]
[force_row_wise: 0]
[histogram_pool_size: -1]
[max_depth: 6]
[min_data_in_leaf: 20]
[min_sum_hessian_in_leaf: 0.001]
[bagging_fraction: 0.8]
[pos_bagging_fraction: 1]
[neg_bagging_fraction: 1]
[bagging_freq: 0]
[bagging_seed: 400]
[bagging_by_query: 0]
[feature_fraction: 0.8]
[feature_fraction_bynode: 1]
[feature_fraction_seed: 30056]
[extra_trees: 0]
[extra_seed: 12879]
[early_stopping_round: 0]
[early_stopping_min_delta: 0]
[first_metric_only: 0]
[max_delta_step: 0]
[lambda_l1: 0.1]
[lambda_l2: 1]
[linear_lambda: 0]
[min_gain_to_split: 0]
[drop_rate: 0.1]
[max_drop: 50]
[skip_drop: 0.5]
[xgboost_dart_mode: 0]
[uniform_drop: 0]
[drop_seed: 17869]
[top_rate: 0.2]
[other_rate: 0.1]
[min_data_per_group: 100]
[max_cat_threshold: 32]
[cat_l2: 10]
[cat_smooth: 10]
[max_cat_to_onehot: 4]
[top_k: 20]
[monotone_constraints: ]
[monotone_constraints_method: basic]
[monotone_penalty: 0]
[feature_contri: ]
[forcedsplits_filename: ]
[refit_decay_rate: 0.9]
[cegb_tradeoff: 1]
[cegb_penalty_split: 0]
[cegb_penalty_feature_lazy: ]
[cegb_penalty_feature_coupled: ]
[path_smooth: 0]
[interaction_constraints: ]
[verbosity: -1]
[saved_feature_importance_type: 0]
[use_quantized_grad: 0]
[num_grad_quant_bins: 4]
[quant_train_renew_leaf: 0]
[stochastic_rounding: 1]
[linear_tree: 0]
[max_bin: 255]
[max_bin_by_feature: ]
[min_data_in_bin: 3]
[bin_construct_sample_cnt: 200000]
[data_random_seed: 175]
[is_enable_sparse: 1]
[enable_bundle: 1]
[use_missing: 1]
[zero_as_missing: 0]
[feature_pre_filter: 1]
[pre_partition: 0]
[two_round: 0]
[header: 0]
[label_column: ]
[weight_column: ]
[group_column: ]
[ignore_column: ]
[categorical_feature: ]
[forcedbins_filename: ]
[precise_float_parser: 0]
[parser_config_file: ]
[objective_seed: 16083]
[num_class: 1]
[is_unbalance: 0]
[scale_pos_weight: 1]
[sigmoid: 1]
[boost_from_average: 1]
[reg_sqrt: 0]
[alpha: 0.9]
[fair_c: 1]
[poisson_max_delta_step: 0.7]
[tweedie_variance_power: 1.5]
[lambdarank_truncation_level: 30]
[lambdarank_norm: 1]
[label_gain: ]
[lambdarank_position_bias_regularization: 0]
[eval_at: ]
[multi_error_top_k: 1]
[auc_mu_weights: ]
[num_machines: 1]
[local_listen_port: 12400]
[time_out: 120]
[machine_list_filename: ]
[machines: ]
[gpu_platform_id: -1]
[gpu_device_id: -1]
[gpu_device_id_list: ]
[gpu_use_dp: 0]
[num_gpu: 1]

end of parameters

pandas_categorical:[]
