tree
version=v4
num_class=1
num_tree_per_iteration=1
label_index=0
max_feature_idx=27
objective=regression
feature_names=Return Log_Return Ret_Lag_1 Ret_Lag_2 Ret_Lag_3 Ret_Lag_5 Ret_Lag_10 Daily_Range_Pct Close_to_MA_5 Close_to_MA_10 Close_to_MA_20 Close_to_MA_50 Close_to_EMA_10 Close_to_EMA_20 Rolling_Std_10 Rolling_Std_20 RSI_14 MACD_Pct Volume_to_MA_10 USD_Index US_10Y_Yield VIX CPI_Inflation USDA_WASDE_Stocks Precipitation_KeyRegions Temperature_Anomaly_KeyRegions Planting_Progress_Pct Export_Sales
feature_infos=[-0.1068233643220487:0.21776098252243731] [-0.1129709173542847:0.19701391236426749] [-0.1068233643220487:0.21776098252243731] [-0.1068233643220487:0.21776098252243731] [-0.1068233643220487:0.21776098252243731] [-0.1068233643220487:0.21776098252243731] [-0.1068233643220487:0.21776098252243731] [0:0.1318851823118696] [0.84955297096289262:1.2587276011913482] [0.89015151515151514:1.3770631910688531] [0.81774046076777451:1.5471457454170454] [0.74836538144242415:1.7154945173986833] [0.89585158866229841:1.3148350932670614] [0.83851220122397296:1.4389864811421575] [0.0046694959248203003:0.1066195432533204] [0.0065568448117416999:0.079455399387556899] [18.985032428732001:87.668664699449806] [-0.026393370433859701:0.044132612988063702] [0:9.9206634602396004] [79.77999878:114.11000060000001] [0.52000000000000002:4.25] [9.1400003430000005:82.690002440000001] [234.74700000000001:298.00700000000001] [188.61000000000001:321.44999999999999] [0.17253421199999999:4.7756856670000003] [-6.4705817689999998:4.357689594] [1:98] [0:2540376]
tree_sizes=2192 2437 2786 2656 2886 2880 2692 2843 2865 2862 2903 2599 2878 2889 2909 2781 2793 2849 2677 2760 2864 2734 2903 2862 2894 2915 2893 2918 2871 2351

Tree=0
num_leaves=24
num_cat=0
split_feature=15 22 20 16 22 20 22 20 22 16 17 19 27 22 16 27 20 14 22 17 22 10 27
split_gain=1.93226 2.44451 3.49477 0.80844 0.731488 0.458942 0.478892 0.443784 0.534166 0.431962 0.43464 0.54156 0.501527 0.250008 0.197613 0.153231 0.14669 0.122368 0.107097 0.0922106 0.0376525 0.0093548 0.0083537
threshold=0.022493093529162903 281.69400000000007 2.0450000000000004 66.649894823348731 255.22300000000004 2.3650000000000007 256.03400000000005 2.1250000000000004 251.43850000000003 58.147917652983388 0.0053453015577138007 101.17000200000003 298116.00000000006 249.55300000000003 48.605928614726317 592948.00000000012 2.2150000000000003 0.026203257951259204 248.33200000000002 -0.010118764133023548 265.78750000000008 0.96506918239320061 360723.50000000006
decision_type=2 2 2 2 2 2 2 2 2 2 2 2 2 2 2 2 2 2 2 2 2 2 2
left_child=1 3 -3 4 7 6 -6 15 -9 10 11 13 -13 21 -12 -1 -11 -18 -5 -15 22 -2 -20
right_child=9 2 -4 18 5 -7 -8 8 -10 16 14 12 -14 19 -16 -17 17 -19 20 -21 -22 -23 -24
leaf_value=0.011090652175846316 0.010857754072583157 0.024234490230549053 0.0089783320709094505 0.0084479478344683251 0.010792850147342775 0.016866433757061244 0.013676547474498115 0.013076457711815597 0.011077735891083348 0.010432634772453361 0.015278628740235108 0.010743917176231365 0.0050708995160783921 0.014043906665810787 0.01190197407136924 0.013084271539236763 0.0096809997341771314 0.0063417555318630772 0.010819903534979703 0.011842341225850107 0.0097646695436443935 0.0094493677244246455 0.011892271498056096
leaf_weight=273 23 37 20 29 56 36 506 614 148 33 24 32 28 22 38 37 24 33 20 66 26 37 30
leaf_count=273 23 37 20 29 56 36 506 614 148 33 24 32 28 22 38 37 24 33 20 66 26 37 30
internal_value=0.0124055 0.0128006 0.0188629 0.0126007 0.0127633 0.0136034 0.0133815 0.0122968 0.0126831 0.0103993 0.0110259 0.0103669 0.00797049 0.0113818 0.0131863 0.0113397 0.00858839 0.00762481 0.0100636 0.0124055 0.0107625 0.00990585 0.0113818
internal_weight=2192 1832 57 1775 1670 598 562 1072 762 360 270 208 60 148 62 310 90 57 105 88 76 60 50
internal_count=2192 1832 57 1775 1670 598 562 1072 762 360 270 208 60 148 62 310 90 57 105 88 76 60 50
is_linear=0
shrinkage=1


Tree=1
num_leaves=26
num_cat=0
split_feature=11 23 22 19 21 23 21 11 19 19 21 15 14 19 23 23 21 20 19 20 14 20 14 22 18
split_gain=2.3323 2.40216 2.01338 2.40292 0.694344 0.6522 0.571581 0.408871 0.34361 0.891131 0.355827 0.318116 0.203572 0.203275 0.184699 0.14444 0.141426 0.120678 0.110506 0.116905 0.107575 0.0877088 0.0516599 0.0449274 0.0206346
threshold=1.0653776666938566 268.27500000000003 281.69400000000007 98.295001985000013 28.125000000000004 268.73000000000008 32.944999695000007 1.0266595765222231 82.810001375000013 88.139999390000014 14.179999830000002 0.017163842526924704 0.017863865031986701 95.735000610000014 293.67500000000001 316.64500000000004 14.349999905000002 1.5650000000000002 95.475002290000006 2.3950000000000005 0.013764937295644401 1.9350000000000003 0.024160128682695906 277.73450000000008 0.56670359573685092
decision_type=2 2 2 2 2 2 2 2 2 2 2 2 2 2 2 2 2 2 2 2 2 2 2 2 2
left_child=1 4 6 -4 8 11 7 13 24 16 -11 -2 -6 -3 21 -9 -10 -16 19 -13 -8 23 -23 -7 -1
right_child=5 2 3 -5 12 14 20 15 9 10 -12 18 -14 -15 17 -17 -18 -19 -20 -21 -22 22 -24 -25 -26
leaf_value=-0.0011818712917821747 -0.0010673059376525033 0.0027620335271537734 0.011764948049107113 -0.00044310553534887732 -0.0014397958767201219 -8.4674755932960226e-05 2.7257260006283299e-05 7.5215490237771822e-05 0.0015713422746630383 0.00020391080301416397 -0.00093512083477448533 -0.0046711760740195006 -0.0057805951225260895 0.0013643758501680236 -0.00084011604955517921 0.0024589670631620618 0.0050504106000065808 -0.0034180440439499525 -0.0057021639091047373 -0.0017012893181693339 -0.0023416671177372336 -0.00040158141450956461 0.0014491206436894923 -0.0020452670468948781 -0.0028019976902832378
leaf_weight=20 33 212 36 23 20 25 26 171 23 488 491 34 26 196 37 26 29 37 54 27 39 20 30 23 46
leaf_count=20 33 212 36 23 20 25 26 171 23 488 491 34 26 196 37 26 29 37 54 27 39 20 30 23 46
internal_value=0 0.000404268 0.00174954 0.00702781 -0.000451895 -0.00236337 0.00127048 0.00156011 -0.000295679 -0.000157115 -0.00036466 -0.00382574 -0.00402791 0.00210292 -0.00107288 0.000415804 0.00362688 -0.00219747 -0.0045754 -0.00345367 -0.00136259 -0.000179782 0.000656657 -0.00110792 -0.00238079
internal_weight=2192 1872 729 59 1143 320 670 605 1097 1031 979 148 46 408 172 197 52 74 115 61 65 98 50 48 66
internal_count=2192 1872 729 59 1143 320 670 605 1097 1031 979 148 46 408 172 197 52 74 115 61 65 98 50 48 66
is_linear=0
shrinkage=0.03


Tree=2
num_leaves=30
num_cat=0
split_feature=11 23 19 19 20 21 23 21 19 19 21 15 11 11 14 23 15 19 21 20 11 19 20 20 19 14 16 21 18
split_gain=2.20085 2.26288 0.986161 1.13585 1.81824 0.655636 0.614094 0.373944 0.324321 0.840821 0.334911 0.299259 0.255027 0.213788 0.191173 0.173867 0.141937 0.14068 0.132619 0.113315 0.109006 0.102822 0.109501 0.0827628 0.061359 0.048836 0.0425687 0.0297668 0.0189375
threshold=1.0653776666938566 268.27500000000003 96.295001985000013 94.774997710000022 1.6250000000000002 28.125000000000004 268.73000000000008 32.944999695000007 82.810001375000013 88.139999390000014 14.179999830000002 0.017163842526924704 0.9994839866754136 1.0486049918105667 0.017863865031986701 293.67500000000001 0.021380005074809052 91.900001525000008 14.349999905000002 1.5650000000000002 0.9626027689837775 95.475002290000006 2.3950000000000005 1.9350000000000003 97.61500168000002 0.024160128682695906 66.91711176283053 18.920000075000001 0.56670359573685092
decision_type=2 2 2 2 2 2 2 2 2 2 2 2 2 2 2 2 2 2 2 2 2 2 2 2 2 2 2 2 2
left_child=1 5 3 12 -5 8 11 13 28 18 -11 -2 27 16 -7 23 -4 -14 -10 -17 -9 22 -13 26 -15 -25 -8 -3 -1
right_child=6 2 7 4 -6 14 15 20 9 10 -12 21 17 24 -16 19 -18 -19 -20 -21 -22 -23 -24 25 -26 -27 -28 -29 -30
leaf_value=-0.0011481035535356827 -0.0010362285130147081 0.0024480828360706986 0.001616946474814338 0.00048998711480257597 0.011439573355251923 -0.0013986588304064104 -2.1968514993204665e-06 3.4499759534290717e-05 0.0015261661844560874 0.00019780597092828033 -0.00090712423913131852 -0.0045350447607891897 0.00029933811205354197 -0.0019506741135846819 -0.0056136002180476987 -0.0008155758003826791 -0.00034459708983430989 0.0019852771662957967 0.0049039484202861782 -0.0033182011860373776 -0.0025471556225003531 -0.0055342092251235786 -0.001652073451983077 -0.00039010765110807761 0.00017231860810092516 0.0014070493979679959 -0.0019138649674848866 0.0037965650547295807 -0.0027197263312149556
leaf_weight=20 33 61 215 25 31 20 23 20 23 488 491 34 77 23 26 37 36 124 29 37 38 54 27 20 20 30 25 59 46
leaf_count=20 33 61 215 25 31 20 23 20 23 488 491 34 77 23 26 37 36 124 29 37 38 54 27 20 20 30 25 59 46
internal_value=0 0.000392354 0.00169806 0.00276426 0.00669835 -0.000438556 -0.00229616 0.000543055 -0.000286675 -0.000151969 -0.000353651 -0.00371542 0.00204995 0.000984111 -0.0039136 -0.00104318 0.00132345 0.00135895 0.00352352 -0.00213445 -0.00162059 -0.00444281 -0.00335459 -0.000175626 -0.000913579 0.000635809 -0.00107782 0.00316178 -0.0023125
internal_weight=2192 1872 729 377 56 1143 320 352 1097 1031 979 148 321 294 46 172 251 201 52 74 58 115 61 98 43 50 48 120 66
internal_count=2192 1872 729 377 56 1143 320 352 1097 1031 979 148 321 294 46 172 251 201 52 74 58 115 61 98 43 50 48 120 66
is_linear=0
shrinkage=0.03


Tree=3
num_leaves=29
num_cat=0
split_feature=23 16 22 19 21 13 19 21 19 22 27 14 19 13 16 21 14 14 19 19 24 19 20 16 23 23 17 20
split_gain=2.06051 1.34997 1.03066 2.7945 0.984092 0.78639 0.588908 0.448838 0.332202 0.587844 0.326785 0.298422 0.252037 0.178563 0.133158 0.114312 0.109363 0.0872483 0.0736645 0.0621339 0.0612421 0.0606113 0.0530251 0.0451747 0.0406852 0.0626891 0.0210573 0.00493639
threshold=268.27500000000003 58.041633510349378 281.69400000000007 97.744998930000023 27.170000080000005 1.0466345483317661 101.79499820000002 32.944999695000007 102.70999905000001 253.04550000000003 583419.00000000012 0.017024223229190453 95.735000610000014 0.9769892795861701 62.325786723029701 23.875000000000004 0.027129658103016954 0.024533360242750005 96.005001070000006 98.795001985000013 1.8859280450000002 105.18000030000002 1.8650000000000004 66.649894823348731 314.01500000000004 293.67500000000001 0.0040957680044472504 1.635
decision_type=2 2 2 2 2 2 2 2 2 2 2 2 2 2 2 2 2 2 2 2 2 2 2 2 2 2 2 2
left_child=4 2 7 -4 5 8 -6 11 9 10 -1 13 -13 -2 18 -10 -5 23 26 -9 24 -8 -20 -7 25 -16 -3 -22
right_child=1 14 3 16 6 17 21 19 15 -11 -12 12 -14 -15 20 -17 -18 -19 22 -21 27 -23 -24 -25 -26 -27 -28 -29
leaf_value=-0.00057649721215331231 0.0036272533288598061 0.00011102658706820671 0.011127590306707329 -0.0014664907032962548 -2.3907656548544755e-05 -0.0013602228966727852 -0.0070395722506988436 0 0.0029333414155457696 -0.0045601540025203462 0.00092308302985436876 0.0016239086424883378 -0.00042734466672971323 0.0018146466355927959 -0.0011623766534261672 0 0.0013769229186905755 -0.0053422899512307982 0.00012362938630394637 -0.001979281329209698 -0.00045684164442607889 -0.0038930164255600954 -0.0017810064695182846 -0.0034323159509028001 -0.00016796482718833114 -0.0028976695244474445 0.001403475954197347 0.00010641645705750719
leaf_weight=892 74 26 36 21 23 24 30 27 34 30 151 134 86 202 72 21 26 20 26 31 22 20 21 35 22 33 32 21
leaf_count=892 74 26 36 21 23 24 30 27 34 30 151 134 86 202 72 21 26 20 26 31 22 20 21 35 22 33 32 21
internal_value=0 0.0010878 0.00184654 0.00495994 -0.000777366 -0.00056809 -0.00414262 0.00136659 -0.000360935 -0.000480324 -0.000355846 0.0016609 0.000810175 0.00232281 -0.000659186 0.00188166 3.98776e-05 -0.00344696 0.000155361 -0.00108488 -0.0011778 -0.00594079 -0.000684253 -0.00267615 -0.00150967 -0.00175825 0.000886651 -0.000117414
internal_weight=2192 912 637 83 1280 1207 73 554 1128 1073 1043 496 220 276 275 55 47 79 105 58 170 50 47 59 127 105 58 43
internal_count=2192 912 637 83 1280 1207 73 554 1128 1073 1043 496 220 276 275 55 47 79 105 58 170 50 47 59 127 105 58 43
is_linear=0
shrinkage=0.03


Tree=4
num_leaves=31
num_cat=0
split_feature=11 23 22 19 23 21 21 14 19 19 26 14 13 19 14 11 20 21 21 23 19 20 27 20 18 21 20 24 18 21
split_gain=1.9973 2.17189 1.98635 1.13905 0.613698 0.586942 0.515646 0.433546 0.329047 0.758865 0.31939 0.180831 0.195484 0.184497 0.126957 0.121069 0.187429 0.119019 0.0993664 0.0985142 0.0789864 0.0689791 0.0669677 0.0532922 0.0398633 0.0416779 0.0319334 0.0185615 0.0172331 0.0151546
threshold=1.0486049918105667 268.27500000000003 281.69400000000007 96.354999540000009 268.73000000000008 28.125000000000004 32.944999695000007 0.019453371053432804 82.810001375000013 89.110000610000014 96.500000000000014 0.017024223229190453 0.9769892795861701 95.735000610000014 0.025344879117600656 1.0862275752910466 2.1350000000000002 14.349999905000002 13.965000155000002 263.73500000000007 98.354999540000009 3.0450000000000004 550034.50000000012 2.8150000000000004 0.4885492624943315 24.994999885000002 2.3150000000000004 1.8035463735000004 0.56670359573685092 18.510000230000006
decision_type=2 2 2 2 2 2 2 2 2 2 2 2 2 2 2 2 2 2 2 2 2 2 2 2 2 2 2 2 2 2
left_child=1 5 6 -4 7 8 11 19 28 17 -11 12 -3 -13 23 18 24 -10 -6 26 -8 -7 -16 -9 -17 -26 -2 29 -1 -20
right_child=4 2 3 -5 15 21 20 14 9 10 -12 13 -14 -15 22 16 -18 -19 27 -21 -22 -23 -24 -25 25 -27 -28 -29 -30 -31
leaf_value=-0.0011073982670371022 -0.0027070466424855919 0.0035198865723237395 0.011175144385906959 0.00182834201102907 -0.0015317329083654012 -0.0020674972390489917 0.00013350078383726733 -0.0039551088127650711 0.0015828116523220869 -0.00052861578528200876 0.00088187379647194138 0.0016587946641526978 0.0016680745997651797 -5.1232067161860559e-05 -0.0063112582618539987 -0.003192961048438317 0.00060250485464930544 0.0049130217800182957 2.4359851391636762e-05 0.00035916037287097425 -0.0020400210600171704 -0.0050562768805286155 -0.0033598972001801361 -0.0019685698912822102 -0.0020634032236817087 -0.00025157092723318119 -0.0010735685599770825 -0.00016628774990300264 -0.0026267722995674358 0.0010150384607486335
leaf_weight=20 26 74 30 21 32 20 20 37 22 746 177 141 226 89 32 26 29 27 31 23 39 22 22 37 45 21 38 33 46 40
leaf_count=20 26 74 30 21 32 20 20 37 22 746 177 141 226 89 32 26 29 27 31 23 39 22 22 37 45 21 38 33 46 40
internal_value=-1.3676e-07 0.000473027 0.00185716 0.00749333 -0.00172807 -0.000345383 0.00135218 -0.00291198 -0.000199853 -5.64575e-05 -0.000254223 0.00165081 0.002145 0.000986744 -0.00402829 -0.000718569 -0.00140644 0.00353939 -7.88677e-05 -0.0012084 -0.00126329 -0.003784 -0.00524635 -0.00304133 -0.00207162 -0.00154405 -0.00181476 0.000349927 -0.00223453 0.000630501
internal_weight=2192 1720 640 51 472 1080 589 215 1038 972 923 530 300 230 128 257 121 49 136 87 59 42 54 74 92 66 64 104 66 71
internal_count=2192 1720 640 51 472 1080 589 215 1038 972 923 530 300 230 128 257 121 49 136 87 59 42 54 74 92 66 64 104 66 71
is_linear=0
shrinkage=0.03


Tree=5
num_leaves=31
num_cat=0
split_feature=11 23 22 19 23 19 14 22 19 23 20 19 23 23 23 19 26 20 16 11 20 14 11 20 15 19 14 6 20 18
split_gain=1.88749 2.03166 1.83573 1.07227 0.636633 0.474191 0.463551 0.418841 0.52291 0.542893 0.385708 0.586154 0.466572 0.317974 0.290236 0.187999 0.324788 0.176307 0.144333 0.142849 0.177199 0.13767 0.130835 0.102171 0.0878051 0.0740047 0.0454779 0.0465824 0.0438235 0.0371551
threshold=1.0430209422219381 268.27500000000003 281.69400000000007 96.354999540000009 268.73000000000008 99.165000915000022 0.019453371053432804 252.37150000000003 105.18000030000002 266.78000000000003 2.1250000000000004 82.810001375000013 193.93000000000004 253.49500000000003 267.18000000000001 95.735000610000014 59.500000000000007 2.9850000000000008 42.156085772080154 1.0862275752910466 2.1350000000000002 0.025344879117600656 0.9994839866754136 2.3150000000000004 0.011147319589989003 95.084999085000007 0.017420701418095503 0.012822848628184553 2.8150000000000004 0.4885492624943315
decision_type=2 2 2 2 2 2 2 2 2 2 2 2 2 2 2 2 2 2 2 2 2 2 2 2 2 2 2 2 2 2
left_child=1 7 5 -4 6 15 23 10 9 -9 13 -12 -13 18 -11 22 -17 -10 -1 24 29 28 -3 -2 -6 -25 -26 -28 -8 -21
right_child=4 2 3 -5 19 -7 21 8 17 14 11 12 -14 -15 -16 16 -18 -19 -20 20 -22 -23 -24 25 26 -27 27 -29 -30 -31
leaf_value=0.00069812857733235099 -0.0024867482884653974 0.0029502987702854163 0.01085070470071608 0.0017759849291125479 -0.0018255646780931522 -0.001375472148085999 -0.0036627808444548485 0.00015093959397512185 0.0025781992420811075 -0.0062040831756312404 -0.0021705116161715183 0.0045913401661174637 0.00057751645356777235 -0.0027438241623306218 -0.0024881151795217936 0.003200163076764771 0.00043845942653101026 -0.0008818389049366764 -0.00085945470789886599 -0.0031007199963140816 0.00058503223202424127 -0.0050745376024138311 0.0015225273223168313 0.0005145096087495664 0.00076144233315407484 -0.001361698587927477 -0.00083528963054413895 0.00077342426826805392 -0.0018841936722970923 -0.0015001048347565219
leaf_weight=76 34 122 30 21 20 50 42 45 28 31 66 27 463 64 65 48 196 22 166 26 29 57 144 34 76 37 47 22 38 66
leaf_count=76 34 122 30 21 20 50 42 45 28 31 66 27 463 64 65 48 196 22 166 26 29 57 144 34 76 37 47 22 38 66
internal_value=-4.43133e-07 0.00049417 0.0018695 0.00727776 -0.00156288 0.00135952 -0.0026958 -0.000302029 -0.00156936 -0.00250566 -1.62465e-05 0.000450809 0.000813697 -0.00087336 -0.00377058 0.00163569 0.00100483 0.00100952 -0.000357091 -0.000587758 -0.00136619 -0.00385005 0.0021972 -0.00113937 0 -0.000426899 0.000248808 -0.000275788 -0.00288868 -0.00201319
internal_weight=2192 1664 611 51 528 560 242 1053 191 141 862 556 490 306 96 510 244 50 242 286 121 137 266 105 165 71 145 69 80 92
internal_count=2192 1664 611 51 528 560 242 1053 191 141 862 556 490 306 96 510 244 50 242 286 121 137 266 105 165 71 145 69 80 92
is_linear=0
shrinkage=0.03


Tree=6
num_leaves=29
num_cat=0
split_feature=23 10 13 22 19 22 23 23 19 20 22 23 22 23 22 22 19 22 14 14 13 19 23 20 20 22 19 18
split_gain=1.72924 0.918291 0.868882 1.26325 2.13153 0.56507 1.02375 0.628733 0.385457 0.308579 0.338732 0.298775 0.352486 0.449413 0.265359 0.19433 0.128593 0.162699 0.12687 0.101573 0.0914197 0.0750775 0.115535 0.133798 0.0669878 0.037766 0.0243809 0.00611674
threshold=268.27500000000003 1.0608212893084037 1.0376926287478689 281.69400000000007 97.744998930000023 253.04550000000003 267.18000000000001 267.52500000000003 95.735000610000014 2.3650000000000007 255.22300000000004 268.06000000000006 241.88350000000005 253.49500000000003 256.03400000000005 244.00500000000002 91.319999695000021 262.36600000000004 0.025736892430619204 0.011668091485247651 1.0051335112982349 98.625000000000014 293.67500000000001 1.5750000000000004 1.7150000000000001 295.02700000000004 97.579998015000015 0.98728940933063203
decision_type=2 2 2 2 2 2 2 2 2 2 2 2 2 2 2 2 2 2 2 2 2 2 2 2 2 2 2 2
left_child=1 5 3 8 -5 11 -7 25 16 14 -11 12 13 -1 -10 -14 17 -2 -3 -13 -18 22 24 27 -4 -8 -26 -24
right_child=2 18 21 4 -6 6 7 -9 9 10 -12 19 15 -15 -16 -17 20 -19 -20 -21 -22 -23 23 -25 26 -27 -28 -29
leaf_value=-0.00034302237135512114 0.0021081861424095487 -0.002920590092105648 -0.00081898491703454523 0.010265895103280609 6.7528448443716536e-05 -0.006468696214258671 0.00069048758090304381 -0.0033629737365010542 -0.0016411641599182545 -0.00048613893777788199 0.0042234044573543697 -0.0031572853584906886 0.0015645133102929788 -0.0030348304409001554 0.00043697106287372616 9.9278939076192222e-05 0.002774200488079805 -0.00015264762712253229 -0.0060183440783749455 -0.00054685994080052929 0.0014201164043205791 -0.0023759443162256 0 -0.0031137150255963206 0.0017044698929265985 0.0027384282224811613 7.3544077841298903e-05 -0.0006651099520650777
leaf_weight=537 50 51 30 36 38 38 21 37 73 21 33 41 112 62 216 311 119 60 22 25 99 28 20 27 21 23 20 21
leaf_count=537 50 51 30 36 38 38 21 37 73 21 33 41 112 62 216 311 119 60 22 25 99 28 20 27 21 23 20 21
internal_value=-5.18581e-07 -0.000712921 0.000995744 0.00143548 0.00513962 -0.000510727 -0.00246799 -0.000498537 0.00101547 0.000300225 0.00236183 -0.000291827 -0.000161266 -0.000631234 -8.14601e-05 0.000497087 0.00175113 0.000857712 -0.00396341 -0.00223618 0.00218226 -0.000944979 -0.000620387 -0.00150012 0.000189642 0.00186473 0.00100102 -0.000317246
internal_weight=2192 1280 912 745 74 1207 119 81 671 343 54 1088 1022 599 289 423 328 110 73 66 218 167 139 68 71 44 41 41
internal_count=2192 1280 912 745 74 1207 119 81 671 343 54 1088 1022 599 289 423 328 110 73 66 218 167 139 68 71 44 41 41
is_linear=0
shrinkage=0.03


Tree=7
num_leaves=31
num_cat=0
split_feature=23 16 15 26 19 23 23 23 10 23 20 26 23 23 21 15 23 15 16 20 23 18 19 9 10 27 26 21 27 8
split_gain=1.62959 1.09248 1.02038 0.858578 0.756104 0.620804 0.922171 0.531261 0.373813 0.296942 0.319323 0.415791 0.271373 0.258432 0.223371 0.198254 0.184715 0.114581 0.143313 0.106549 0.105054 0.0980252 0.0588254 0.0574246 0.053714 0.0516197 0.0466849 0.0444673 0.0309858 0.0234631
threshold=268.27500000000003 58.041633510349378 0.023976237755223704 96.500000000000014 99.264999390000014 284.31000000000006 278.19500000000005 280.73000000000008 1.0571083935251895 268.06000000000006 2.1250000000000004 87.500000000000014 253.49500000000003 267.18000000000001 18.144999505000005 0.01182038295029285 316.29500000000002 0.018838645709711103 64.414006998867819 1.3550000000000002 280.73000000000008 0.76221885810655843 104.96500015000002 1.0091164938980581 1.0435712477776085 377691.50000000006 94.500000000000014 29.840000150000005 406616.00000000006 1.0134015458362888
decision_type=2 2 2 2 2 2 2 2 2 2 2 2 2 2 2 2 2 2 2 2 2 2 2 2 2 2 2 2 2 2
left_child=2 4 8 14 5 6 15 -8 9 10 12 -12 -1 -5 24 -2 19 18 23 -7 -19 -22 -16 -3 -4 -11 -10 -6 -18 -20
right_child=1 17 3 13 27 16 7 -9 26 25 11 -13 -14 -15 22 -17 28 20 29 -21 21 -23 -24 -25 -26 -27 -28 -29 -30 -31
leaf_value=-0.0004257725672720144 0.0040746146086603407 -0.00032730325422464658 -0.0022122070569811124 -0.0022266394089421495 -0.00027137721118384174 0 0.0078995578397589271 0.0028303762240225053 -0.0014772516637523139 -0.0029827610687226864 0.0015564605143465866 -0.00015883886070005421 -0.00261355027301364 0.0019336182060360441 -0.0073611162702242536 0.00092589485924418115 0.0014991012637037783 0 -0.0016904898609688144 0.0012756834401836809 -0.0033999010377146048 -0.0010156216178355472 -0.0041018840266125543 0.0012964227037401712 -0.0045386593756931168 -0.0010376959959675948 -0.0035866660661995407 -0.0018799831169424579 0.0032283399127423762 -0.00048851558944100839
leaf_weight=251 23 25 41 22 34 86 47 37 26 36 167 514 65 31 26 95 26 36 30 206 28 48 20 58 20 30 31 39 44 50
leaf_count=251 23 25 41 22 34 86 47 37 26 36 167 514 65 31 26 95 26 36 30 206 28 48 20 58 20 30 31 39 44 50
internal_value=-6.21095e-07 0.000966467 -0.00069223 -0.00292827 0.00164918 0.00202279 0.00336162 0.00576157 -0.000367793 -0.0002365 -0.000103312 0.000259067 -0.000892079 0.000141909 -0.00446402 0.00159392 0.00126024 -0.000604326 -7.52465e-05 0.000906878 -0.0013403 -0.00196575 -0.00612531 0.00077356 -0.00308427 -0.0021721 -0.00271826 -0.0011851 0.00265847 -0.000991599
internal_weight=2192 912 1280 160 637 564 202 84 1120 1063 997 681 316 53 107 118 362 275 163 292 112 76 46 83 61 66 57 73 70 80
internal_count=2192 912 1280 160 637 564 202 84 1120 1063 997 681 316 53 107 118 362 275 163 292 112 76 46 83 61 66 57 73 70 80
is_linear=0
shrinkage=0.03


Tree=8
num_leaves=31
num_cat=0
split_feature=23 16 15 26 22 19 10 21 23 20 26 23 14 23 21 19 13 15 16 14 23 14 18 9 19 15 10 22 20 17
split_gain=1.53677 1.03107 0.963382 0.810455 0.788521 2.14999 0.353842 0.350443 0.27567 0.318521 0.39022 0.280579 0.251856 0.243752 0.209987 0.198746 0.144289 0.107905 0.135053 0.100828 0.0991372 0.092412 0.0921032 0.054248 0.0542104 0.0525581 0.0502428 0.0474301 0.0385149 0.0239663
threshold=268.27500000000003 58.041633510349378 0.023976237755223704 96.500000000000014 281.69400000000007 97.744998930000023 1.0608212893084037 32.944999695000007 268.06000000000006 2.1250000000000004 87.500000000000014 253.49500000000003 0.017024223229190453 267.18000000000001 18.144999505000005 95.735000610000014 0.9769892795861701 0.018838645709711103 64.414006998867819 0.027129658103016954 280.73000000000008 0.011668091485247651 0.76221885810655843 1.0091164938980581 104.96500015000002 0.015097073199104551 1.0435712477776085 258.87850000000009 1.5850000000000002 0.008858657477432301
decision_type=2 2 2 2 2 2 2 2 2 2 2 2 2 2 2 2 2 2 2 2 2 2 2 2 2 2 2 2 2 2
left_child=2 4 6 14 7 -6 8 12 9 11 -11 -1 16 -5 26 -14 -2 18 23 -7 -19 -10 -22 -3 -16 -9 -4 -20 -29 -8
right_child=1 17 3 13 5 19 29 25 21 10 -12 -13 15 -15 24 -17 -18 20 27 -21 22 -23 -24 -25 -26 -27 -28 28 -30 -31
leaf_value=-0.00042364325057614346 0.0032238961200136691 -0.00031786180985195997 -0.0021474210170230696 -0.0021627445619391357 0.0097356604514895265 -0.001441342825599184 -0.0037135844279367184 0 -0.0029885843526571989 0.0014876933981600145 -0.00016100785605919482 -0.0026196718217038058 0.0013831399444490672 0.0018774224055878219 -0.0071484617822700075 -0.00043728514790438626 0.001589703140748215 0 0.00016829802601465155 0.0012915844111703334 -0.0033014211488309603 -0.00049441867148785745 -0.00098577477138641527 0.0012581892056524816 -0.0039846873730421057 -0.0018639571574516592 -0.0044089831539562765 -0.00064209928659195279 -0.0023833230016753076 -0.0016999148645305206
leaf_weight=253 74 25 41 22 36 21 25 29 41 170 519 67 134 31 26 86 202 36 20 26 28 25 48 58 20 29 20 37 23 20
leaf_count=253 74 25 41 22 36 21 25 29 41 170 519 67 134 31 26 86 202 36 20 26 28 25 48 58 20 29 20 37 23 20
internal_value=-1.11845e-06 0.000937983 -0.00067278 -0.00284555 0.00160127 0.00432598 -0.000357447 0.00118059 -0.00024391 -0.000116903 0.000243002 -0.000899511 0.00144101 0.000135822 -0.00433766 0.000659186 0.00204874 -0.000587795 -7.37592e-05 3.40077e-06 -0.00130208 -0.00211008 -0.00190966 0.000749628 -0.00595079 -0.000982282 -0.00299646 -0.000963769 -0.00138688 -0.00294025
internal_weight=2192 912 1280 160 637 83 1120 554 1075 1009 689 320 496 53 107 220 276 275 163 47 112 66 76 83 46 58 61 80 60 45
internal_count=2192 912 1280 160 637 83 1120 554 1075 1009 689 320 496 53 107 220 276 275 163 47 112 66 76 83 46 58 61 80 60 45
is_linear=0
shrinkage=0.03


Tree=9
num_leaves=31
num_cat=0
split_feature=23 16 15 19 23 23 23 19 20 21 10 23 20 19 23 15 23 17 15 16 17 23 18 21 20 9 27 27 17 19
split_gain=1.44831 0.97215 0.909586 0.684835 0.55641 0.906087 0.539159 0.507825 0.376788 0.35062 0.335384 0.264461 0.28301 0.290234 0.23993 0.180689 0.165874 0.217905 0.101691 0.127141 0.0989984 0.0935571 0.0865273 0.076294 0.0730217 0.0512506 0.0455795 0.0284721 0.0249584 0.0216945
threshold=268.27500000000003 58.041633510349378 0.023976237755223704 98.985000610000014 284.31000000000006 278.19500000000005 267.18000000000001 94.774997710000022 2.9850000000000008 18.144999505000005 1.0571083935251895 268.06000000000006 2.1250000000000004 82.810001375000013 253.49500000000003 0.01182038295029285 316.29500000000002 -0.0047554937094151989 0.018838645709711103 64.414006998867819 0.0096312535831941017 280.73000000000008 0.76221885810655843 29.840000150000005 2.8150000000000004 1.0091164938980581 377691.50000000006 406616.00000000006 0.0050550912223421007 96.575000760000009
decision_type=2 2 2 2 2 2 2 2 2 2 2 2 2 2 2 2 2 2 2 2 2 2 2 2 2 2 2 2 2 2
left_child=2 3 10 4 5 15 9 -7 -8 24 11 12 14 -14 -1 -2 17 -6 19 25 -12 -20 -23 -5 -4 -3 -13 -18 -21 -24
right_child=1 18 6 23 16 7 8 -9 -10 -11 20 26 13 -15 -16 -17 27 -19 21 28 -22 22 29 -25 -26 -27 -28 -29 -30 -31
leaf_value=-0.00040039121360054453 0.003874996101483702 -0.00030869272991549226 -0.0031554739060049705 0 -0.00071290775323286642 0.0024315414771726861 0.0023058692747209633 0.0076072772697173057 -0.0029163427516494108 -0.0062793766303131217 -0.0036135256774191345 -0.0028145292901710882 -0.0018783942857440912 0.0004268556640377418 -0.0024589323009448975 0.00086672298018311263 0.0014164957581087945 0.0013034127818148012 0 -0.0014249720707535743 -0.00082582740110228767 -0.0032057938007959003 -0.00024009492832036423 -0.0017474348732205323 -0.00075875907950103284 0.0012210832922640491 -0.00097390559232125287 0.0030823721516877417 -0.00023473725951201206 -0.0016891268135156925
leaf_weight=251 23 25 54 49 59 31 26 49 22 38 34 36 52 629 65 95 26 219 36 44 23 28 27 42 20 58 30 44 36 21
leaf_count=251 23 25 54 49 59 31 26 49 22 38 34 36 52 629 65 95 26 219 36 44 23 28 27 42 20 58 30 44 36 21
internal_value=-1.81592e-06 0.000909816 -0.000653898 0.00155391 0.00195669 0.00323306 -0.00276521 0.0056935 -3.70901e-05 -0.00389717 -0.000347409 -0.000222888 -9.7018e-05 0.000243936 -0.00083971 0.00150593 0.00121469 0.000863715 -0.000571498 -7.18971e-05 -0.00257402 -0.00126498 -0.00185521 -0.000825129 -0.00256647 0.000726404 -0.00204968 0.00253454 -0.000935914 -0.000956805
internal_weight=2192 912 1280 637 546 198 160 80 48 112 1120 1063 997 681 316 118 348 278 275 163 57 112 76 91 74 83 66 70 80 48
internal_count=2192 912 1280 637 546 198 160 80 48 112 1120 1063 997 681 316 118 348 278 275 163 57 112 76 91 74 83 66 70 80 48
is_linear=0
shrinkage=0.03


Tree=10
num_leaves=31
num_cat=0
split_feature=11 23 22 19 23 21 21 15 19 23 11 20 20 15 13 10 11 20 27 15 19 11 10 27 21 11 18 23 18 6
split_gain=1.56314 1.51374 1.39517 0.850784 0.510053 0.415434 0.399998 0.32328 0.285803 0.608285 0.263448 0.195407 0.161349 0.149468 0.124753 0.123653 0.106094 0.13827 0.0879036 0.072058 0.0718146 0.0679674 0.0373793 0.0470395 0.0343744 0.0336608 0.0282682 0.0273913 0.015071 0.0126223
threshold=1.0430209422219381 268.27500000000003 281.69400000000007 96.354999540000009 268.73000000000008 27.170000080000005 32.944999695000007 0.024905258915163604 82.810001375000013 193.93000000000004 0.96204589616288805 2.3150000000000004 2.9050000000000007 0.019563384395627603 0.9769892795861701 1.0628010324562911 1.0862275752910466 2.1350000000000002 385100.50000000006 0.011147319589989003 95.735000610000014 0.9626027689837775 1.0209495759667175 441607.50000000006 23.234999655000006 1.0726022851051285 0.86088019405657878 265.39500000000004 0.56670359573685092 -0.0030947087594485998
decision_type=2 2 2 2 2 2 2 2 2 2 2 2 2 2 2 2 2 2 2 2 2 2 2 2 2 2 2 2 2 2
left_child=1 5 6 -4 7 8 13 11 28 -10 -11 25 -7 14 -3 27 19 24 -9 -6 -15 -8 23 -21 26 -2 -18 -13 -1 -24
right_child=4 2 3 -5 16 12 21 18 9 10 -12 15 -14 20 -16 -17 17 -19 -20 22 -22 -23 29 -25 -26 -27 -28 -29 -30 -31
leaf_value=-0.00094113616618726943 -0.0020251436946359838 0.0027309844136398169 0.0095338549767771084 0.0014422905105589464 -0.0016922994160559028 -0.00062025663307444618 4.1780179143761741e-06 -0.0059947862960398205 0.0043896567717726749 0.00063245767967954811 -0.00045547328175431711 -0.00069773280942899871 -0.0042534465764258655 0.0011287920828538646 0.0014103423197536955 -0.0029757740050554275 -0.0028894872292876241 0.00049281082974484889 -0.0031473144363702802 0.00024073851347202436 -0.00031110330584208264 -0.0019947880050965715 3.3755178857398657e-05 -0.0015075803961881319 -0.00090576094325239712 -0.0037848853208124638 -0.001065038448731814 0.00040793284175630947 -0.0023579306402739058 0.00084134668723287941
leaf_weight=20 36 95 30 21 20 21 22 23 27 295 614 63 30 69 289 20 35 29 40 31 51 34 37 21 37 35 20 25 46 56
leaf_count=20 36 95 30 21 20 21 22 23 27 295 614 63 30 69 289 20 35 29 40 31 51 34 37 21 37 35 20 25 46 56
internal_value=-2.25344e-06 0.000447738 0.00163492 0.00635154 -0.00142424 -0.000239172 0.00118947 -0.00243885 -0.000100284 3.2019e-05 -9.88007e-05 -0.00174292 -0.00285582 0.00145943 0.0017511 -0.000885687 -0.00054977 -0.00122149 -0.00431117 -3.47106e-05 0.00049453 -0.00117055 0.000183399 -0.000423833 -0.00179362 -0.00297481 -0.00231049 -0.000348861 -0.00199383 0.000555739
internal_weight=2192 1664 611 51 528 1053 560 242 1002 936 909 179 51 504 384 108 286 121 63 165 120 56 145 52 92 71 55 88 66 93
internal_count=2192 1664 611 51 528 1053 560 242 1002 936 909 179 51 504 384 108 286 121 63 165 120 56 145 52 92 71 55 88 66 93
is_linear=0
shrinkage=0.03


Tree=11
num_leaves=28
num_cat=0
split_feature=11 23 22 19 22 23 21 21 19 19 21 11 19 26 11 20 11 21 15 11 20 21 15 9 16 11 25
split_gain=1.476 1.43001 1.30627 0.800774 0.499507 0.446887 0.391574 0.363758 0.264441 0.572717 0.26617 0.21457 0.143441 0.239861 0.12778 0.108438 0.107722 0.104802 0.0712954 0.0614258 0.0456268 0.0321749 0.0314857 0.0200105 0.0198692 0.00528982 0.00289007
threshold=1.0417592396470798 268.27500000000003 281.69400000000007 96.354999540000009 289.92950000000002 263.73500000000007 28.920000075000004 32.944999695000007 82.810001375000013 89.110000610000014 14.179999830000002 1.0778270864669455 95.735000610000014 28.500000000000004 1.0862275752910466 2.1350000000000002 0.9994839866754136 14.349999905000002 0.011147319589989003 0.9626027689837775 2.2650000000000001 23.234999655000006 0.015998982703725202 1.0403283507934866 61.623220996793741 1.1156287467684647 0.52850872750000011
decision_type=2 2 2 2 2 2 2 2 2 2 2 2 2 2 2 2 2 2 2 2 2 2 2 2 2 2 2
left_child=1 6 7 -4 5 11 8 12 26 17 -11 20 16 -14 18 21 -3 -10 -7 -9 -2 -16 -20 -17 -22 -13 -1
right_child=4 2 3 -5 -6 14 -8 19 9 10 -12 25 13 -15 15 23 -18 -19 22 -21 24 -23 -24 -25 -26 -27 -28
leaf_value=-0.0015240246074947905 -0.0021454433033672661 0.0026057644695409508 0.0092570658451126466 0.0014009884578937834 -0.0047036363117788967 -0.0016439479676025384 -0.0033946352773346002 4.0581346813427291e-06 0.0013242194604932923 0.00036750051658375677 -0.00066150659966311275 -0.0027921848889207465 0.0030945119328570324 0.00042969526340835726 -0.0022448993414041717 0.00076898609542487453 0.0012966657503851084 0.0045102972388267526 0.00065545252743177105 -0.0019017905861906268 -0.0011526638216455465 -0.00087930315818735634 -0.0001130247317487374 -0.00052141096772226911 0 -0.0041927257270405168 -0.002625657982059887
leaf_weight=46 38 121 30 21 37 20 33 22 21 439 461 39 36 199 55 20 140 26 79 33 31 37 107 20 24 37 20
leaf_count=46 38 121 30 21 37 20 33 22 21 439 461 39 36 199 55 20 140 26 79 33 31 37 107 20 24 37 20
internal_value=-2.54604e-06 0.000443421 0.00160762 0.00616905 -0.0013574 -0.00109852 -0.000224633 0.00116957 -0.000115161 1.05433e-05 -0.000156399 -0.00235779 0.00142891 0.000862017 -0.000454933 -0.00117992 0.00192265 0.00320648 0 -0.00109942 -0.00131717 -0.00174331 0.000199088 5.3636e-05 -0.000663244 -0.00355858 -0.00193684
internal_weight=2192 1648 602 51 544 507 1046 551 1013 947 900 169 496 235 338 132 261 47 206 55 93 92 186 40 55 76 66
internal_count=2192 1648 602 51 544 507 1046 551 1013 947 900 169 496 235 338 132 261 47 206 55 93 92 186 40 55 76 66
is_linear=0
shrinkage=0.03


Tree=12
num_leaves=31
num_cat=0
split_feature=11 23 22 19 22 23 19 22 17 23 20 19 23 23 11 23 15 16 11 27 14 15 11 18 19 15 14 14 11 20
split_gain=1.39306 1.34802 1.23237 0.753667 0.470196 0.421439 0.326636 0.313084 0.583363 0.394062 0.302518 0.463802 0.368008 0.238748 0.201765 0.187206 0.146418 0.131046 0.120383 0.104361 0.107805 0.104293 0.103111 0.0897742 0.0774362 0.0672251 0.0451656 0.0351721 0.0316958 0.0282979
threshold=1.0417592396470798 268.27500000000003 281.69400000000007 96.354999540000009 289.92950000000002 263.73500000000007 99.264999390000014 252.37150000000003 0.0020545692598028004 266.78000000000003 2.1250000000000004 82.810001375000013 193.93000000000004 253.49500000000003 1.0778270864669455 267.18000000000001 0.019563384395627603 42.156085772080154 1.0862275752910466 370063.00000000006 0.023190502811539903 0.010039632970223153 0.97206937058819542 0.4885492624943315 95.735000610000014 0.011147319589989003 0.014451377663535403 0.017420701418095503 0.97750206774485193 2.2650000000000001
decision_type=2 2 2 2 2 2 2 2 2 2 2 2 2 2 2 2 2 2 2 2 2 2 2 2 2 2 2 2 2 2
left_child=1 7 6 -4 5 14 16 10 9 -9 13 -12 -13 17 26 -11 21 -1 25 20 -20 -3 -10 -21 -18 -7 -2 -27 -8 -28
right_child=4 2 3 -5 -6 18 28 8 22 15 11 12 -14 -15 -16 -17 24 -19 19 23 -22 -23 -24 -25 -26 27 29 -29 -30 -31
leaf_value=0.00072597340505884636 0 -0.00027466507038016887 0.0089883124962929755 0.001360869283533909 -0.0045662406365828299 -0.0015969780178607573 -0.00011692865232803991 0.00023502672295301009 0.0026076896908725131 -0.0052742850322974851 -0.0018819317255419363 0.0041954752819405652 0.00056353484414955698 -0.0023495489842903158 -0.0034557167704084091 -0.0022889231946558552 0.0010919084029874819 -0.00076107467856000087 -0.0012384568381506446 -0.0035864847884936762 0.0013128397362492975 0.0017694155234059287 -1.6853489063743661e-05 -0.0011081343656054363 -0.00040400937718934279 0.00061039551187732667 -0.0023295798176101272 -0.00019508786843049322 -0.0018690349164285829 -0.00089033995989072862
leaf_weight=76 22 21 30 21 37 20 20 38 28 31 66 26 459 64 76 72 67 165 35 21 24 363 21 52 53 93 34 93 27 37
leaf_count=76 22 21 30 21 37 20 20 38 28 31 66 26 459 64 76 72 67 165 35 21 24 363 21 52 53 93 34 93 27 37
internal_value=-2.62066e-06 0.000430595 0.00156094 0.00599186 -0.0013189 -0.00106748 0.00113527 -0.000217951 -0.00131649 -0.00230072 2.36351e-05 0.000446403 0.000772642 -0.000729278 -0.00229051 -0.00325835 0.0013613 -0.000278671 -0.000442168 -0.00114584 -0.000146058 0.00164941 0.00144504 -0.00190046 0.000408539 0 -0.00127975 0.000192721 -0.00120393 -0.001644
internal_weight=2192 1648 602 51 544 507 551 1046 190 141 856 551 485 305 169 103 504 241 338 132 59 384 49 73 120 206 93 186 47 71
internal_count=2192 1648 602 51 544 507 551 1046 190 141 856 551 485 305 169 103 504 241 338 132 59 384 49 73 120 206 93 186 47 71
is_linear=0
shrinkage=0.03


Tree=13
num_leaves=31
num_cat=0
split_feature=15 16 26 26 26 20 16 19 20 15 21 19 21 19 15 20 18 20 20 19 10 14 21 20 26 16 19 20 15 17
split_gain=1.05148 0.489357 0.420853 0.394007 0.577305 0.545921 0.501447 0.32118 0.311427 0.563012 0.307913 0.288719 0.239095 0.238194 0.188547 0.180603 0.120047 0.119536 0.103204 0.0870375 0.078469 0.073503 0.0722059 0.0905319 0.0616611 0.073138 0.0585236 0.0308995 0.0303594 0.0284669
threshold=0.022493093529162903 62.325786723029701 96.500000000000014 95.500000000000014 94.500000000000014 1.9550000000000003 38.425623931066355 101.17000200000003 1.5050000000000001 0.014640988193958251 29.840000150000005 108.03999710000001 10.595000265000001 105.18000030000002 0.032080148974303807 2.7650000000000001 0.84603124692494591 1.0300000000000002 2.2850000000000006 94.915000915000022 1.0730114212933237 0.016814336266448255 23.875000000000004 2.5350000000000006 94.500000000000014 52.339559226051342 91.319999695000021 1.7650000000000003 0.018466248731954054 0.0049693335077873012
decision_type=2 2 2 2 2 2 2 2 2 2 2 2 2 2 2 2 2 2 2 2 2 2 2 2 2 2 2 2 2 2
left_child=1 3 7 4 6 8 16 14 17 -10 -8 -9 -6 19 24 -14 -1 -5 21 -4 29 27 23 -7 -2 -26 -23 -3 -28 -20
right_child=2 18 13 5 12 22 10 11 9 -11 -12 -13 15 -15 -16 -17 -18 -19 20 -21 -22 26 -24 -25 25 -27 28 -29 -30 -31
leaf_value=0.0042609568096348086 -0.0010919419943698143 -0.00013050424576235503 2.2620103682857002e-05 0.0019138790894781281 0.0017832922223315107 -0.00031131472320868059 0.00063778771817423949 -0.0065207955423328611 0.00055617475707872967 0.0046058163237417248 -0.0021361574151624852 -0.002159737716242058 -0.0011288606928770183 0.0018395318837690865 0.00047596355358308013 0.00068997172248570922 0.0015203751696443015 0.00034434360801125874 -5.3674225594200508e-05 -0.0018123958718060747 -0.001545832268028919 -0.0030007406864315271 0.0014982433684110161 0.0010734664925180796 -0.0014660102858446364 -0.0034790504242531786 -0.0020472796128597108 -0.0014021735623246058 -0.00040949442782439293 0.0012593725422589941
leaf_weight=39 56 51 39 87 31 211 424 26 53 81 38 37 362 39 32 54 32 99 22 47 20 35 30 52 42 42 23 31 29 28
leaf_count=39 56 51 39 87 31 211 424 26 53 81 38 37 362 39 32 54 32 99 22 47 20 35 30 52 42 42 23 31 29 28
internal_value=-3.00265e-06 0.000287085 -0.00148424 0.000478359 0.000101527 0.00107477 0.000770338 -0.0022301 0.00193011 0.0030423 0.000399027 -0.00408018 -0.000689202 -5.16581e-05 -0.00151544 -0.00088448 0.0031057 0.00110083 -0.000971988 -0.00095506 0 -0.00137119 0.000127009 -2.3125e-05 -0.00199204 -0.00253691 -0.00199371 -0.000658503 -0.00121546 0.000633084
internal_weight=2192 1832 360 1593 980 613 533 235 320 134 462 63 447 125 172 416 71 186 239 86 70 169 293 263 140 84 87 82 52 50
internal_count=2192 1832 360 1593 980 613 533 235 320 134 462 63 447 125 172 416 71 186 239 86 70 169 293 263 140 84 87 82 52 50
is_linear=0
shrinkage=0.03


Tree=14
num_leaves=31
num_cat=0
split_feature=11 23 22 19 23 21 21 14 23 17 19 21 14 20 19 13 11 20 14 23 17 14 26 11 21 22 15 19 23 20
split_gain=1.26226 1.22392 1.14826 0.686764 0.414291 0.337216 0.328831 0.299977 0.245504 0.283788 0.292269 0.215668 0.133852 0.13312 0.132438 0.120285 0.0842096 0.11513 0.0794896 0.073451 0.0689379 0.0635882 0.0586207 0.0543392 0.0366002 0.0318609 0.0305065 0.0318578 0.0289564 0.0429738
threshold=1.0430209422219381 268.27500000000003 281.69400000000007 96.354999540000009 268.73000000000008 27.170000080000005 32.944999695000007 0.019453371053432804 268.06000000000006 -0.0094148718539314499 82.810001375000013 16.595000265000007 0.017024223229190453 2.9050000000000007 95.735000610000014 0.9769892795861701 1.0862275752910466 2.1350000000000002 0.025344879117600656 263.73500000000007 0.0018571849819365002 0.011397602915142201 90.500000000000014 0.95766985675424976 14.530000210000003 241.45850000000004 0.014530374396691002 100.09999845000002 280.73000000000008 1.5650000000000002
decision_type=2 2 2 2 2 2 2 2 2 2 2 2 2 2 2 2 2 2 2 2 2 2 2 2 2 2 2 2 2 2
left_child=1 5 6 -4 7 8 12 19 9 11 -11 -1 15 -7 -14 -3 20 28 25 26 22 -10 -6 -8 -24 -9 -2 -28 -18 -30
right_child=4 2 3 -5 16 13 23 18 21 10 -12 -13 14 -15 -16 -17 17 -19 -20 -21 -22 -23 24 -25 -26 -27 27 -29 29 -31
leaf_value=-0.0003625849765920711 -0.00025907981970711892 0.0028257324986532334 0.0086104318586087986 0.0013186751309443602 0.00042336744965157575 -0.00053056851528923623 2.162996753626919e-06 -0.0032572786305681799 -0.0027884522760286928 -0.0017247959311335131 0.00036372096983348261 -0.0033645374084201956 0.0013127692319531514 -0.0038441765865070681 -0.00016159652149433205 0.0013415809911580124 -0.00041214358222416858 0.00046786101520992818 -0.0040836429626937834 0.00034880913105896777 0.00055636522321895283 -0.00051293571414577817 -0.0020166299305190995 -0.0017837725188583134 -0.00032593132186448201 -0.0016870485085621475 -0.002338551582617534 -0.00059324195250784126 -0.00073121994692418313 -0.0025047243532886647
leaf_weight=61 22 74 30 21 26 21 21 31 35 64 785 35 135 30 86 209 21 29 57 26 83 22 27 35 29 49 36 21 26 45
leaf_count=61 22 74 30 21 26 21 21 31 35 64 785 35 135 30 86 209 21 29 57 26 83 22 27 35 29 49 36 21 26 45
internal_value=-2.99758e-06 0.000401232 0.0014688 0.00574874 -0.00128095 -0.000216181 0.00106412 -0.0021957 -9.07403e-05 2.23777e-05 0.000200909 -0.00151138 0.00130919 -0.00257388 0.000727377 0.00174881 -0.000491532 -0.00109009 -0.00312635 -0.000935082 -3.05902e-05 -0.00198589 -0.000660393 -0.00107313 -0.0012148 -0.00236525 -0.00139421 -0.00176858 -0.0016132 -0.00191611
internal_weight=2192 1664 611 51 528 1053 560 242 1002 945 849 96 504 51 221 283 286 121 137 105 165 57 82 56 56 80 79 57 92 71
internal_count=2192 1664 611 51 528 1053 560 242 1002 945 849 96 504 51 221 283 286 121 137 105 165 57 82 56 56 80 79 57 92 71
is_linear=0
shrinkage=0.03


Tree=15
num_leaves=30
num_cat=0
split_feature=11 23 22 20 22 23 21 21 17 23 19 21 11 15 11 11 20 14 11 11 19 15 11 14 14 0 20 12 14
split_gain=1.19136 1.1568 1.07526 0.660927 0.403704 0.362851 0.3181 0.299843 0.249466 0.280729 0.274682 0.201491 0.169989 0.12907 0.109637 0.102485 0.0895217 0.0760317 0.0754251 0.0617071 0.0578617 0.0571677 0.0514052 0.040502 0.0321164 0.0283788 0.0258513 0.0165276 0.013033
threshold=1.0417592396470798 268.27500000000003 281.69400000000007 1.9550000000000003 289.92950000000002 263.73500000000007 28.920000075000004 30.755000115000005 -0.0094148718539314499 268.06000000000006 82.810001375000013 14.684999945000003 1.0778270864669455 0.019563384395627603 0.9994839866754136 1.0862275752910466 2.1350000000000002 0.011624469744081151 0.94777839296993915 0.95766985675424976 95.735000610000014 0.011147319589989003 0.95766985675424976 0.014451377663535403 0.017420701418095503 0.031057836511333304 2.2650000000000001 1.0293141794533482 0.019453371053432804
decision_type=2 2 2 2 2 2 2 2 2 2 2 2 2 2 2 2 2 2 2 2 2 2 2 2 2 2 2 2 2
left_child=1 6 7 -4 5 12 8 13 11 10 -10 22 23 14 -3 21 25 -11 -13 -9 -15 -7 -1 -2 -23 -17 -25 -18 -14
right_child=4 2 3 -5 -6 15 -8 19 9 17 -12 18 28 20 -16 16 27 -19 -20 -21 -22 24 -24 26 -26 -27 -28 -29 -30
leaf_value=0.00099654383463380122 0 0.0021276019252583623 0.008390340919456174 0.0012387962915765289 -0.0042315243381369667 -0.0014708842198763573 -0.0030610285059220212 0.00017513027202803642 -0.0016738481246221524 -0.0026946375176310536 0.00035045180212542104 -0.0015846732543731506 -0.0019261876248887607 0.00099377472000538973 0.0010291410852987014 -0.0018669868060193647 0.00071295145380177673 -0.00023481431829610041 -0.0041421401989848719 -0.0015561602457426487 -0.00030535074511471274 0.00057905584651025683 -0.00096795395269989968 -0.0021891180380114485 -0.00019028047645437292 -0.00038149946011518211 -0.00081212233698093575 -0.00045479152098830259 -0.0035528743306763081
leaf_weight=22 22 183 30 21 37 20 33 29 64 39 788 34 20 67 182 71 20 20 22 39 51 93 24 34 93 21 37 20 56
leaf_count=22 22 183 30 21 37 20 33 29 64 39 788 34 20 67 182 71 20 20 22 39 51 93 24 34 93 21 37 20 56
internal_value=-3.4509e-06 0.000397074 0.00144423 0.00558373 -0.00122081 -0.000987294 -0.00020353 0.00104623 -0.000104558 5.04273e-05 0.000193091 -0.00150496 -0.00212239 0.00131097 0.00159238 -0.000406308 -0.0010556 -0.00192861 -0.00269707 -0.0007825 0.000409231 0 0 -0.00118982 0.000179384 -0.00156791 -0.00153444 5.90575e-05 -0.00319433
internal_weight=2192 1648 602 51 544 507 1046 551 1013 911 852 102 169 483 365 338 132 59 56 68 118 206 46 93 186 92 71 40 76
internal_count=2192 1648 602 51 544 507 1046 551 1013 911 852 102 169 483 365 338 132 59 56 68 118 206 46 93 186 92 71 40 76
is_linear=0
shrinkage=0.03


Tree=16
num_leaves=30
num_cat=0
split_feature=11 23 22 19 22 23 21 21 27 17 23 11 15 21 15 13 23 11 27 14 18 11 19 15 14 21 17 20 14
split_gain=1.12378 1.09091 1.01467 0.624214 0.379965 0.342257 0.299705 0.282251 0.241377 0.231569 0.206637 0.159674 0.156187 0.138665 0.121434 0.13118 0.108027 0.0965302 0.09039 0.094348 0.0803676 0.0583007 0.0545731 0.0538989 0.0381371 0.034225 0.0307382 0.0240802 0.011567
threshold=1.0417592396470798 268.27500000000003 281.69400000000007 96.354999540000009 289.92950000000002 263.73500000000007 28.920000075000004 30.755000115000005 583419.00000000012 -0.0094148718539314499 268.06000000000006 1.0778270864669455 0.018212054654061654 16.595000265000007 0.019563384395627603 0.9769892795861701 261.03500000000003 1.0862275752910466 370063.00000000006 0.023190502811539903 0.4885492624943315 0.95766985675424976 95.735000610000014 0.011147319589989003 0.014451377663535403 12.260000230000001 -0.0034936115609749993 2.2650000000000001 0.019453371053432804
decision_type=2 2 2 2 2 2 2 2 2 2 2 2 2 2 2 2 2 2 2 2 2 2 2 2 2 2 2 2 2
left_child=1 6 7 -4 5 11 8 14 9 13 -11 24 16 -1 15 -3 -10 23 19 -19 -20 -9 -16 -7 -2 -14 -25 -26 -13
right_child=4 2 3 -5 -6 17 -8 21 12 10 -12 28 25 -15 22 -17 -18 18 20 -21 -22 -23 -24 26 27 -27 -28 -29 -30
leaf_value=-0.00058863624678661092 0 0.0025911005389132038 0.0081514652015701426 0.0011966779831458221 -0.004107919248678771 -0.0014288589778755391 -0.0029718985902419423 0.00017005149814067406 0.00089793865496552933 6.5028979200617996e-06 -0.0019145085844534653 -0.001871153707749077 0.0035116326474318544 -0.0030132693162720123 0.00096439990727573306 0.0011989071050393443 -0.0012007127505694996 -0.0011197162496003631 -0.0033194747875359924 0.0012695648740231988 -0.00097610265795000878 -0.001510642579360865 -0.00029636638378724455 -0.00058445130686353268 -0.0021253208615950175 0.0013940298869926481 0.00037171347243604121 -0.00078839980206440053 -0.0034481580488530824
leaf_weight=52 22 87 30 21 37 20 33 29 84 711 53 20 20 41 67 278 28 35 21 24 52 39 51 35 34 24 151 37 56
leaf_count=52 22 87 30 21 37 20 33 29 84 711 53 20 20 41 67 278 28 35 21 24 52 39 51 35 34 24 151 37 56
internal_value=-3.92284e-06 0.000385036 0.00140195 0.00542351 -0.00118629 -0.000959501 -0.000198141 0.00101514 -0.000101982 -0.000302457 -0.000125168 -0.00206205 0.000975154 -0.00171016 0.00127207 0.00154511 0.000340744 -0.000394921 -0.00102506 -9.28444e-05 -0.00172651 -0.000758321 0.000396371 0 -0.00115647 0.00247989 0.000173584 -0.00149091 -0.00310181
internal_weight=2192 1648 602 51 544 507 1046 551 1013 857 764 169 156 93 483 365 112 338 132 59 73 68 118 206 93 44 186 71 76
internal_count=2192 1648 602 51 544 507 1046 551 1013 857 764 169 156 93 483 365 112 338 132 59 73 68 118 206 93 44 186 71 76
is_linear=0
shrinkage=0.03


Tree=17
num_leaves=31
num_cat=0
split_feature=11 23 22 20 22 23 21 21 27 26 22 26 26 11 19 26 11 11 27 14 11 11 22 17 27 11 14 20 27 14
split_gain=1.06083 1.02807 0.957496 0.600911 0.357565 0.32274 0.282501 0.26637 0.227772 0.257542 0.319401 0.158576 0.194194 0.14997 0.11698 0.201176 0.0909979 0.0905165 0.0853704 0.0889762 0.0772851 0.075694 0.0576329 0.0479405 0.0705336 0.0437035 0.0359091 0.0224189 0.0161087 0.0102094
threshold=1.0417592396470798 268.27500000000003 281.69400000000007 1.9550000000000003 289.92950000000002 263.73500000000007 28.920000075000004 32.944999695000007 583419.00000000012 96.500000000000014 253.04550000000003 94.500000000000014 53.000000000000007 1.0778270864669455 95.735000610000014 28.500000000000004 1.0862275752910466 0.9994839866754136 370063.00000000006 0.023190502811539903 1.132586092035504 0.92963847458385185 243.12750000000003 0.0018571849819365002 459124.00000000006 0.95766985675424976 0.014451377663535403 2.2650000000000001 363552.50000000006 0.019453371053432804
decision_type=2 2 2 2 2 2 2 2 2 2 2 2 2 2 2 2 2 2 2 2 2 2 2 2 2 2 2 2 2 2
left_child=1 6 7 -4 5 13 8 14 9 10 -1 12 -10 26 17 -16 23 -3 19 -18 -20 -13 -11 24 -7 -9 -2 -28 -25 -15
right_child=4 2 3 -5 -6 16 -8 25 11 22 -12 21 -14 29 15 -17 18 -19 20 -21 -22 -23 -24 28 -26 -27 27 -29 -30 -31
leaf_value=-0.0004149760501698623 0 0.002278049082401758 0.0079437471772393874 0.0011216341550885276 -0.0039879247853287347 0.00010266852513086632 -0.0028853638457298713 0 0.0008660710257794356 0.002031293771800495 -0.0041928994836551801 0.0012255795098120165 0.0043622035976837977 -0.0018176921731127157 0.0027370792897732773 0.00029865415267973727 -0.001087057850556448 0.0010790282549123537 -0.00089737584826755598 0.0012330014030635355 -0.0031409053779207167 -0.00063201751029959665 0.00049724745349296175 -0.00020537786793595712 -0.0015084255508090545 -0.0016047924498362198 -0.0020633829302021435 -0.00076537024161150741 0.00063403619886428879 -0.0033465281357915187
leaf_weight=692 22 121 30 21 37 63 33 21 52 30 20 30 21 20 36 199 35 140 50 24 23 53 115 20 36 34 34 37 87 56
leaf_count=692 22 121 30 21 37 63 33 21 52 30 20 30 21 20 36 199 35 140 50 24 23 53 115 20 36 34 34 37 87 56
internal_value=-4.11849e-06 0.00037375 0.00136096 0.00526793 -0.00115293 -0.000932687 -0.000192308 0.000985016 -9.88602e-05 -0.000293681 -0.000531037 0.000947352 0.00195771 -0.00200347 0.00120738 0.000694927 -0.000384117 0.00165292 -0.000995917 -8.84841e-05 -0.00167767 1.02859e-05 0.000846923 0 -0.00046241 -0.000952482 -0.0011241 -0.00144865 0.00044891 -0.003012
internal_weight=2192 1648 602 51 544 507 1046 551 1013 857 712 156 73 169 496 235 338 261 132 59 73 83 145 206 99 55 93 71 107 76
internal_count=2192 1648 602 51 544 507 1046 551 1013 857 712 156 73 169 496 235 338 261 132 59 73 83 145 206 99 55 93 71 107 76
is_linear=0
shrinkage=0.03


Tree=18
num_leaves=29
num_cat=0
split_feature=11 23 22 19 21 19 23 22 22 19 26 23 20 26 15 11 20 19 11 27 11 27 17 17 26 21 19 20
split_gain=1.00236 0.950097 0.830191 1.02333 0.305821 0.280568 0.271338 0.26721 0.249928 0.234951 0.234793 0.230228 0.190408 0.245842 0.141495 0.127027 0.110216 0.105691 0.0958226 0.0671675 0.12369 0.104283 0.0489665 0.0329253 0.0206106 0.018901 0.00908857 0.00641574
threshold=1.059817298916969 268.27500000000003 281.69400000000007 98.625000000000014 25.409999850000002 102.70999905000001 267.78000000000003 252.37150000000003 253.04550000000003 95.735000610000014 87.500000000000014 267.18000000000001 2.3650000000000007 69.500000000000014 0.024062863769374155 0.9994839866754136 2.3150000000000004 91.900001525000008 0.94951054981860894 370063.00000000006 1.1268260414617142 348114.00000000006 0.00099903205420740025 0.0037687373480822504 95.500000000000014 18.920000075000001 96.185001375000013 1.7750000000000001
decision_type=2 2 2 2 2 2 2 2 2 2 2 2 2 2 2 2 2 2 2 2 2 2 2 2 2 2 2 2
left_child=1 4 9 -4 5 8 14 -6 10 15 -1 -9 18 -14 16 25 -2 -17 -11 21 22 27 -21 -18 -24 -3 -16 -8
right_child=6 2 3 -5 7 -7 19 11 -10 12 -12 -13 13 -15 26 17 23 -19 -20 20 -22 -23 24 -25 -26 -27 -28 -29
leaf_value=0.00058963388811833668 -0.0028770159631120889 0.001625572235639473 0.0075076365149334863 -0.00059339609792964036 0.00040847217111731883 0.0022611619468323537 -0.0010780687898135509 -0.0048123639997502323 -0.0031186888097570488 0.0011750942279316443 -0.00043338439887402429 -0.0010782652325129934 0.0036492261019565402 -0.00016136289384615206 -0.0026638966648151042 0 0 0.0014350019830921246 -0.00032081559785436108 -0.0019620408178972347 -0.0029348083335374083 0.0016353761056670916 -0.00061457104488457127 -0.0013964284220710395 0.00028823360907394557 0.0026838473884510947 -0.004564187735319138 -0.0001616269412175329
leaf_weight=284 43 62 37 21 29 42 29 31 25 45 683 34 30 27 22 71 26 121 230 20 27 23 61 32 30 60 26 21
leaf_count=284 43 62 37 21 29 42 29 31 25 45 683 34 30 27 22 71 26 121 230 20 27 23 61 32 30 60 26 21
internal_value=-4.00416e-06 0.000279194 0.00114396 0.00456331 -0.000258393 -0.000105551 -0.00145026 -0.00188927 -0.000210952 0.00082574 -0.000129534 -0.00295053 0.000256918 0.00182082 -0.00243567 0.00141492 -0.00171419 0.000899349 -6.17901e-05 -0.000732049 -0.00111903 0 -0.000628313 -0.000767095 -0.000284437 0.00218801 -0.00382659 -0.000762703
internal_weight=2192 1832 704 58 1128 1034 360 94 992 646 967 65 332 57 149 314 101 192 275 211 138 73 111 58 91 122 48 50
internal_count=2192 1832 704 58 1128 1034 360 94 992 646 967 65 332 57 149 314 101 192 275 211 138 73 111 58 91 122 48 50
is_linear=0
shrinkage=0.03


Tree=19
num_leaves=30
num_cat=0
split_feature=11 23 22 19 22 23 21 21 27 26 15 26 26 11 14 19 15 11 15 27 14 11 24 15 11 15 14 26 14
split_gain=0.954527 0.913405 0.849686 0.538364 0.322631 0.289802 0.252199 0.24472 0.214047 0.240068 0.286288 0.144079 0.183994 0.130837 0.114054 0.113093 0.106547 0.0817617 0.0802726 0.0759755 0.0802379 0.068263 0.0556876 0.0485653 0.0399368 0.0345717 0.0289212 0.0206952 0.00903501
threshold=1.0417592396470798 268.27500000000003 281.69400000000007 96.354999540000009 289.92950000000002 263.73500000000007 28.920000075000004 32.944999695000007 583419.00000000012 96.500000000000014 0.016061816555374451 94.500000000000014 53.000000000000007 1.0778270864669455 0.017024223229190453 95.735000610000014 0.010039632970223153 1.0862275752910466 0.016683298693641404 370063.00000000006 0.023190502811539903 1.132586092035504 1.3878961900000002 0.011147319589989003 0.95766985675424976 0.014732738875457452 0.016598940010342504 96.500000000000014 0.019453371053432804
decision_type=2 2 2 2 2 2 2 2 2 2 2 2 2 2 2 2 2 2 2 2 2 2 2 2 2 2 2 2 2
left_child=1 6 7 -4 5 13 8 14 9 10 -1 12 -10 25 16 -16 -3 23 -13 20 -19 -21 -11 -7 -9 -2 -25 -27 -15
right_child=4 2 3 -5 -6 17 -8 24 11 22 -12 18 -14 28 15 -17 -18 19 -20 21 -22 -23 -24 26 -26 27 -28 -29 -30
leaf_value=1.2399758709655883e-05 0 -0.00037426104291344843 0.0074992316062411956 0.0010344870664941315 -0.0037880456162812681 -0.0013572043906897307 -0.0027237948072308745 0 0.0008232238658194271 0 -0.0011925343697908491 -0.00065216198047174942 0.0042273760878226976 -0.0016996479581243224 0.0011458246470741763 -0.00023046181337798343 0.0017205564743447259 -0.0010350814441141363 0.0012471087949561478 -0.00084839003934757769 0.0011674494256451726 -0.002966228620614856 0.0012640879521326671 0.00058503628890529003 -0.0015486747204193046 -0.0018256861155231793 -0.00014888311989712886 -0.00053735690552691399 -0.003162535020738448
leaf_weight=402 22 21 30 21 37 20 33 21 52 53 310 52 21 20 133 84 258 35 31 50 24 23 92 83 34 44 103 27 56
leaf_count=402 22 21 30 21 37 20 33 21 52 53 310 52 21 20 133 84 258 35 31 50 24 23 92 83 34 44 103 27 56
internal_value=-4.13279e-06 0.000354232 0.00128479 0.00496606 -0.00109393 -0.000884344 -0.000179179 0.000930245 -9.07217e-05 -0.000279683 -0.00050895 0.000923414 0.00188693 -0.00189924 0.00114354 0.000600694 0.00155139 -0.000363941 2.78916e-05 -0.000943865 -8.46116e-05 -0.00158726 0.000821323 0 -0.000925827 -0.00107355 0.000163953 -0.00139169 -0.0028436
internal_weight=2192 1648 602 51 544 507 1046 551 1013 857 712 156 73 169 496 217 279 338 83 132 59 73 145 206 55 93 186 71 76
internal_count=2192 1648 602 51 544 507 1046 551 1013 857 712 156 73 169 496 217 279 338 83 132 59 73 145 206 55 93 186 71 76
is_linear=0
shrinkage=0.03


Tree=20
num_leaves=31
num_cat=0
split_feature=11 23 19 23 23 23 23 19 21 23 17 19 21 11 14 23 18 21 23 11 27 14 14 15 18 17 27 17 15 16
split_gain=0.90128 0.859695 0.444306 0.306975 0.313837 0.286251 0.80767 0.318727 0.237823 0.208686 0.245506 0.248139 0.172864 0.162143 0.13844 0.129284 0.106824 0.0916099 0.0810571 0.0723877 0.0919291 0.0722405 0.0620462 0.058445 0.0543586 0.0480248 0.060038 0.0259871 0.0234606 0.0207555
threshold=1.0417592396470798 268.27500000000003 98.454998015000015 267.78000000000003 266.93500000000006 284.31000000000006 278.19500000000005 94.774997710000022 28.920000075000004 268.06000000000006 -0.0094148718539314499 82.810001375000013 14.684999945000003 1.1156287467684647 0.015925847850086453 316.64500000000004 0.61672967832466929 29.840000150000005 263.73500000000007 1.0875803152244656 370063.00000000006 0.011624469744081151 0.023190502811539903 0.014229592202008352 0.4885492624943315 0.0018571849819365002 459124.00000000006 0.00099903205420740025 0.022933405422378053 45.65976452498743
decision_type=2 2 2 2 2 2 2 2 2 2 2 2 2 2 2 2 2 2 2 2 2 2 2 2 2 2 2 2 2 2
left_child=1 8 5 4 13 6 14 -8 9 10 12 -12 -1 18 -3 16 -7 27 23 25 22 -11 -21 -2 -22 26 -5 -4 -26 -19
right_child=3 2 17 19 -6 15 7 -9 -10 21 11 -13 -14 -15 -16 -17 -18 29 -20 20 24 -23 -24 -25 28 -27 -28 -29 -30 -31
leaf_value=0 0 0.0022803740823853086 -0.00025767359679395506 3.0563982833615117e-05 -0.0052939295593811119 0.0015416865271562711 0.0024380939872219011 0.0072037152917803944 -0.0026444843146566518 -0.002548383750440553 -0.0015864314173572123 0.00033723948069534619 -0.0024667029905984621 -0.003235940305561554 0.00023049972772698951 0.0025006417229305952 0.00027242046214926699 -0.00056499257830104654 0.00017483940475753373 -0.00093874734916306779 -0.0030255928114056585 -0.000157494555676489 0.0011475012787698728 -0.0016537504935311565 -0.00029132124427545429 0.00034727015604523972 -0.0014961751236696726 0.00099962687699007798 -0.0017380539666116237 -0.0021704039353017618
leaf_weight=46 20 54 32 50 22 99 25 36 33 39 64 788 56 40 73 47 168 20 34 28 21 20 22 112 28 106 37 23 24 25
leaf_count=46 20 54 32 50 22 99 25 36 33 39 64 788 56 40 73 47 168 20 34 28 21 20 22 112 28 106 37 23 24 25
internal_value=-4.16428e-06 0.000344023 0.00124683 -0.00106317 -0.00190391 0.00161162 0.00254712 0.0053698 -0.000173393 -8.74059e-05 1.7396e-05 0.000187531 -0.00136263 -0.00150355 0.00113654 0.00103568 0.000758238 -0.00055255 -0.00105126 -0.000443003 -0.00101043 -0.00180405 0 -0.00138857 -0.00168193 -6.25669e-05 -0.000594271 0.000222997 -0.00103584 -0.0015499
internal_weight=2192 1648 602 544 228 502 188 61 1046 1013 954 852 102 206 127 314 267 100 166 316 123 59 50 132 73 193 87 55 52 45
internal_count=2192 1648 602 544 228 502 188 61 1046 1013 954 852 102 206 127 314 267 100 166 316 123 59 50 132 73 193 87 55 52 45
is_linear=0
shrinkage=0.03


Tree=21
num_leaves=29
num_cat=0
split_feature=23 15 26 22 19 20 22 10 23 20 26 23 10 15 15 23 21 21 14 21 19 26 17 20 23 14 10 17
split_gain=0.749807 0.515171 0.497594 0.372187 1.55457 0.20174 0.287715 0.194511 0.191374 0.239453 0.297286 0.203232 0.190943 0.179722 0.160248 0.147364 0.137277 0.11338 0.0716628 0.0679176 0.0655077 0.0506787 0.0457604 0.040745 0.0405742 0.0378968 0.0243283 0.0126844
threshold=268.27500000000003 0.023976237755223704 96.500000000000014 281.69400000000007 97.384998320000008 2.3250000000000006 256.03400000000005 1.056146729330443 268.06000000000006 2.1250000000000004 87.500000000000014 253.49500000000003 1.0405386300797945 0.0098140156052885525 0.014640988193958251 267.18000000000001 26.960000035000004 19.649999620000003 0.011668091485247651 17.340000150000005 104.96500015000002 95.500000000000014 0.0096312535831941017 2.5350000000000006 307.17000000000007 0.018612224542105253 1.044322891289325 0.0015400306138613502
decision_type=2 2 2 2 2 2 2 2 2 2 2 2 2 2 2 2 2 2 2 2 2 2 2 2 2 2 2 2
left_child=1 7 17 5 25 6 24 8 9 11 -11 -1 13 -8 -7 -4 -6 26 -10 23 -19 -14 -9 -16 27 -5 -3 -2
right_child=3 2 15 4 16 14 12 22 18 10 -12 -13 21 -15 19 -17 -18 20 -20 -21 -22 -23 -24 -25 -26 -27 -28 -29
leaf_value=-0.00031438029590249056 -0.001983439796520397 -0.0016129438696147569 -0.0015096053907485757 0.0083068386699472162 0.00056797950293985191 0.0032599492010970911 -0.0013309018900720675 -0.0025899714587155629 -0.0024658756158314646 0.0013782089386925849 -7.436837036670969e-05 -0.002210459046489136 -0.0011416032847913838 0.00090582364177553489 0.00098954409125726669 0.0016191178282460895 -0.0021386284975035649 -0.0057074148613214491 -0.00027290486913765418 0.0019987370065124382 -0.0026772809528878756 4.8764840130590722e-05 -0.00068146621577370049 -0.00052674635918810962 -4.7671862835572445e-06 0.0049721673354506486 -0.0032726712511344388 -0.00077249676128121787
leaf_weight=249 49 42 22 20 39 35 33 36 41 166 513 65 66 437 29 31 27 24 25 28 20 53 25 31 21 21 21 23
leaf_count=249 49 42 22 20 39 35 33 36 41 166 513 65 66 437 29 31 27 24 25 28 20 53 25 31 21 21 21 23
internal_value=-4.23252e-06 -0.000473795 -0.00206318 0.000651314 0.00231175 0.000424294 0.000216441 -0.000242426 -0.000143596 -3.57644e-05 0.000277846 -0.000722176 0.000465502 0.000739915 0.00154155 0.000260942 -0.000509887 -0.00323392 -0.00169645 0.000795436 -0.00448685 -0.000590451 -0.00187979 0.000161155 -0.0013172 0.00682932 -0.00225555 -0.00165359
internal_weight=2192 1280 160 912 107 805 682 1120 1059 993 679 314 589 470 123 53 66 107 66 88 44 119 61 60 93 41 63 72
internal_count=2192 1280 160 912 107 805 682 1120 1059 993 679 314 589 470 123 53 66 107 66 88 44 119 61 60 93 41 63 72
is_linear=0
shrinkage=0.03


Tree=22
num_leaves=31
num_cat=0
split_feature=11 23 22 20 23 22 27 19 17 22 27 11 11 15 15 20 23 15 15 20 11 27 14 19 18 19 17 17 27 20
split_gain=0.819862 0.766641 0.706585 0.472704 0.274986 0.281044 0.226852 0.206214 0.187928 0.158581 0.293837 0.150616 0.144735 0.132359 0.103738 0.101046 0.0935405 0.0762267 0.0699198 0.0746005 0.0648044 0.0838616 0.0573016 0.0553492 0.0505623 0.0457373 0.0448728 0.0448159 0.0555459 0.0232732
threshold=1.0417592396470798 268.27500000000003 281.69400000000007 1.9350000000000003 267.78000000000003 289.92950000000002 583419.00000000012 99.264999390000014 -0.0094148718539314499 237.44500000000002 334926.50000000006 0.91732576789427644 1.1156287467684647 0.018278334347026002 0.019563384395627603 2.3150000000000004 261.03500000000003 0.010039632970223153 0.026535519439095556 2.1750000000000003 1.0875803152244656 370063.00000000006 0.023190502811539903 94.310001370000023 0.4885492624943315 93.61500168000002 -0.0037649529737022497 0.0018571849819365002 459124.00000000006 1.9950000000000003
decision_type=2 2 2 2 2 2 2 2 2 2 2 2 2 2 2 2 2 2 2 2 2 2 2 2 2 2 2 2 2 2
left_child=1 6 7 -4 5 12 8 14 18 10 -10 -11 15 16 17 -2 26 -3 19 -1 27 22 -22 -17 -23 -16 -8 28 -6 -26
right_child=4 2 3 -5 20 -7 13 -9 9 11 -12 -13 -14 -15 25 23 -18 -19 -20 -21 21 24 -24 -25 29 -27 -28 -29 -30 -31
leaf_value=-0.0022460970026591128 -0.0019385785727403487 -0.00035459665160372182 0.0070096563339233399 0.00098723730307234366 1.8907582877813287e-05 -0.0050219424282727035 0.0020462347426536405 -0.00099659906422311893 0.0033484492493793365 0.00072839195364037175 0 -0.00057698094137061378 -0.0030697843697739813 0.0023640465046528996 0.00078155118889522283 0.00037830264783309149 -0.0011058872336971346 0.0013819231967672648 -0.0031574887226928361 -0.00027211516274604946 -0.00090112864358575441 -0.002902288853783499 0.0011037966863292714 -0.00098799767450950403 -0.00013801039701327679 -0.00036401515070714856 0.00038423163740834059 0.0003292755931743668 -0.001446853204030623 -0.001569055745570824
leaf_weight=30 64 21 29 22 50 22 21 47 29 90 113 558 40 40 65 44 28 363 21 49 28 21 22 58 24 55 67 106 37 28
leaf_count=30 64 21 29 22 50 22 21 47 29 90 113 558 40 40 65 44 28 363 21 49 28 21 22 58 24 55 67 106 37 28
internal_value=-4.53292e-06 0.000327491 0.00118006 0.00453839 -0.00101463 -0.00181066 -0.000160977 0.000856123 -0.000348533 -0.000188171 0.00070913 -0.000390214 -0.00143061 0.000885351 0.00103647 -0.00100165 0.000333967 0.00127849 -0.00157128 -0.00107793 -0.000426916 -0.000964102 0 -0.000371536 -0.00160545 0.000233037 0.000833089 -6.58951e-05 -0.000579729 -0.000980243
internal_weight=2192 1648 602 51 544 228 1046 551 890 790 142 648 206 156 504 166 116 384 100 79 316 123 50 102 73 120 88 193 87 52
internal_count=2192 1648 602 51 544 228 1046 551 890 790 142 648 206 156 504 166 116 384 100 79 316 123 50 102 73 120 88 193 87 52
is_linear=0
shrinkage=0.03


Tree=23
num_leaves=31
num_cat=0
split_feature=11 23 22 19 22 17 23 20 19 23 23 23 19 23 20 22 16 11 11 15 19 20 11 27 11 27 17 17 21 21
split_gain=0.775264 0.709165 0.617817 0.795634 0.265774 0.34769 0.364669 0.285873 0.34829 0.343332 0.206186 0.199714 0.191953 0.169515 0.156987 0.210366 0.130673 0.127263 0.112473 0.105544 0.095609 0.0873029 0.0818116 0.0520377 0.097149 0.0878769 0.0439454 0.0270159 0.0250331 0.0178767
threshold=1.059817298916969 268.27500000000003 281.69400000000007 98.625000000000014 251.43850000000003 0.0020545692598028004 266.78000000000003 2.1250000000000004 82.810001375000013 192.74500000000003 267.78000000000003 253.49500000000003 95.735000610000014 267.18000000000001 2.3650000000000007 255.22300000000004 42.156085772080154 0.97056788625895851 0.9994839866754136 0.024062863769374155 91.900001525000008 2.3150000000000004 0.94951054981860894 370063.00000000006 1.1268260414617142 348114.00000000006 0.00099903205420740025 0.0037687373480822504 13.170000080000003 18.920000075000001
decision_type=2 2 2 2 2 2 2 2 2 2 2 2 2 2 2 2 2 2 2 2 2 2 2 2 2 2 2 2 2 2
left_child=1 4 12 -4 7 6 -6 11 -9 -10 19 16 18 -8 22 -16 -1 -7 29 21 -20 -2 -14 25 26 -12 -25 -23 -13 -3
right_child=10 2 3 -5 5 17 13 8 9 -11 23 28 14 -15 15 -17 -18 -19 20 -21 -22 27 -24 24 -26 -27 -28 -29 -30 -31
leaf_value=0.00071557543687099075 -0.0025422102204015985 0.001437835611635819 0.0065408068005191654 -0.00058726754226848818 0 0.0022689305855410876 -0.0045869122397255253 -0.0016040105798608387 0.0042097608018666502 0.0005067488425090841 -0.00070368888074367792 -0.00094354370954845626 0.0010534052153310291 -0.0019044392079184133 -0.00063303284232758665 0.0030009384688770243 -0.00074770119216762928 -0.00042255483700137121 -7.1145206535220496e-05 -0.0033466367964841886 0.0012747866552311683 0 -0.00032687614916887303 -0.0018100653304053203 -0.0026007219998698148 0.00149770822096616 -0.00022345093678576751 -0.0012272204364840449 -0.0025995691288658914 0.0024482395472157684
leaf_weight=76 43 62 37 21 64 28 36 66 23 484 50 20 45 73 21 36 181 31 71 48 121 26 230 20 27 23 91 32 46 60
leaf_count=76 43 62 37 21 64 28 36 66 23 484 50 20 45 73 21 36 181 31 71 48 121 26 230 20 27 23 91 32 46 60
internal_value=-4.59167e-06 0.000244302 0.00099151 0.00394289 -0.000219848 -0.00112262 -0.00180372 1.15521e-05 0.000416966 0.000688597 -0.00127666 -0.000697458 0.000716204 -0.00285131 0.00020137 0.00162255 -0.000302257 0.000821287 0.00124866 -0.00213696 0.000763738 -0.00150547 -8.7144e-05 -0.000647793 -0.000988411 0 -0.000549722 -0.000655951 -0.00216409 0.00197501
internal_weight=2192 1832 704 58 1128 232 173 896 573 507 360 323 646 109 332 57 257 59 314 149 192 101 275 211 138 73 111 58 66 122
internal_count=2192 1832 704 58 1128 232 173 896 573 507 360 323 646 109 332 57 257 59 314 149 192 101 275 211 138 73 111 58 66 122
is_linear=0
shrinkage=0.03


Tree=24
num_leaves=31
num_cat=0
split_feature=11 23 22 22 22 23 27 26 22 15 21 26 26 11 16 15 26 10 11 11 20 23 21 11 15 11 15 21 15 26
split_gain=0.738833 0.679614 0.627117 0.433812 0.248488 0.221424 0.207728 0.204215 0.413819 0.251148 0.202708 0.127484 0.167947 0.0981292 0.0978132 0.107575 0.104589 0.0841166 0.0691286 0.0631841 0.0589866 0.0550237 0.0933043 0.0475926 0.0403506 0.0378567 0.0288142 0.023387 0.0227435 0.019335
threshold=1.0417592396470798 268.27500000000003 281.69400000000007 283.52150000000006 289.92950000000002 263.73500000000007 583419.00000000012 95.500000000000014 253.04550000000003 0.015838256679715404 30.755000115000005 94.500000000000014 53.000000000000007 1.0778270864669455 44.710283397979261 0.018212054654061654 41.000000000000007 1.0139202767495634 0.92963847458385185 1.0862275752910466 2.1150000000000007 238.23000000000005 26.059999465000001 0.94316914335993884 0.011147319589989003 0.95766985675424976 0.014750493633888603 23.234999655000006 0.015998982703725202 96.500000000000014
decision_type=2 2 2 2 2 2 2 2 2 2 2 2 2 2 2 2 2 2 2 2 2 2 2 2 2 2 2 2 2 2
left_child=1 6 10 -4 5 13 7 8 9 -1 14 12 17 26 16 -16 -3 -8 -13 24 27 23 -23 -9 -7 -12 -2 -21 -26 -28
right_child=4 2 3 -5 -6 19 11 21 -10 -11 25 18 -14 -15 15 -17 -18 -19 -20 20 -22 22 -24 -25 28 -27 29 -29 -30 -31
leaf_value=0.00019710714190362275 0 0.0033119608737528323 0.0075349928425116975 0.0017315008392287117 -0.0033311047379393131 -0.0012401122248598506 0.0017375489931291666 0.00098610929564826866 -0.0036308162642642856 -0.0011105160097068271 3.4956254099961364e-05 0.0011707540327502834 0.003992876517501744 -0.0024881973363143125 0.0010874250385816502 -5.4961070386670028e-05 0.0012305469555653605 -0.00060788040252571761 -0.0006044613872727495 -0.0017100401749078815 1.4279987991110163e-05 0.00077704637810876152 -0.0012494573871345809 -0.00052805806625820138 0.00053664852634428817 -0.0012949912157608195 -0.0016645993316249752 -0.00054418776020113578 -0.0001158671503006998 -0.00042831938337102267
leaf_weight=263 23 29 21 30 37 20 31 21 39 258 29 30 21 76 213 106 135 21 53 52 43 188 21 100 79 39 43 37 107 27
leaf_count=263 23 29 21 30 37 20 31 21 39 258 29 30 21 76 213 106 135 21 53 52 43 188 21 100 79 39 43 37 107 27
internal_value=-4.70472e-06 0.000310415 0.00111316 0.00427781 -0.000963656 -0.000778761 -0.000149343 -0.00032894 -0.000678824 -0.00044557 0.000807591 0.000851745 0.00175772 -0.00166649 0.00102591 0.000699463 0.00163463 0.000740155 7.76738e-06 -0.00032244 -0.000832203 0.000255995 0.00055416 -0.00023475 0 -0.000692043 -0.000943746 -0.00127013 0.000146622 -0.00124275
internal_weight=2192 1648 602 51 544 507 1046 890 560 521 551 156 73 169 483 319 164 52 83 338 132 330 209 121 206 68 93 89 186 70
internal_count=2192 1648 602 51 544 507 1046 890 560 521 551 156 73 169 483 319 164 52 83 338 132 330 209 121 206 68 93 89 186 70
is_linear=0
shrinkage=0.03


Tree=25
num_leaves=31
num_cat=0
split_feature=11 23 22 22 23 22 22 20 26 22 23 11 23 21 23 23 11 16 10 14 13 20 21 11 23 11 23 23 26 26
split_gain=0.697294 0.640559 0.592207 0.408646 0.235216 0.24708 0.195759 0.258914 0.252932 0.629884 0.338068 0.234361 0.219137 0.190837 0.177108 0.13814 0.123046 0.111612 0.10959 0.0929889 0.100826 0.0869656 0.0617247 0.0549384 0.0375497 0.0358058 0.0339144 0.0298 0.0564187 0.0262404
threshold=1.0417592396470798 268.27500000000003 281.69400000000007 283.52150000000006 267.78000000000003 289.92950000000002 251.43850000000003 2.1250000000000004 87.500000000000014 245.80900000000003 249.15000000000001 0.93597718018346721 266.78000000000003 30.755000115000005 253.49500000000003 267.18000000000001 1.1156287467684647 38.02449362847215 0.92701375865680569 0.017024223229190453 0.9769892795861701 2.3150000000000004 15.055000305000002 1.0875803152244656 293.67500000000001 0.95766985675424976 314.01500000000004 285.93000000000001 94.500000000000014 95.500000000000014
decision_type=2 2 2 2 2 2 2 2 2 2 2 2 2 2 2 2 2 2 2 2 2 2 2 2 2 2 2 2 2 2
left_child=1 6 13 -4 5 16 7 14 9 -9 -10 18 -13 19 17 -14 21 -1 -8 20 -3 -2 -21 26 -25 -15 27 -6 -29 -23
right_child=4 2 3 -5 23 -7 11 8 10 -11 -12 12 15 25 -16 -17 -18 -19 -20 22 -22 29 -24 24 -26 -27 -28 28 -30 -31
leaf_value=0.00089505931154567871 -0.0017874256159752032 0.0024005192313140823 0.0073192180882800714 0.0016812314097816498 0.00018052514961591976 -0.0046855335928823634 -0.00081644761416828251 0.0029757500477952566 -0.00081827229561396342 -0.0013136348398635161 0.00095847669137073517 -0.00020802523687598297 -0.0045361981093883516 3.3942515298258505e-05 -0.0020201874888896086 -0.0016937055878577308 -0.0028293132592992084 -0.00060281766449137443 0.0017658843666315078 -0.00052209861665032805 0.0010005787626870719 0.00017635877208191565 0.00075019063526410312 -0.00032199227625758138 -0.0014519972596554304 -0.0012571127191884442 0.00073919752620261255 0.00043372274095392126 -0.0011255067853908258 -0.00074760881082620466
leaf_weight=57 64 68 21 30 67 22 23 93 190 44 193 71 23 29 64 70 40 184 34 39 201 43 175 65 58 39 36 27 63 59
leaf_count=57 64 68 21 30 67 22 23 93 190 44 193 71 23 29 64 70 40 184 34 39 201 43 175 65 58 39 36 27 63 59
internal_value=-4.55997e-06 0.000301534 0.00108089 0.00415656 -0.000936202 -0.0016727 -0.000144744 6.4578e-05 0.00047459 0.00157686 6.94127e-05 -0.000936434 -0.00151576 0.000783761 -0.000623922 -0.00246938 -0.00131537 -0.000233917 0.000676055 0.000995666 0.00137316 -0.000917841 0.000503021 -0.00039174 -0.000886446 -0.000670525 -5.80525e-05 -0.00026337 -0.000625145 -0.000331036
internal_weight=2192 1648 602 51 544 228 1046 825 520 137 383 221 164 551 305 93 206 241 57 483 269 166 214 316 123 68 193 157 90 102
internal_count=2192 1648 602 51 544 228 1046 825 520 137 383 221 164 551 305 93 206 241 57 483 269 166 214 316 123 68 193 157 90 102
is_linear=0
shrinkage=0.03


Tree=26
num_leaves=31
num_cat=0
split_feature=11 23 22 19 23 14 22 17 23 20 19 22 21 23 23 11 10 23 11 20 19 11 27 14 11 17 27 11 21 11
split_gain=0.657359 0.602552 0.563694 0.400691 0.218081 0.205382 0.195698 0.289667 0.286724 0.24453 0.338519 0.287452 0.188551 0.166442 0.109394 0.102537 0.100096 0.0959468 0.105883 0.072147 0.0634925 0.0496439 0.0718815 0.0500875 0.0437364 0.0366153 0.0547789 0.0280853 0.0196289 0.0195866
threshold=1.0430209422219381 268.27500000000003 281.69400000000007 96.354999540000009 267.78000000000003 0.025344879117600656 251.43850000000003 0.0020545692598028004 266.78000000000003 2.1250000000000004 82.810001375000013 237.46850000000003 32.944999695000007 253.49500000000003 267.18000000000001 0.97056788625895851 0.99825877192079016 316.64500000000004 0.99908015109723647 2.3150000000000004 94.310001370000023 1.0875803152244656 370063.00000000006 0.023190502811539903 1.1268260414617142 0.0018571849819365002 459124.00000000006 0.95766985675424976 13.170000080000003 1.0680664566718481
decision_type=2 2 2 2 2 2 2 2 2 2 2 2 2 2 2 2 2 2 2 2 2 2 2 2 2 2 2 2 2 2
left_child=1 6 12 -4 5 19 9 8 -8 13 -11 -12 17 16 -10 -9 -1 18 -3 -2 29 25 23 -23 -24 26 -6 -14 -15 -21
right_child=4 2 3 -5 21 -7 7 15 14 10 11 -13 27 28 -16 -17 -18 -19 -20 20 -22 22 24 -25 -26 -27 -28 -29 -30 -31
leaf_value=0.00034326886828334646 -0.0019284921588575733 0.0011973192155898408 0.0062209619115437239 0.00064395184980028063 6.8698835021350525e-05 -0.0034982935845851897 1.0352563599289781e-05 0.0021402035884173776 -0.0040559604608199819 -0.0015206186418185261 0.0027992092670364815 0.00046571169585291197 0 -0.00085182742964908745 -0.001760784266778102 -0.00029952659557457083 -0.00086346556600903446 0.0022521149364765733 0.0002540629995332127 0.00089207557642034124 -0.0012444695722688697 -0.00081190706039618312 -0.00076555948819410284 0.0010624451495140142 -0.0024526644873299765 0.00030809599078958849 -0.0014073412250884731 -0.0013706350773572921 -0.0023676678175727525 -0.00028897148127564131
leaf_weight=125 69 256 30 21 49 44 61 28 32 66 54 405 21 20 72 29 117 47 201 20 62 28 46 22 27 99 36 35 44 26
leaf_count=125 69 256 30 21 49 44 61 28 32 66 54 405 21 20 72 29 117 47 201 20 62 28 46 22 27 99 36 35 44 26
internal_value=-4.57949e-06 0.000286749 0.00103597 0.00403878 -0.000927183 -0.00164814 -0.00014571 -0.000935704 -0.00157676 6.26004e-05 0.000458468 0.000752251 0.000750444 -0.000606093 -0.00252747 0.00086345 -0.000228959 0.000936898 0.000790462 -0.0011543 -0.000618993 -0.000394779 -0.000861008 0 -0.00145481 -6.39302e-05 -0.000530659 -0.000862008 -0.00196051 0.000168752
internal_weight=2192 1664 611 51 528 221 1053 222 165 831 525 459 560 306 104 57 242 504 457 177 108 307 123 50 73 184 85 56 64 46
internal_count=2192 1664 611 51 528 221 1053 222 165 831 525 459 560 306 104 57 242 504 457 177 108 307 123 50 73 184 85 56 64 46
is_linear=0
shrinkage=0.03


Tree=27
num_leaves=31
num_cat=0
split_feature=11 23 22 20 22 11 22 20 23 23 23 23 21 15 23 16 20 23 10 15 20 7 20 15 20 21 22 15 9 11
split_gain=0.622183 0.562032 0.491997 0.674489 0.215893 0.246295 0.23351 0.231696 0.184145 0.315716 0.167279 0.1658 0.156984 0.126117 0.118167 0.107894 0.0973609 0.096388 0.0950442 0.0847876 0.0706342 0.0395235 0.0248315 0.0374824 0.0496298 0.0213795 0.0208231 0.0155972 0.013543 0.00423869
threshold=1.059817298916969 268.27500000000003 281.69400000000007 2.3850000000000002 251.43850000000003 0.93597718018346721 253.04550000000003 2.1250000000000004 191.06500000000003 192.74500000000003 253.49500000000003 267.78000000000003 35.950000765000006 0.0098140156052885525 267.18000000000001 38.02449362847215 2.7950000000000004 316.64500000000004 0.92701375865680569 0.024062863769374155 2.3150000000000004 0.046451063616672263 2.1350000000000002 0.017163842526924704 1.5750000000000004 13.170000080000003 262.36600000000004 0.020856289425089155 0.9886327335110463 0.89090923093869878
decision_type=2 2 2 2 2 2 2 2 2 2 2 2 2 2 2 2 2 2 2 2 2 2 2 2 2 2 2 2 2 2
left_child=1 4 12 -4 7 18 16 10 29 -10 15 19 13 -3 -8 -1 -7 -15 -6 20 -2 22 23 26 -25 -12 -13 -22 -14 -9
right_child=11 2 3 -5 5 6 14 8 9 -11 25 21 28 17 -16 -17 -18 -19 -20 -21 27 -23 -24 24 -26 -27 -28 -29 -30 -31
leaf_value=0.00085854994579507356 -0.0022795167911522597 -0.001027797826041933 0.0059125710996358024 -0.00064033237534088334 -0.00072427663614507763 -0.0021875666817650196 -0.0045787900663141548 -0.00084193213406950234 0.0039149527084082368 0.00037199908027893137 -0.0008274894980713726 0.00023392985925938071 -0.00036960333137540149 0.00072836472438785906 -0.0015586564686149358 -0.00059861233957933253 -0.00020049053109844615 0.0020423202307894824 0.0016745525796232478 -0.0030060927563784075 -4.1314140292610419e-05 0.00024742937743002058 -4.4046312504048854e-05 -0.0004756901778988928 -0.0021801058682729487 -0.0023702967842208576 -0.0008257317261770367 -0.0011343351519809892 -0.0016506982216877597 -0.0019558714351483749
leaf_weight=57 43 31 37 21 23 31 28 24 23 506 20 25 25 511 29 200 87 59 34 48 33 37 41 35 39 46 34 25 20 20
leaf_count=57 43 31 37 21 23 31 28 24 23 506 20 25 25 511 29 200 87 59 34 48 33 37 41 35 39 46 34 25 20 20
internal_value=-4.57373e-06 0.000218254 0.00088353 0.00351848 -0.000194711 -0.00100843 -0.00156926 1.35277e-05 0.000378817 0.000538797 -0.000624403 -0.00114429 0.000637246 0.000768393 -0.00314732 -0.000261726 -0.000761725 0.000872963 0.000659081 -0.00191663 -0.00134506 -0.000578279 -0.000771414 -0.00097125 -0.00143105 -0.00196688 -0.000330307 -0.000574532 -0.0010277 -0.00144715
internal_weight=2192 1832 704 58 1128 232 175 896 573 529 323 360 646 601 57 257 118 570 57 149 101 211 174 133 74 66 59 58 45 44
internal_count=2192 1832 704 58 1128 232 175 896 573 529 323 360 646 601 57 257 118 570 57 149 101 211 174 133 74 66 59 58 45 44
is_linear=0
shrinkage=0.03


Tree=28
num_leaves=31
num_cat=0
split_feature=11 23 19 23 23 23 23 19 17 23 21 20 21 14 18 11 24 20 14 21 11 11 14 19 17 20 24 25 11 23
split_gain=0.592954 0.536954 0.324237 0.212135 0.545485 0.198534 0.218837 0.168717 0.157582 0.177515 0.177662 0.191716 0.121636 0.110418 0.109396 0.105515 0.0882412 0.0688575 0.068045 0.0555174 0.0460599 0.042666 0.0415631 0.0395191 0.0378897 0.0324398 0.0319974 0.0313466 0.0293334 0.01966
threshold=1.0417592396470798 268.27500000000003 98.985000610000014 284.31000000000006 278.19500000000005 267.78000000000003 266.93500000000006 94.774997710000022 -0.0094148718539314499 268.06000000000006 28.920000075000004 2.1250000000000004 14.684999945000003 0.015925847850086453 0.70898409775311777 1.0998965753615724 1.3488817950000003 2.3150000000000004 0.011668091485247651 31.180000305000004 1.0875803152244656 0.95766985675424976 0.013711815824729552 94.310001370000023 0.0018571849819365002 2.1150000000000007 1.3396013565000002 -0.21939974299999998 0.94777839296993915 280.73000000000008
decision_type=2 2 2 2 2 2 2 2 2 2 2 2 2 2 2 2 2 2 2 2 2 2 2 2 2 2 2 2 2 2
left_child=1 8 3 4 13 6 15 -6 12 10 11 -10 21 -3 19 17 -16 -2 -11 -5 24 -1 -4 -19 26 29 -7 -24 -14 -22
right_child=5 2 22 14 7 20 -8 -9 9 18 -12 -13 28 -15 16 -17 -18 23 -20 -21 25 -23 27 -25 -26 -27 -28 -29 -30 -31
leaf_value=0.00090456309112841671 -0.0015623022223764564 0.0019202344171914527 0.00015792135597439481 0.0016744523409365347 0.0021363517804286226 0 -0.0043778569108766053 0.0057022241750045825 -0.00047134392984098865 -0.0022405998326305832 -0.0025458918231624091 0.00048956588343282361 -0.0012701509681001708 9.177765296772122e-05 0.0011241230556881055 -0.002360862851955674 -0.00016663939600651401 0.00045044940005897023 -6.4233151195367092e-05 0 -0.00015959898340092463 -0.0008849864955246449 -0.00016580828838050365 -0.00076222398416494889 0.00030601744354152003 -4.0288758285057037e-06 -0.0010783147729234771 -0.001829408452626975 -0.0029035772565486175 -0.0014085431486224897
leaf_weight=22 59 54 23 120 25 42 22 37 272 41 21 580 36 73 74 54 122 40 23 20 21 24 21 53 106 38 45 33 27 64
leaf_count=22 59 54 23 120 25 42 22 37 272 41 21 580 36 73 74 54 122 40 23 20 21 24 21 53 106 38 45 33 27 64
internal_value=-5.11414e-06 0.000277043 0.000990639 0.00125934 0.00207176 -0.000864329 -0.00154134 0.00436872 -0.000131338 -2.02081e-06 0.000107267 0.000179087 -0.0012056 0.000901597 0.000788661 -0.00120424 0.000308693 -0.000760979 -0.00151764 0.00143238 -0.000363065 0 -0.00079561 -0.000209486 -5.60206e-05 -0.000816319 -0.00052968 -0.00125178 -0.0020515 -0.00114031
internal_weight=2192 1648 602 525 189 544 228 62 1046 937 873 852 109 127 336 206 196 152 64 140 316 46 77 93 193 123 87 54 63 85
internal_count=2192 1648 602 525 189 544 228 62 1046 937 873 852 109 127 336 206 196 152 64 140 316 46 77 93 193 123 87 54 63 85
is_linear=0
shrinkage=0.03


Tree=29
num_leaves=25
num_cat=0
split_feature=15 22 20 23 21 16 23 22 23 15 23 23 16 17 22 27 17 20 15 16 21 21 16 16
split_gain=0.499049 0.43958 1.00899 0.346473 0.245047 0.21854 0.233017 0.308956 0.193451 0.182544 0.131718 0.0860751 0.0703391 0.107196 0.0848149 0.0652911 0.0497318 0.0494451 0.0491482 0.0433937 0.0335834 0.0217103 0.0185642 0.00455444
threshold=0.022493093529162903 281.69400000000007 2.0450000000000004 267.18000000000001 19.894999505000005 46.311587688650143 192.93000000000004 241.88350000000005 196.19000000000003 0.0098140156052885525 267.53500000000003 255.52000000000001 37.456402833492298 -0.0094148718539314499 240.86050000000003 379808.00000000006 -0.0063462081913205496 2.8150000000000004 0.032080148974303807 51.398236710905259 23.660000800000002 28.494999885000002 52.339559226051342 51.398236710905259
decision_type=2 2 2 2 2 2 2 2 2 2 2 2 2 2 2 2 2 2 2 2 2 2 2 2
left_child=1 5 -3 4 17 8 -7 11 16 -9 20 -8 13 -10 -14 18 -1 22 -12 -17 -5 -21 -2 -19
right_child=3 2 -4 10 -6 6 7 9 12 -11 15 -13 14 -15 -16 19 -18 23 -20 21 -22 -23 -24 -25
leaf_value=-0.0021904963490998611 -0.0012022039003055937 0.0056723766971967723 -0.0024810496845415657 0.0022477791349935741 -0.0042418748199318842 0.0020930085991392841 -0.00093710908933309842 -0.0016040272308164277 0 0.00016888845576229904 -0.00055338449883685602 -0.0028222168419096204 -0.00018569188141164642 0.0015428449872570242 0.00074412068883271615 0 -0.00028449405813099523 -1.0711774230003278e-06 0.0011068266348929368 -0.00091708386442306531 0.00029776327857481576 -0.0023509135015986182 -0.0023699515779221124 -0.00075952795459306797
leaf_weight=22 46 37 20 20 35 39 224 55 51 764 33 26 122 157 278 21 37 20 28 43 20 21 42 31
leaf_count=22 46 37 20 20 35 39 224 55 51 764 33 26 122 157 278 21 37 20 28 43 20 21 42 31
internal_value=-5.30204e-06 0.000194117 0.00276635 -0.00102616 -0.00198541 0.000108316 -0.00014784 -0.000234276 0.000537909 4.43587e-05 -0.00010694 -0.00115558 0.000700354 0.00115668 0.000453291 -0.000540504 -0.00106987 -0.00136956 0.000165853 -0.00107834 0.00137699 -0.00146264 -0.00181361 -0.000525527
internal_weight=2192 1832 57 360 174 1775 1108 1069 667 819 186 250 608 208 400 146 59 139 61 85 40 64 88 51
internal_count=2192 1832 57 360 174 1775 1108 1069 667 819 186 250 608 208 400 146 59 139 61 85 40 64 88 51
is_linear=0
shrinkage=0.03


end of trees

feature_importances:
USDA_WASDE_Stocks=137
Close_to_MA_50=95
USD_Index=95
US_10Y_Yield=84
VIX=75
CPI_Inflation=72
Rolling_Std_20=60
Rolling_Std_10=54
Planting_Progress_Pct=35
MACD_Pct=34
Export_Sales=34
RSI_14=29
Volume_to_MA_10=18
Close_to_MA_20=17
Close_to_EMA_20=10
Close_to_MA_10=5
Precipitation_KeyRegions=5
Ret_Lag_10=2
Temperature_Anomaly_KeyRegions=2
Return=1
Daily_Range_Pct=1
Close_to_MA_5=1
Close_to_EMA_10=1

parameters:
[boosting: gbdt]
[objective: regression]
[metric: l2]
[tree_learner: serial]
[device_type: cpu]
[data_sample_strategy: bagging]
[data: ]
[valid: ]
[num_iterations: 200]
[learning_rate: 0.03]
[num_leaves: 31]
[num_threads: 20]
[seed: 42]
[deterministic: 0]
[force_col_wise: 0]
[force_row_wise: 0]
[histogram_pool_size: -1]
[max_depth: 6]
[min_data_in_leaf: 20]
[min_sum_hessian_in_leaf: 0.001]
[bagging_fraction: 0.8]
[pos_bagging_fraction: 1]
[neg_bagging_fraction: 1]
[bagging_freq: 0]
[bagging_seed: 400]
[bagging_by_query: 0]
[feature_fraction: 0.8]
[feature_fraction_bynode: 1]
[feature_fraction_seed: 30056]
[extra_trees: 0]
[extra_seed: 12879]
[early_stopping_round: 0]
[early_stopping_min_delta: 0]
[first_metric_only: 0]
[max_delta_step: 0]
[lambda_l1: 0.1]
[lambda_l2: 1]
[linear_lambda: 0]
[min_gain_to_split: 0]
[drop_rate: 0.1]
[max_drop: 50]
[skip_drop: 0.5]
[xgboost_dart_mode: 0]
[uniform_drop: 0]
[drop_seed: 17869]
[top_rate: 0.2]
[other_rate: 0.1]
[min_data_per_group: 100]
[max_cat_threshold: 32]
[cat_l2: 10]
[cat_smooth: 10]
[max_cat_to_onehot: 4]
[top_k: 20]
[monotone_constraints: ]
[monotone_constraints_method: basic]
[monotone_penalty: 0]
[feature_contri: ]
[forcedsplits_filename: ]
[refit_decay_rate: 0.9]
[cegb_tradeoff: 1]
[cegb_penalty_split: 0]
[cegb_penalty_feature_lazy: ]
[cegb_penalty_feature_coupled: ]
[path_smooth: 0]
[interaction_constraints: ]
[verbosity: -1]
[saved_feature_importance_type: 0]
[use_quantized_grad: 0]
[num_grad_quant_bins: 4]
[quant_train_renew_leaf: 0]
[stochastic_rounding: 1]
[linear_tree: 0]
[max_bin: 255]
[max_bin_by_feature: ]
[min_data_in_bin: 3]
[bin_construct_sample_cnt: 200000]
[data_random_seed: 175]
[is_enable_sparse: 1]
[enable_bundle: 1]
[use_missing: 1]
[zero_as_missing: 0]
[feature_pre_filter: 1]
[pre_partition: 0]
[two_round: 0]
[header: 0]
[label_column: ]
[weight_column: ]
[group_column: ]
[ignore_column: ]
[categorical_feature: ]
[forcedbins_filename: ]
[precise_float_parser: 0]
[parser_config_file: ]
[objective_seed: 16083]
[num_class: 1]
[is_unbalance: 0]
[scale_pos_weight: 1]
[sigmoid: 1]
[boost_from_average: 1]
[reg_sqrt: 0]
[alpha: 0.9]
[fair_c: 1]
[poisson_max_delta_step: 0.7]
[tweedie_variance_power: 1.5]
[lambdarank_truncation_level: 30]
[lambdarank_norm: 1]
[label_gain: ]
[lambdarank_position_bias_regularization: 0]
[eval_at: ]
[multi_error_top_k: 1]
[auc_mu_weights: ]
[num_machines: 1]
[local_listen_port: 12400]
[time_out: 120]
[machine_list_filename: ]
[machines: ]
[gpu_platform_id: -1]
[gpu_device_id: -1]
[gpu_device_id_list: ]
[gpu_use_dp: 0]
[num_gpu: 1]

end of parameters

pandas_categorical:[]
