tree
version=v4
num_class=1
num_tree_per_iteration=1
label_index=0
max_feature_idx=36
objective=regression
feature_names=Return Log_Return Ret_Lag_1 Ret_Lag_2 Ret_Lag_3 Ret_Lag_5 Ret_Lag_10 Daily_Range_Pct Close_to_MA_5 Close_to_MA_10 Close_to_MA_20 Close_to_MA_50 Close_to_EMA_10 Close_to_EMA_20 Rolling_Std_10 Rolling_Std_20 RSI_14 MACD_Pct Volume_to_MA_10 USD_Index US_10Y_Yield VIX CPI_Inflation USDA_WASDE_Stocks Precipitation_KeyRegions Temperature_Anomaly_KeyRegions Planting_Progress_Pct Export_Sales News_Volume Daily_Bullish Daily_Bearish Daily_NSS Sentiment_EMA_7d Sentiment_Spike Sentiment_EMA_30d Sentiment_EMA_60d Sentiment_x_Trend
feature_infos=[-0.1068233643220487:0.21776098252243731] [-0.1129709173542847:0.19701391236426749] [-0.1068233643220487:0.21776098252243731] [-0.1068233643220487:0.21776098252243731] [-0.1068233643220487:0.21776098252243731] [-0.1068233643220487:0.21776098252243731] [-0.1068233643220487:0.21776098252243731] [0:0.1318851823118696] [0.84955297096289262:1.2587276011913482] [0.89015151515151514:1.3770631910688531] [0.81774046076777451:1.5471457454170454] [0.74836538144242415:1.7154945173986833] [0.89585158866229841:1.3148350932670614] [0.83851220122397296:1.4389864811421575] [0.0046694959248203003:0.1066195432533204] [0.0065568448117416999:0.079455399387556899] [18.985032428732001:87.668664699449806] [-0.026393370433859701:0.044132612988063702] [0:9.9206634602396004] [79.77999878:108.5400009] [0.52000000000000002:3.4900000000000002] [9.1400003430000005:82.690002440000001] [234.74700000000001:295.09699999999998] [188.61000000000001:321.44999999999999] [0.17253421199999999:4.7756856670000003] [-6.4705817689999998:4.357689594] [1:98] [0:2540376] none [0:0.30918276309967041] [0:0.4869878888130188] [-0.4831667288672179:0.1441703587770462] [-0.39211151726282489:0.10179389835754279] [-0.3623687322120191:0.1081277690827651] [-0.25008564151271168:0.061703163283172199] [-0.16940536886326099:0.043198012471041498] [-0.031053185251918101:0.018651834942300299]
tree_sizes=1868 1731 1730 1917 1748 1813 1802 1813 1931 1818 1810 1681 1673 1856 1773 1678 2143 1694 2278 1841 1754 1946 1840 2040 2033 2195 2092 2202 2009 2010 1974 2293 2257 2040 2033 2107 1937 1924

Tree=0
num_leaves=20
num_cat=0
split_feature=20 22 22 22 11 30 36 23 11 30 32 23 32 23 22 11 17 32 14
split_gain=11.4088 6.87865 4.04555 2.72103 1.43462 1.42242 1.74413 1.28578 1.03446 0.610815 0.557571 0.431516 0.33658 0.297357 0.178922 0.0944173 0.0633762 0.0453177 0.0268773
threshold=1.6850000000000003 273.29300000000006 286.08700000000005 240.86050000000003 0.97848594071076334 6.3383816642081128e-09 -1.0460619891038128e-05 290.59000000000009 1.0605429305291671 3.8163851867812815e-08 2.1314910365135221e-08 253.49500000000003 -0.0031862906776817493 197.46000000000004 238.03350000000003 1.0034089369291712 -0.0053305343269289497 -0.0040539384676505493 0.016825419247701656
decision_type=2 2 2 2 2 2 2 2 2 2 2 2 2 2 2 2 2 2 2
left_child=1 7 3 4 13 16 -7 10 12 -4 11 -1 -9 -2 -6 -12 -5 -10 -3
right_child=2 18 9 5 14 6 -8 8 17 -11 15 -13 -14 -15 -16 -17 -18 -19 -20
leaf_value=0.03474323798518808 0.03368228857852313 0.042268297162933725 0.031054890655311532 0.032302802992849385 0.030012111549096991 0.030675558696574064 0.034613460819995605 0.035330699926497913 0.032426141633445371 0.025532228786215583 0.037531458441382046 0.031142450227848961 0.038032383193337287 0.031637891760930813 0.027994256444351384 0.034661271440533228 0.029951070852309948 0.033957493264241995 0.046596740582126941
leaf_weight=43 110 52 29 21 199 116 668 64 32 87 21 81 212 141 78 32 84 29 38
leaf_count=43 110 52 29 21 199 116 668 64 32 87 21 81 212 141 78 32 84 29 38
internal_value=0.0334864 0.0369684 0.0321103 0.0325611 0.0308617 0.0335725 0.0340185 0.035589 0.0366685 0.0267916 0.0334982 0.0324149 0.0374432 0.0325374 0.0293804 0.0360079 0.0303477 0.033189 0.0444921
internal_weight=2137 604 1533 1417 528 889 784 514 337 116 177 124 276 251 277 53 105 61 90
internal_count=2137 604 1533 1417 528 889 784 514 337 116 177 124 276 251 277 53 105 61 90
is_linear=0
shrinkage=1


Tree=1
num_leaves=18
num_cat=0
split_feature=20 22 22 22 26 11 30 30 23 11 29 29 29 23 22 17 14
split_gain=10.7681 6.50143 3.8162 2.56239 1.40564 1.35198 1.34172 1.68185 0.825822 0.705467 0.573347 0.40276 0.309461 0.280334 0.168603 0.058844 0.0247178
threshold=1.6850000000000003 273.29300000000006 286.08700000000005 240.86050000000003 96.500000000000014 0.97848594071076334 6.3383816642081128e-09 0.0017275025459780502 294.65000000000003 1.0551969388406335 9.1963585391646441e-08 0.0060691246315612004 0.00056717021810355017 197.46000000000004 238.03350000000003 -0.0053305343269289497 0.016825419247701656
decision_type=2 2 2 2 2 2 2 2 2 2 2 2 2 2 2 2 2
left_child=1 4 3 5 8 13 15 -8 12 -10 -4 -6 -1 -2 -7 -5 -3
right_child=2 16 10 6 11 14 7 -9 9 -11 -12 -13 -14 -15 -16 -17 -18
leaf_value=0 0.00019018665079423535 0.0085328288750215024 -0.0023653839597827754 -0.0011525088351918384 0.0052011503616571416 -0.0033715890873002234 0.0012798485340507894 -0.001992447401270392 0.0033634234057948447 -0.00041463191861839733 -0.007723481588562329 0.0011151305231854648 -0.0034332693460686452 -0.0017941896128116546 -0.0053334630093088862 -0.0034329078202296436 0.012745827446623545
leaf_weight=130 110 52 29 21 122 199 603 181 144 61 87 31 26 141 78 84 38
leaf_count=130 110 52 29 21 122 199 603 181 144 61 87 31 26 141 78 84 38
internal_value=0 0.00338302 -0.00133665 -0.000898795 0.00204179 -0.00254792 8.25725e-05 0.000515855 0.000993268 0.00223503 -0.00650257 0.00442986 -0.000631051 -0.000920757 -0.00398597 -0.00304929 0.0106977
internal_weight=2137 604 1533 1417 514 528 889 784 361 205 116 153 156 251 277 105 90
internal_count=2137 604 1533 1417 514 528 889 784 361 205 116 153 156 251 277 105 90
is_linear=0
shrinkage=0.03


Tree=2
num_leaves=18
num_cat=0
split_feature=20 22 22 22 26 11 30 36 23 11 29 29 29 23 22 17 21
split_gain=10.1586 6.14674 3.59994 2.41316 1.32612 1.27439 1.26569 1.58476 0.778841 0.665244 0.53813 0.378157 0.293225 0.271163 0.160379 0.0546053 0.0183717
threshold=1.6850000000000003 273.29300000000006 286.08700000000005 240.86050000000003 96.500000000000014 0.97665897588167605 6.3383816642081128e-09 -1.0460619891038128e-05 294.65000000000003 1.057853227850639 9.1963585391646441e-08 0.0060691246315612004 0.00059702128221430009 197.46000000000004 238.03350000000003 -0.0053305343269289497 18.144999505000005
decision_type=2 2 2 2 2 2 2 2 2 2 2 2 2 2 2 2 2
left_child=1 4 3 5 8 13 15 -8 12 -10 -4 -6 -1 -2 -7 -5 -3
right_child=2 16 10 6 11 14 7 -9 9 -11 -12 -13 -14 -15 -16 -17 -18
leaf_value=0 0.00023722949492229096 0.0078933071255683912 -0.002301075044029858 -0.0011222554872510953 0.0050488607413172711 -0.0032528569903902847 -0.0026860307289929197 0.0010674844886102205 0.0032273510061150584 -0.00049159144279241687 -0.0074995006675521525 0.0010846284253194049 -0.003401079633140138 -0.001733056421453589 -0.0051494656090692774 -0.0033334719307303172 0.011938122533700043
leaf_weight=131 108 42 29 21 122 203 116 668 147 58 87 31 25 138 79 84 48
leaf_count=131 108 42 29 21 122 203 116 668 147 58 87 31 25 138 79 84 48
internal_value=0 0.00328581 -0.00129835 -0.000873011 0.00198151 -0.0024734 7.92581e-05 0.000500184 0.000962792 0.00216882 -0.00631588 0.00430119 -0.000614209 -0.000863568 -0.00384331 -0.00296246 0.0103983
internal_weight=2137 604 1533 1417 514 528 889 784 361 205 116 153 156 246 282 105 90
internal_count=2137 604 1533 1417 514 528 889 784 361 205 116 153 156 246 282 105 90
is_linear=0
shrinkage=0.03


Tree=3
num_leaves=20
num_cat=0
split_feature=20 22 22 22 20 11 23 36 11 29 31 23 31 23 22 33 36 33 14
split_gain=9.58288 5.81043 3.39588 2.27242 1.21951 1.20192 1.08726 0.99286 0.874911 0.505029 0.473951 0.393121 0.314108 0.248963 0.237899 0.156883 0.077471 0.0415327 0.0321736
threshold=1.6850000000000003 273.29300000000006 286.08700000000005 240.86050000000003 2.9250000000000003 0.97848594071076334 290.59000000000009 -6.9140249417053409e-05 1.0605429305291671 9.1963585391646441e-08 1.7949398202219132e-08 253.49500000000003 -0.0088470514211876471 197.46000000000004 251.43850000000003 0.0016296464546214503 1.0192769449939801e-09 0.00065018211670365012 0.016825419247701656
decision_type=2 2 2 2 2 2 2 2 2 2 2 2 2 2 2 2 2 2 2
left_child=1 6 3 5 7 13 10 -5 12 -4 11 -1 -8 -2 -6 -7 -12 -10 -3
right_child=2 18 9 4 14 15 8 -9 17 -11 16 -13 -14 -15 -16 -17 -18 -19 -20
leaf_value=0.0012216106278457395 0.00017955770756565375 0.0080316239772872493 -0.0022385145858570465 -0.002894334273419476 -0.00090388905000872899 -0.0042368047321112556 0.0014788296319941273 0.00084550352201359636 0.00055066037060480858 -0.0072820153440038352 0.0033709615642625477 -0.0022138768331746439 0.0041585055978387185 -0.0016892317986378961 -0.003866699372728666 -0.002337788942797534 0.00078991394915751045 -0.00093270070750552862 0.012077250847002353
leaf_weight=43 110 52 29 67 45 201 58 708 25 87 28 81 218 141 69 76 25 36 38
leaf_count=43 110 52 29 67 45 201 58 708 25 87 28 81 218 141 69 76 25 36 38
internal_value=0 0.00319116 -0.0012612 -0.000848023 7.59648e-05 -0.00240104 0.00192288 0.000508419 0.00291553 -0.00613457 0 -0.000998201 0.00362809 -0.000865982 -0.00277597 -0.00375712 0.0023146 -0.000280576 0.0101065
internal_weight=2137 604 1533 1417 889 528 514 775 337 116 177 124 276 251 114 277 53 61 90
internal_count=2137 604 1533 1417 889 528 514 775 337 116 177 124 276 251 114 277 53 61 90
is_linear=0
shrinkage=0.03


Tree=4
num_leaves=18
num_cat=0
split_feature=20 22 22 22 26 30 30 11 23 11 29 29 23 29 19 13 14
split_gain=9.04451 5.49195 3.20346 2.13926 1.20136 1.17205 1.46805 1.13597 0.699562 0.596736 0.473919 0.341563 0.266268 0.265914 0.128437 0.0495349 0.0296954
threshold=1.6850000000000003 273.29300000000006 286.08700000000005 240.86050000000003 96.500000000000014 6.3383816642081128e-09 0.0017275025459780502 0.98730421888443554 294.65000000000003 1.0551969388406335 9.1963585391646441e-08 0.0060691246315612004 197.46000000000004 0.00059702128221430009 87.14500046000002 0.99006283500025893 0.016825419247701656
decision_type=2 2 2 2 2 2 2 2 2 2 2 2 2 2 2 2 2
left_child=1 4 3 7 8 15 -7 12 13 -10 -4 -6 -2 -1 -9 -5 -3
right_child=2 16 10 5 11 6 -8 14 9 -11 -12 -13 -14 -15 -16 -17 -18
leaf_value=-6.0385622925979918e-06 5.8219098636095432e-05 0.0078038178758187736 -0.0021776549677597359 -0.0010845153931295501 0.0047858358911275862 0.001191890629109087 -0.0018651422117033254 -0.0012655854187726687 0.0030786979370655454 -0.00039255819283698655 -0.0070708368202050519 0.0010142792225267519 -0.001773708661691666 -0.0032506789495902401 -0.0040576088590642033 -0.0032095075432724994 0.011741444743987989
leaf_weight=131 118 52 29 21 122 603 181 23 144 61 87 31 166 25 221 84 38
leaf_count=131 118 52 29 21 122 603 181 23 144 61 87 31 166 25 221 84 38
internal_value=0 0.0031004 -0.00122509 -0.000823717 0.00186718 7.26951e-05 0.00047789 -0.00233055 0.000897299 0.0020406 -0.00595849 0.0040751 -0.00100945 -0.000596404 -0.00382514 -0.00285422 0.00982376
internal_weight=2137 604 1533 1417 514 889 784 528 361 205 116 153 284 156 244 105 90
internal_count=2137 604 1533 1417 514 889 784 528 361 205 116 153 284 156 244 105 90
is_linear=0
shrinkage=0.03


Tree=5
num_leaves=19
num_cat=0
split_feature=20 22 22 22 26 20 11 36 23 11 34 29 29 23 22 22 21 26
split_gain=8.53319 5.22793 3.00716 1.96899 1.14143 1.11104 1.08661 0.900603 0.680335 0.576532 0.445138 0.320643 0.278591 0.223171 0.20757 0.151214 0.0289056 0.0047905
threshold=1.6950000000000001 273.29300000000006 286.08700000000005 240.86050000000003 96.500000000000014 2.9250000000000003 0.97665897588167605 -6.9140249417053409e-05 294.65000000000003 1.0551969388406335 2.116834624431195e-07 0.0060691246315612004 0.00059702128221430009 211.56500000000003 251.43850000000003 238.03350000000003 18.144999505000005 18.000000000000004
decision_type=2 2 2 2 2 2 2 2 2 2 2 2 2 2 2 2 2 2
left_child=1 4 3 6 8 7 13 -5 12 -10 -4 -6 -1 -2 -7 -8 -3 -12
right_child=2 16 10 5 11 14 15 -9 9 -11 17 -13 -14 -15 -16 -17 -18 -19
leaf_value=0 -1.6383674617756303e-05 0.0071969690183798472 -0.0020413184673825817 -0.002792611077124172 0.0046457066259384151 -0.00090373646590160206 -0.0029549811543406264 0.00079401110814598551 0.0030000797919183969 -0.00038221122552640737 -0.0041596137168614759 0.00098653572126675159 -0.0032435026998663772 -0.0018782530518590796 -0.0036870558325511711 -0.0047724083771065965 0.011003654657041324 -0.0073768849981502745
leaf_weight=135 150 42 28 66 122 45 203 701 147 62 20 31 26 95 69 79 48 68
leaf_count=135 150 42 28 66 122 45 203 701 147 62 20 31 26 95 69 79 48 68
internal_value=0 0.00298061 -0.00120229 -0.000810909 0.00179659 5.48035e-05 -0.00225592 0.00047181 0.000870648 0.00199136 -0.00578749 0.00395677 -0.000575711 -0.000764417 -0.00266536 -0.00351952 0.00954892 -0.00683989
internal_weight=2137 613 1524 1408 523 881 527 767 370 209 116 153 161 245 114 282 90 88
internal_count=2137 613 1524 1408 523 881 527 767 370 209 116 153 161 245 114 282 90 88
is_linear=0
shrinkage=0.03


Tree=6
num_leaves=19
num_cat=0
split_feature=20 22 22 22 26 30 30 16 23 16 29 29 29 23 36 13 14 26
split_gain=8.05222 4.94175 2.84146 1.85471 1.0769 1.07566 1.42055 0.853223 0.641591 0.458275 0.419328 0.300977 0.263969 0.243727 0.206318 0.0454042 0.0350528 0.00485928
threshold=1.6950000000000001 273.29300000000006 286.08700000000005 240.86050000000003 96.500000000000014 6.3383816642081128e-09 0.0020540566001319505 45.199752759750574 294.65000000000003 58.615027180366958 9.1963585391646441e-08 0.0060691246315612004 0.00056717021810355017 211.56500000000003 4.8566794542395445e-08 0.99006283500025893 0.016825419247701656 18.000000000000004
decision_type=2 2 2 2 2 2 2 2 2 2 2 2 2 2 2 2 2 2
left_child=1 4 3 7 8 15 -7 13 12 -10 -4 -6 -1 -2 -9 -5 -3 -12
right_child=2 16 10 5 11 6 -8 14 9 -11 17 -13 -14 -15 -16 -17 -18 -19
leaf_value=0 0 0.0073451189786195754 -0.0020579495508409309 -0.0010432816315442323 0.0045096803390085689 0.0011122034027587575 -0.0020052823769430559 -0.0037482045156805696 0.0028608286942602419 -0.00011607383848061492 -0.0040511020648738606 0.00095955104561632159 -0.0031040560841560363 -0.0019211786702508105 -0.0017029967518602991 -0.0030914293213843785 0.011125732074423533 -0.007206025419064929
leaf_weight=134 136 52 29 21 122 612 164 219 144 65 20 31 27 99 73 84 38 67
leaf_count=134 136 52 29 21 122 612 164 219 144 65 20 31 27 99 73 84 38 67
internal_value=0 0.00289486 -0.00116845 -0.000787935 0.00174353 5.21831e-05 0.000444317 -0.00219039 0.000843866 0.00193231 -0.00562564 0.00384189 -0.000560284 -0.000812507 -0.00326959 -0.00274994 0.00928104 -0.0066733
internal_weight=2137 613 1524 1408 523 881 776 527 370 209 116 153 161 235 292 105 90 87
internal_count=2137 613 1524 1408 523 881 776 527 370 209 116 153 161 235 292 105 90 87
is_linear=0
shrinkage=0.03


Tree=7
num_leaves=19
num_cat=0
split_feature=20 22 22 23 31 19 26 11 10 23 11 34 22 29 33 29 14 26
split_gain=7.59817 4.67205 2.68541 1.74643 1.41794 1.03065 1.01589 0.904279 0.745595 0.604939 0.521482 0.394588 0.337913 0.282491 0.256959 0.250125 0.032403 0.000141087
threshold=1.6950000000000001 273.29300000000006 286.08700000000005 262.21500000000009 -2.1184825121477361e-07 99.805000305000007 96.500000000000014 0.96609663658156408 0.98442631084472876 294.65000000000003 1.0466403619913425 2.116834624431195e-07 246.95500000000001 0.0060691246315612004 4.3398755028144002e-06 0.00059702128221430009 0.016825419247701656 26.000000000000004
decision_type=2 2 2 2 2 2 2 2 2 2 2 2 2 2 2 2 2 2
left_child=1 6 3 5 12 7 9 -2 -6 15 -11 -4 -5 -8 -7 -1 -3 -13
right_child=2 16 11 4 8 14 13 -9 -10 10 -12 17 -14 -15 -16 -17 -18 -19
leaf_value=0 -0.0004207298377833659 0.0071367846925150264 -0.001930241548291017 0.00069675189345751111 0.0017767506872313906 -0.0013340276808943598 0.0043776368727386 -0.0027470134147717295 -0.0013159501620366709 0.0029323840740909605 -0.00017499723677827058 -0.0042270692560289584 0.0034222404627900905 0.0009333044930963831 0.0018744637247174979 -0.0030727751786852704 0.010816382550611729 -0.0070689530609683556
leaf_weight=135 220 52 28 66 89 27 122 505 288 138 71 25 131 31 82 26 38 63
leaf_count=135 220 52 28 66 89 27 122 505 288 138 71 25 131 31 82 26 38 63
internal_value=0 0.00281181 -0.00113528 -0.000765288 0.000502904 -0.00164038 0.00169217 -0.00204987 -0.000569685 0.00081808 0.00187508 -0.00546846 0.00254828 0.00373037 0.00103847 -0.000544953 0.00902145 -0.00646054
internal_weight=2137 613 1524 1408 574 834 523 725 377 370 209 116 197 153 109 161 90 88
internal_count=2137 613 1524 1408 574 834 523 725 377 370 209 116 197 153 109 161 90 88
is_linear=0
shrinkage=0.03


Tree=8
num_leaves=20
num_cat=0
split_feature=20 22 22 22 20 19 23 36 33 29 31 23 23 21 22 30 33 36 21
split_gain=7.16561 4.41718 2.53951 1.66573 0.987364 0.865276 0.850908 0.738301 0.626835 0.372095 0.360615 0.363711 0.336171 0.231016 0.175598 0.113548 0.0996029 0.0524145 0.0362583
threshold=1.6950000000000001 273.29300000000006 286.08700000000005 240.86050000000003 2.9250000000000003 93.970001220000015 290.59000000000009 -1.0000000180025095e-35 0.00055744989245445009 9.1963585391646441e-08 1.7949398202219132e-08 253.49500000000003 211.56500000000003 37.159999850000005 251.43850000000003 0.14741216808070737 0.0016296464546214503 1.0192769449939801e-09 18.144999505000005
decision_type=2 2 2 2 2 2 2 2 2 2 2 2 2 2 2 2 2 2 2
left_child=1 6 3 7 5 -5 10 16 13 -4 11 -1 -9 -8 -6 -10 -2 -12 -3
right_child=2 18 9 4 14 -7 8 12 15 -11 17 -13 -14 -15 -16 -17 -18 -19 -20
leaf_value=0.0011971835933800318 -0.004020817407908348 0.0065601197938124339 -0.0019447030789306154 0.0022174579502207826 -0.00087699458183487875 -0.00011895084304493279 0.0036260515845123876 -0.00028652281511407952 0.0010310666704686675 -0.0063040421485900874 0.0028328693101284442 -0.0020477789431610038 -0.0022080424711022738 8.8306430079366832e-05 -0.0034527827456283075 -0.0012532508230023085 -0.0020776463414335419 0.00067699558543972665 0.010143635102931189
leaf_weight=45 140 42 29 185 45 582 220 181 79 87 29 83 155 20 69 22 51 25 48
leaf_count=45 140 42 29 185 45 582 220 181 79 87 29 83 155 20 69 22 51 25 48
internal_value=0 0.00273109 -0.001102 -0.000742141 5.38459e-05 0.000447137 0.00164224 -0.00207125 0.00251993 -0.00531592 -1.97202e-07 -0.00088278 -0.00119348 0.00334832 -0.00251022 0.000482848 -0.00355758 0.00197557 0.00876915
internal_weight=2137 613 1524 1408 881 767 523 527 341 116 182 128 336 240 114 101 191 54 90
internal_count=2137 613 1524 1408 881 767 523 527 341 116 182 128 336 240 114 101 191 54 90
is_linear=0
shrinkage=0.03


Tree=9
num_leaves=19
num_cat=0
split_feature=20 22 22 22 30 30 26 16 23 16 30 30 30 23 22 18 14 26
split_gain=6.76247 4.17442 2.39568 1.56961 0.947723 1.26286 0.920511 0.738943 0.533752 0.403329 0.349008 0.253374 0.228833 0.21371 0.193446 0.0431759 0.0361246 0.00840352
threshold=1.6950000000000001 273.29300000000006 286.08700000000005 240.86050000000003 6.3383816642081128e-09 0.0020540566001319505 96.500000000000014 45.199752759750574 294.65000000000003 58.473906403107542 3.8163851867812815e-08 0.0024693825943761004 0.052845187048655352 211.56500000000003 238.03350000000003 0.83168777144481731 0.016825419247701656 26.000000000000004
decision_type=2 2 2 2 2 2 2 2 2 2 2 2 2 2 2 2 2 2
left_child=1 6 3 7 15 -6 8 13 12 -10 -4 -8 -1 -2 -9 -5 -3 -12
right_child=2 16 10 4 5 -7 11 14 9 -11 17 -13 -14 -15 -16 -17 -18 -19
leaf_value=0 2.8108345873975493e-05 0.006717016402598132 -0.0018918314156471749 -0.0015843905850872397 0.001049865186307455 -0.0018893071629231084 0.0041481356023102987 -0.0024734384688042178 0.002655524821525129 -0.00010234160592609812 -0.0039449858920914786 0.00087957722749150197 -0.0029350500100388606 -0.0017669239874710055 -0.0044401147428311805 -0.0032169233532469781 0.010249324422057083 -0.0067300099473733164
leaf_weight=135 136 52 29 47 612 164 122 219 141 68 25 31 26 99 73 58 38 62
leaf_count=135 136 52 29 47 612 164 122 219 141 68 25 31 26 99 73 58 38 62
internal_value=0 0.00265323 -0.00107048 -0.000720886 5.16979e-05 0.000419965 0.00159454 -0.00201108 0.000762216 0.00175533 -0.00516344 0.00353476 -0.000517211 -0.000728232 -0.00301543 -0.00257826 0.00852321 -0.00612123
internal_weight=2137 613 1524 1408 881 776 523 527 370 209 116 153 161 235 292 105 90 87
internal_count=2137 613 1524 1408 881 776 523 527 370 209 116 153 161 235 292 105 90 87
is_linear=0
shrinkage=0.03


Tree=10
num_leaves=19
num_cat=0
split_feature=22 22 22 35 29 11 11 29 26 15 34 11 11 22 35 10 27 26
split_gain=3.52664 5.37736 2.17098 1.94468 1.63489 1.13654 0.941467 0.803924 0.535766 0.356725 0.328591 0.246466 0.218689 0.151853 0.148426 0.127586 0.045532 0.0031461
threshold=286.08700000000005 259.28300000000007 240.38350000000003 0.00032187465446140005 0.0044485225659522008 0.97181113414795794 0.99072999556351704 2.150203804470526e-05 96.500000000000014 0.014033170948833152 2.116834624431195e-07 1.0605429305291671 0.93297430866338893 238.03350000000003 0.038270708887234307 1.0404007040397929 368302.50000000006 18.000000000000004
decision_type=2 2 2 2 2 2 2 2 2 2 2 2 2 2 2 2 2 2
left_child=1 2 6 8 16 9 12 -7 11 -4 -2 -3 -1 -8 -6 -10 -5 -12
right_child=10 3 5 4 14 7 13 -9 15 -11 17 -13 -14 -15 -16 -17 -18 -19
leaf_value=0 -0.0017739804991250556 0.0014901028919312369 0.0035346706048129937 0.0069660496044726596 0.00088759987760956074 0.00033077843389525365 -0.0027328878329971992 -0.0018189929228182237 0.0045557204406512413 0.0011645797604996125 -0.0035677839089994839 -0.00084152704631905776 -0.0015612821378012925 -0.0046115722792223098 0.003962222914728853 0.0013128906541969624 0.010706917814233085 -0.0063982250967495879
leaf_weight=138 28 124 89 60 42 562 164 213 54 181 20 56 186 77 24 21 30 68
leaf_count=138 28 124 89 60 42 562 164 213 54 181 20 56 186 77 24 21 30 68
internal_value=0 0.000294604 -0.00048705 0.00334514 0.00596296 0.000321049 -0.00198076 -0.000260942 0.00168131 0.00198708 -0.00501955 0.00074641 -0.000898328 -0.00339475 0.00217278 0.00377161 0.00855042 -0.00592674
internal_weight=2137 2021 1610 411 156 1045 565 775 255 270 116 180 324 241 66 75 90 88
internal_count=2137 2021 1610 411 156 1045 565 775 255 270 116 180 324 241 66 75 90 88
is_linear=0
shrinkage=0.03


Tree=11
num_leaves=17
num_cat=0
split_feature=23 22 22 31 35 36 29 36 35 22 29 11 11 10 29 36
split_gain=5.45381 2.61154 3.55797 1.24049 1.23261 1.02793 0.840017 0.700945 0.689459 0.865161 0.645725 0.298997 0.200951 0.165217 0.0733599 0.0215016
threshold=267.52500000000003 283.52150000000006 273.29300000000006 2.171600422305673e-11 6.0127907717259876e-06 -0.00017584959493564998 9.7486272097177034e-09 -9.4278487929372434e-07 -0.00024107695820359997 240.38350000000003 6.2771121956829753e-05 1.0438807466250568 1.0889053869974992 0.99638027076202096 0.0017530491873716002 -1.0186201609328121e-08
decision_type=2 2 2 2 2 2 2 2 2 2 2 2 2 2 2 2
left_child=4 2 3 7 5 11 -5 -2 9 -7 -4 14 -3 -10 -1 -6
right_child=1 12 10 6 15 8 -8 -9 13 -11 -12 -13 -14 -15 -16 -17
leaf_value=-0.0008207011430617421 0.0002835888096129208 -0.0022253639964530097 0.0016452218969959926 -0.0021679059913664658 -0.0033911440768412179 -0.0011627497676071589 0.00091100695263713455 0.0031624953859608687 -0.0012847990011584693 0.0010692351607183112 0.0080968612510984271 -0.004464762114851098 -0.0060589084307993615 -0.0029764701533522785 -0.002941781079024076 -0.0058308848185198653
leaf_weight=47 104 36 20 102 32 365 327 315 129 268 89 92 28 110 27 46
leaf_count=47 104 36 20 102 32 365 327 315 129 268 89 92 28 110 27 46
internal_value=0 0.00158218 0.00197997 0.00130672 -0.00144764 -0.00116187 0.000162042 0.00246213 -0.000739501 -0.000212467 0.00701564 -0.0033103 -0.00414351 -0.00210304 -0.00171803 -0.00502967
internal_weight=2137 1021 957 848 1116 1038 429 419 872 633 109 166 64 239 74 78
internal_count=2137 1021 957 848 1116 1038 429 419 872 633 109 166 64 239 74 78
is_linear=0
shrinkage=0.03


Tree=12
num_leaves=17
num_cat=0
split_feature=23 22 22 31 34 36 29 36 30 22 29 11 11 10 26 15
split_gain=5.14073 2.46899 3.3574 1.16842 1.16428 0.966814 0.791516 0.659351 0.640955 0.826109 0.606184 0.283549 0.189695 0.156704 0.0622421 0.0238557
threshold=267.52500000000003 283.52150000000006 273.29300000000006 2.171600422305673e-11 2.116834624431195e-07 -0.00017584959493564998 9.7486272097177034e-09 -9.4278487929372434e-07 1.533036943369022e-06 240.38350000000003 6.2771121956829753e-05 1.0585410968522413 1.0889053869974992 0.99638027076202096 94.500000000000014 0.015664628515081654
decision_type=2 2 2 2 2 2 2 2 2 2 2 2 2 2 2 2
left_child=4 2 3 7 5 11 -5 -2 13 -10 -4 14 -3 -7 -1 -6
right_child=1 12 10 6 15 8 -8 -9 9 -11 -12 -13 -14 -15 -16 -17
leaf_value=-0.00066352716383213798 0.00027531967670700261 -0.0021637385006134328 0.0016023030596147491 -0.0021047270098701119 -0.002989558119740751 -0.001241308946755122 0.00088392520388270817 0.0030685155294189791 -0.0011409115316940951 0.0010375132028306009 0.0078618762085173755 -0.0045867659487301791 -0.0058947317148408587 -0.0028895467673098686 -0.0025222771710716185 -0.0055668048067526385
leaf_weight=33 104 36 20 102 24 129 327 315 367 268 89 76 28 110 57 52
leaf_count=33 104 36 20 102 24 129 327 315 367 268 89 76 28 110 57 52
internal_value=0 0.00153513 0.00192197 0.00126786 -0.00140645 -0.00113223 0.000156711 0.00238921 -0.00072331 -0.000216256 0.0068138 -0.00321644 -0.00403168 -0.00203873 -0.00191638 -0.00493535
internal_weight=2137 1021 957 848 1116 1040 429 419 874 635 109 166 64 239 90 76
internal_count=2137 1021 957 848 1116 1040 429 419 874 635 109 166 64 239 90 76
is_linear=0
shrinkage=0.03


Tree=13
num_leaves=19
num_cat=0
split_feature=20 22 22 36 22 33 26 23 33 23 11 30 30 26 14 21 26 12
split_gain=5.47738 3.29366 1.92177 1.3064 0.88763 1.24653 0.782319 0.557124 0.445804 0.412204 0.378747 0.276994 0.215737 0.119082 0.0778428 0.0314501 0.00307141 0.000729486
threshold=1.7050000000000003 273.29300000000006 286.08700000000005 -1.0460619891038128e-05 240.86050000000003 3.2353448374875649e-08 96.500000000000014 230.95000000000002 0.018331963013031152 294.65000000000003 1.0650275236453239 3.8163851867812815e-08 0.0024693825943761004 83.500000000000014 0.017658276235442253 22.149999620000006 26.000000000000004 1.0224069040047084
decision_type=2 2 2 2 2 2 2 2 2 2 2 2 2 2 2 2 2 2
left_child=1 6 3 10 7 -6 8 -5 9 -1 13 -4 17 -2 -3 -10 -13 -8
right_child=2 14 11 4 5 -7 12 -9 15 -11 -12 16 -14 -15 -16 -17 -18 -19
leaf_value=-6.195265904534608e-05 -0.00042337426412520398 0.0060425392760496055 -0.0017029118144419042 -0.00068337069233286041 -0.00066766800745591388 0.0017788518895063639 0.0040115860130105702 -0.0032415443012821618 -0.0029433526486644275 0.002033775732467978 -0.0044469129029032477 -0.0035381804635482173 0.0007711668400682837 -0.0022914936972150872 0.0096022919775808555 -0.0009334382465707936 -0.0060371240808413575 0.0021570066408375683
leaf_weight=153 49 60 29 295 440 321 102 104 20 178 74 25 31 118 31 25 62 20
leaf_count=153 49 60 29 295 440 321 102 104 20 178 74 25 31 118 31 25 62 20
internal_value=-3.60627e-07 0.00236729 -0.000972758 -0.000657847 -0.000234668 0.000363313 0.0014317 -0.00137684 0.000674447 0.00106422 -0.0026545 -0.00463845 0.00322466 -0.00177815 0.00755487 -0.00201736 -0.00549425 0.00379062
internal_weight=2137 620 1517 1401 1160 761 529 399 376 331 241 116 153 167 91 45 87 122
internal_count=2137 620 1517 1401 1160 761 529 399 376 331 241 116 153 167 91 45 87 122
is_linear=0
shrinkage=0.03


Tree=14
num_leaves=18
num_cat=0
split_feature=20 22 22 36 29 22 33 20 33 35 11 11 29 22 29 15 14
split_gain=5.16942 3.1144 1.81661 1.23231 0.927032 0.872242 0.675685 0.41029 0.370819 0.531184 0.422829 0.356763 0.260509 0.215167 0.127779 0.0832309 0.073821
threshold=1.7050000000000003 273.29300000000006 286.08700000000005 -1.0460619891038128e-05 9.7486272097177034e-09 240.86050000000003 0.0026189937809975006 2.5250000000000004 -2.8434554383293547e-12 3.5395078032797676e-06 1.0912829412605005 1.0650275236453239 9.1963585391646441e-08 263.1330000000001 0.0013564760436880002 0.017888943514214554 0.017658276235442253
decision_type=2 2 2 2 2 2 2 2 2 2 2 2 2 2 2 2 2
left_child=1 6 3 11 7 -6 8 -5 9 -1 -10 14 -4 15 -2 -8 -3
right_child=2 16 12 4 5 -7 13 -9 10 -11 -12 -13 -14 -15 -16 -17 -18
leaf_value=-0.00086076155083719631 -0.0010219320412143131 0.0058698952822679919 -0.0016566139217466115 -0.0033062633352012052 -0.00097996754343482166 0.00097091881667508702 -0.00075375043969008043 -0.00085362271120354154 0.0031827975613368284 0.002446145598497242 -0.0006486098207300529 -0.0043187032800603214 -0.005339993780354658 0.0010819025608589466 -0.0028567337876846716 -0.0030635347001902436 0.0093396412090343585
leaf_weight=81 108 60 29 95 323 556 59 186 212 87 27 74 87 43 59 20 31
leaf_count=81 108 60 29 95 323 556 59 186 212 87 27 74 87 43 59 20 31
internal_value=-5.42186e-07 0.00229955 -0.000945248 -0.000639007 -0.000227923 0.000249744 0.0013896 -0.00171954 0.00197486 0.000847071 0.00273489 -0.00257825 -0.00450934 -0.00053941 -0.00172678 -0.00146578 0.00734416
internal_weight=2137 620 1517 1401 1160 879 529 281 407 168 239 241 116 122 167 79 91
internal_count=2137 620 1517 1401 1160 879 529 281 407 168 239 241 116 122 167 79 91
is_linear=0
shrinkage=0.03


Tree=15
num_leaves=17
num_cat=0
split_feature=23 22 22 31 35 36 29 11 35 22 29 11 11 10 29 27
split_gain=4.37485 2.10464 2.83478 1.01101 1.00825 0.811302 0.692494 0.589656 0.562973 0.683693 0.494854 0.242609 0.167543 0.144967 0.0656079 0.0142663
threshold=267.52500000000003 283.52150000000006 273.29300000000006 2.171600422305673e-11 6.0127907717259876e-06 -0.00017584959493564998 9.7486272097177034e-09 1.0605429305291671 -0.00024107695820359997 240.38350000000003 6.2771121956829753e-05 1.0438807466250568 1.0889053869974992 0.99638027076202096 0.0017530491873716002 377108.00000000006
decision_type=2 2 2 2 2 2 2 2 2 2 2 2 2 2 2 2
left_child=4 2 3 7 5 11 -5 -2 9 -7 -4 14 -3 -10 -1 -6
right_child=1 12 10 6 15 8 -8 -9 13 -11 -12 -13 -14 -15 -16 -17
leaf_value=-0.00067099960992112742 0.0027062228460727361 -0.001970338196780246 0.0015223080817933963 -0.0019781405412458947 -0.005006885112797628 -0.0010328609630771257 0.00081730377032813105 -0.00029329518848466326 -0.0011315638367734872 0.00095108604316541251 0.0072169321376384914 -0.0039903146876316322 -0.00547272276878357 -0.0027133697703876328 -0.0026611084729433057 -0.002577108954929787
leaf_weight=47 351 36 20 102 58 365 327 68 129 268 89 92 28 110 27 20
leaf_count=47 351 36 20 102 58 365 327 68 129 268 89 92 28 110 27 20
internal_value=-8.5266e-07 0.0014147 0.00177204 0.0011706 -0.00129891 -0.00104014 0.000136587 0.00221369 -0.000664372 -0.000187655 0.0062676 -0.00294949 -0.00372384 -0.0018966 -0.00151147 -0.00453943
internal_weight=2137 1021 957 848 1116 1038 429 419 872 633 109 166 64 239 74 78
internal_count=2137 1021 957 848 1116 1038 429 419 872 633 109 166 64 239 74 78
is_linear=0
shrinkage=0.03


Tree=16
num_leaves=22
num_cat=0
split_feature=23 19 36 35 36 35 23 29 11 35 11 23 29 23 11 31 18 23 29 29 36
split_gain=4.12298 1.89324 1.22198 0.953049 0.766249 0.639465 1.0658 1.22909 0.558183 0.530816 0.503553 0.389616 0.304137 0.244811 0.227295 0.203656 0.138533 0.108837 0.0619214 0.0281304 0.0127412
threshold=267.52500000000003 96.354999540000009 2.7450269378749887e-13 6.0127907717259876e-06 -0.00017584959493564998 0.00032187465446140005 275.7050000000001 0.0039830560432561508 1.0605429305291671 -0.00024107695820359997 1.16577566261554 243.81500000000003 6.8470848694736459e-07 273.41500000000008 1.0438807466250568 3.3102942459936147e-09 0.6434694534664489 292.89500000000004 0.0017530491873716002 2.1381681889117259e-06 -1.0186201609328121e-08
decision_type=2 2 2 2 2 2 2 2 2 2 2 2 2 2 2 2 2 2 2 2 2
left_child=3 5 13 4 14 8 -7 -8 12 11 15 -6 -2 -3 18 -4 -11 -15 -1 -10 -5
right_child=1 2 10 20 9 6 7 -9 19 16 -12 -13 -14 17 -16 -17 -18 -19 -20 -21 -22
leaf_value=-0.00065207742104306807 0.0034039301716090576 -0.00065778237794681142 -0.0023941366683796679 -0.0029729884066752024 -0.00089706152431783968 -0.0009695167556214567 0.0075861053726187459 0.0019279850757759538 0.00025499135915985489 -0.00083800884210504586 -0.0057134069986641408 0.00058351466516832931 0.0014566663203137468 0.0013781859316360696 -0.0038743855248156342 -0.00040214417707447152 -0.0024202206635917539 0.0031146496772056532 -0.0025892585754394531 -0.00079316590513203744 -0.005109809207672975
leaf_weight=47 144 33 68 32 329 30 78 68 33 92 21 304 174 111 92 151 147 60 27 50 46
leaf_count=47 144 33 68 32 329 30 78 68 33 92 21 304 174 111 92 151 147 60 27 50 46
internal_value=-1.76429e-06 0.0013724 -9.48092e-05 -0.00126194 -0.00101026 0.00250124 0.00401881 0.00506283 0.00180285 -0.000644948 -0.00154336 -0.000181895 0.00237136 0.00159254 -0.00286597 -0.00105817 -0.0018415 0.00204791 -0.00147119 -0.000347187 -0.00441278
internal_weight=2137 1021 444 1116 1038 577 176 146 401 872 240 633 318 204 166 219 239 171 74 83 78
internal_count=2137 1021 444 1116 1038 577 176 146 401 872 240 633 318 204 166 219 239 171 74 83 78
is_linear=0
shrinkage=0.03


Tree=17
num_leaves=17
num_cat=0
split_feature=23 22 22 35 31 36 29 36 35 22 29 11 11 10 26 36
split_gain=3.88756 1.91907 2.52909 0.90132 0.896111 0.723728 0.630537 0.558326 0.500371 0.617468 0.451799 0.215034 0.142984 0.134694 0.0543273 0.0109906
threshold=267.52500000000003 283.52150000000006 273.29300000000006 6.0127907717259876e-06 2.171600422305673e-11 -0.00017584959493564998 9.7486272097177034e-09 -2.9336357466086907e-12 -0.00024107695820359997 240.38350000000003 6.2771121956829753e-05 1.0585410968522413 1.0889053869974992 0.99638027076202096 94.500000000000014 -1.0186201609328121e-08
decision_type=2 2 2 2 2 2 2 2 2 2 2 2 2 2 2 2
left_child=3 2 4 5 7 11 -6 -2 9 -7 -4 14 -3 -10 -1 -5
right_child=1 12 10 15 6 8 -8 -9 13 -11 -12 -13 -14 -15 -16 -17
leaf_value=-0.00049147998068171245 0.00069359788239519847 -0.0019256650406437425 0.0013913629340898731 -0.0028914435976317948 -0.001886488247955484 -0.00097978044846066658 0.00078087608474961597 0.0029707891212337923 -0.0010511651572345396 0.000905557663236665 0.0068263896576776775 -0.0039809869235452218 -0.0052052157530861525 -0.0025743722035879253 -0.0022074495093431326 -0.0049659004603721654
leaf_weight=33 166 36 20 32 102 365 327 253 129 268 89 76 28 110 57 46
leaf_count=33 166 36 20 32 102 365 327 253 129 268 89 76 28 110 57 46
internal_value=-2.36651e-06 0.00133195 0.00167331 -0.00122608 0.00110499 -0.000981219 0.000131037 0.00208706 -0.00062607 -0.000176341 0.0059199 -0.00278484 -0.00357407 -0.00178784 -0.00164667 -0.00429049
internal_weight=2137 1021 957 1116 848 1038 429 419 872 633 109 166 64 239 90 78
internal_count=2137 1021 957 1116 848 1038 429 419 872 633 109 166 64 239 90 78
is_linear=0
shrinkage=0.03


Tree=18
num_leaves=24
num_cat=0
split_feature=20 35 11 29 23 35 26 31 11 26 20 29 26 29 23 11 35 33 31 11 11 13 27
split_gain=4.15747 1.7129 1.05938 0.886984 0.782316 0.797309 0.776725 0.774593 0.464984 0.332505 0.321339 0.300976 0.240206 0.196029 0.249275 0.184523 0.1452 0.138895 0.0787449 0.0343628 0.0137569 0.00856229 0.00262119
threshold=1.6850000000000003 7.8335873353472422e-06 1.0871596843603937 0.0039830560432561508 267.52500000000003 6.0127907717259876e-06 96.500000000000014 -5.6456525231101472e-06 0.99630271809161719 94.500000000000014 2.1250000000000004 0.00010545031028780001 94.500000000000014 3.5341997591158788e-07 292.89500000000004 1.0912829412605005 0.038270708887234307 0.025673540348797801 2.1594450406735423e-12 1.0585410968522413 1.0561461788526865 1.0298011347408271 377108.00000000006
decision_type=2 2 2 2 2 2 2 2 2 2 2 2 2 2 2 2 2 2 2 2 2 2 2
left_child=1 6 4 11 5 10 9 12 -9 15 -2 -3 -6 -4 -15 -1 20 -11 21 -13 -5 -8 -7
right_child=2 3 13 16 7 22 18 8 -10 17 -12 19 -14 14 -16 -17 -18 -19 -20 -21 -22 -23 -24
leaf_value=0.0020138775506584007 -0.0017058791140724412 0.0032420801614575522 -0.00095095259151209812 0.0010732319335054073 0.00057708652435269731 -0.0044442150217614005 0.0038435587718502269 0.0012478140735435925 -0.0010291173942639778 -0.00014050648848933634 -0.00043286757063649766 0.0083712123300669333 0.0039545677662605333 -0.0047253509291831182 -0.00088802824658341711 -0.00066705126316961023 0.0035952030511365997 -0.0024235786249668435 0.0010606359709054232 0.0045810647979378696 0 0.0019323352996826818 -0.0023404160015608952
leaf_weight=103 252 31 30 25 32 53 74 124 217 163 640 50 60 82 23 26 24 26 21 21 20 20 20
leaf_count=103 252 31 30 25 32 53 74 124 217 163 640 50 60 82 23 26 24 26 21 21 20 20 20
internal_value=-3.07739e-06 0.00209749 -0.000835131 0.00461956 -0.000583609 -0.00105892 0.00106966 0.000468813 -0.00018876 0.000285105 -0.000800372 0.00637953 0.00286669 -0.00334873 -0.00396059 0.00144793 0.0018188 -0.000503166 0.0031513 0.00752189 0.000643395 0.00354018 -0.00402244
internal_weight=2137 604 1533 171 1398 965 433 433 341 318 892 102 92 135 105 129 69 189 115 71 45 94 73
internal_count=2137 604 1533 171 1398 965 433 433 341 318 892 102 92 135 105 129 69 189 115 71 45 94 73
is_linear=0
shrinkage=0.03


Tree=19
num_leaves=19
num_cat=0
split_feature=20 22 22 23 31 26 19 11 13 29 23 11 30 29 29 29 14 12
split_gain=3.92932 2.34319 1.42386 0.904623 0.921806 0.603341 0.578763 0.633182 0.508184 0.434034 0.323253 0.352379 0.212369 0.202335 0.172518 0.169908 0.0970767 0.00568792
threshold=1.7050000000000003 273.29300000000006 286.08700000000005 262.21500000000009 -1.342687954805194e-06 96.500000000000014 99.805000305000007 0.96609663658156408 0.98691005455812475 6.8470848694736459e-07 294.65000000000003 1.0402824210003365 2.5748642046347665e-05 9.1963585391646441e-08 0.00069633623818550017 0.0060691246315612004 0.017658276235442253 1.0224069040047084
decision_type=2 2 2 2 2 2 2 2 2 2 2 2 2 2 2 2 2 2
left_child=1 5 3 6 9 10 7 -2 -6 -5 14 -12 -8 -4 -1 17 -3 -7
right_child=2 16 13 4 8 15 12 -9 -10 -11 11 -13 -14 -15 -16 -17 -18 -19
leaf_value=0 -0.00013128481581618355 0.0049894158336378277 -0.0014503130918601527 0.0037794731895306279 0.0013929600689059369 0.0034981528290680478 -0.0014344957019638968 -0.0020797590569724411 -0.0010083091287675591 0.00061142768876918828 0.0022832320441835197 -0.00020091168053170487 0.0015464660453586036 -0.0047157891223827998 -0.0026692758023452298 0.00060800836101064786 0.0083045903716017222 0.0017751153764193472
leaf_weight=144 219 60 29 81 103 102 25 502 307 80 129 80 84 87 23 31 31 20
leaf_count=144 219 60 29 81 103 102 25 502 307 80 129 80 84 87 23 31 31 20
internal_value=-2.22713e-06 0.0020029 -0.000826037 -0.000554661 0.000359411 0.00121263 -0.00118613 -0.00149506 -0.000392063 0.00226356 0.000547004 0.00132883 0.000815863 -0.00398177 -0.00041998 0.00278722 0.00637967 0.00328907
internal_weight=2137 620 1517 1401 571 529 830 721 410 161 376 209 109 116 167 153 91 122
internal_count=2137 620 1517 1401 571 529 830 721 410 161 376 209 109 116 167 153 91 122
is_linear=0
shrinkage=0.03


Tree=20
num_leaves=18
num_cat=0
split_feature=20 22 22 36 29 22 33 23 29 20 11 29 11 22 29 14 15
split_gain=3.70596 2.21561 1.34414 0.914889 0.725743 0.615867 0.554917 0.395898 0.372116 0.343345 0.268166 0.189562 0.175737 0.163275 0.0979576 0.0918596 0.068669
threshold=1.7050000000000003 273.29300000000006 286.08700000000005 -8.7323293953620187e-06 9.7486272097177034e-09 240.86050000000003 0.0026189937809975006 296.16000000000003 4.7548102033928377e-08 2.5250000000000004 1.0650275236453239 9.1963585391646441e-08 1.0638389999847362 263.1330000000001 0.0013564760436880002 0.017658276235442253 0.017888943514214554
decision_type=2 2 2 2 2 2 2 2 2 2 2 2 2 2 2 2 2
left_child=1 6 3 10 9 -6 7 8 -1 -5 14 -4 -9 16 -2 -3 -8
right_child=2 15 11 4 5 -7 13 12 -10 -11 -12 -13 -14 -15 -16 -17 -18
leaf_value=-0.00090079718116842396 -0.00087150272569404188 0.0048468610367604671 -0.0014108827299205585 -0.0029476665179720336 -0.00079127113438418983 0.0008538931303801226 -0.00071802699417176257 0.0030159226382538845 0.0016766163968227562 -0.00070523987535852945 -0.0037037508040666583 -0.0045790311276912689 0 0.00083992595346764722 -0.0024664386942862505 0.0080774353654945591 -0.0028340640124743396
leaf_weight=73 114 60 29 95 320 553 59 170 143 186 74 87 21 43 59 31 20
leaf_count=73 114 60 29 95 320 553 59 170 143 186 74 87 21 43 59 31 20
internal_value=-1.42713e-06 0.00194584 -0.000801521 -0.000537786 -0.000178027 0.000246785 0.00117721 0.00170814 0.00079144 -0.00149705 -0.0021843 -0.00386774 0.0027011 -0.000568516 -0.00146526 0.00620197 -0.0013744
internal_weight=2137 620 1517 1401 1154 873 529 407 216 281 247 116 191 122 173 91 79
internal_count=2137 620 1517 1401 1154 873 529 407 216 281 247 116 191 122 173 91 79
is_linear=0
shrinkage=0.03


Tree=21
num_leaves=20
num_cat=0
split_feature=20 22 22 23 31 26 19 11 10 30 33 23 33 30 30 14 21 12 26
split_gain=3.4964 2.09568 1.26795 0.811216 0.853972 0.544684 0.516295 0.582099 0.502318 0.40669 0.337164 0.27084 0.231705 0.177567 0.156334 0.0868943 0.0247577 0.00552955 0.00332951
threshold=1.7050000000000003 273.29300000000006 286.08700000000005 262.21500000000009 -1.342687954805194e-06 96.500000000000014 99.805000305000007 0.96609663658156408 0.98442631084472876 9.4886370590110356e-05 0.018331963013031152 298.99500000000006 4.3398755028144002e-06 3.8163851867812815e-08 0.0024693825943761004 0.017658276235442253 22.149999620000006 1.0224069040047084 26.000000000000004
decision_type=2 2 2 2 2 2 2 2 2 2 2 2 2 2 2 2 2 2 2
left_child=1 5 3 6 9 10 7 -2 -6 -5 11 -1 -8 -4 17 -3 -12 -7 -15
right_child=2 15 13 4 8 14 12 -9 -10 -11 16 -13 -14 18 -16 -17 -18 -19 -20
leaf_value=0.00010133918318588629 -0.00010473799590977866 0.0047083793037704059 -0.0013725243610097095 0.0036069025566888065 0.0014056933056829232 0.0033201764608068126 -0.0014758593347854912 -0.0019730442432709739 -0.00098921548442543932 0.00053848289974309769 -0.0026625485669988526 0.0018505929795050798 0.0015698309571315324 -0.002804450628480741 0.00054847018212518279 0.0078564938609214374 -0.00084137748030479987 0.0016649871274181033 -0.0049021064703281114
leaf_weight=193 219 60 29 83 102 102 27 502 308 78 20 138 82 25 31 31 25 20 62
leaf_count=193 219 60 29 83 102 102 27 502 308 78 20 138 82 25 31 31 25 20 62
internal_value=-1.63099e-06 0.00188974 -0.000778815 -0.00052259 0.000342792 0.00114203 -0.00112062 -0.00141249 -0.000380262 0.00217568 0.000509232 0.000849689 0.000769284 -0.00375699 0.00263821 0.00602924 -0.00182911 0.00311931 -0.00444624
internal_weight=2137 620 1517 1401 571 529 830 721 410 161 376 331 109 116 153 91 45 122 87
internal_count=2137 620 1517 1401 571 529 830 721 410 161 376 331 109 116 153 91 45 122 87
is_linear=0
shrinkage=0.03


Tree=22
num_leaves=19
num_cat=0
split_feature=22 22 22 35 29 11 11 29 26 15 22 29 11 27 22 35 10 26
split_gain=1.86535 2.79127 1.15332 1.0573 0.880611 0.755498 0.637578 0.53497 0.34518 0.226943 0.195865 0.166872 0.161341 0.142048 0.13534 0.135125 0.0858459 0.00180873
threshold=286.08700000000005 259.28300000000007 240.38350000000003 0.00032187465446140005 0.0039830560432561508 0.97181113414795794 0.96212681321177718 2.150203804470526e-05 96.500000000000014 0.013879059168344752 238.03350000000003 9.1963585391646441e-08 1.0605429305291671 368302.50000000006 237.88900000000004 0.038270708887234307 1.0404007040397929 26.000000000000004
decision_type=2 2 2 2 2 2 2 2 2 2 2 2 2 2 2 2 2 2
left_child=1 2 6 8 13 9 14 -7 12 -4 -8 -2 -3 -5 -1 -6 -10 -13
right_child=11 3 5 4 15 7 10 -9 16 -11 -12 17 -14 -15 -16 -17 -18 -19
leaf_value=0.0002871971560257881 -0.0013352088606334289 0.0010375196658162856 0.0028554643470289497 0.0048518934817541213 0.0004717981623723469 0.0002458585765987503 -0.0017287254040836289 -0.0015071866799521052 0.0034936805518442078 0.00094550855969071322 -0.0034185713068395854 -0.0027293314055672714 -0.00084763232947887557 0.0085187209604247922 -0.0013536282918385921 0.0033114313019646535 0.00085923991294112052 -0.0047618307162935912
leaf_weight=160 29 124 87 60 44 562 249 213 54 183 97 25 56 28 59 24 21 62
leaf_count=160 29 124 87 60 44 562 249 213 54 183 97 25 56 28 59 24 21 62
internal_value=-1.03342e-06 0.000212182 -0.000350523 0.00241026 0.00434172 0.0002378 -0.00143945 -0.000236044 0.0011803 0.00159654 -0.00223638 -0.00365266 0.000430353 0.00629395 -0.000153657 0.00161385 0.00285592 -0.00432156
internal_weight=2137 2021 1610 411 156 1045 565 775 255 270 346 116 180 88 219 68 75 87
internal_count=2137 2021 1610 411 156 1045 565 775 255 270 346 116 180 88 219 68 75 87
is_linear=0
shrinkage=0.03


Tree=23
num_leaves=21
num_cat=0
split_feature=20 22 22 36 29 22 33 20 16 33 11 29 22 29 21 31 18 11 21 8
split_gain=3.13672 1.86844 1.13232 0.786537 0.654394 0.521921 0.48563 0.299696 0.273146 0.280968 0.249034 0.156802 0.140711 0.0934882 0.0847437 0.055814 0.0218482 0.0203951 0.00229919 0.000352786
threshold=1.7050000000000003 273.29300000000006 286.08700000000005 -8.7323293953620187e-06 9.7486272097177034e-09 240.86050000000003 0.0026189937809975006 2.5250000000000004 62.203367002837361 -2.8434554383293547e-12 1.057853227850639 9.1963585391646441e-08 263.1330000000001 0.0013564760436880002 18.675000195000006 -0.09897564417905079 0.86932248616124219 1.1101519383203946 23.500000000000004 0.99867797581924977
decision_type=2 2 2 2 2 2 2 2 2 2 2 2 2 2 2 2 2 2 2 2
left_child=1 6 3 10 7 -6 8 -5 9 -1 13 -4 15 -2 16 -8 -3 -10 -13 -14
right_child=2 14 11 4 5 -7 12 -9 17 -11 -12 18 19 -15 -16 -17 -18 -19 -20 -21
leaf_value=0.0008517870277352632 -0.0007119353270854603 0.0023263900333448597 -0.0012989078350947238 -0.0027695317436009646 -0.00071258887251049365 0.00080161566461636454 -0.0022151420593387833 -0.00067171226542626439 0.00011529064739754955 0.0026370955529052696 -0.0034155267493134909 -0.0024392233095739198 0.00097937860326447433 -0.002274526502967614 0.0070190078815364322 -0.00047991319089160981 0.0049492124434440364 -0.00094086097506806249 -0.0045562020072979588 0.00027728522152882875
leaf_weight=147 110 20 29 95 320 553 33 186 39 200 79 20 23 58 43 46 28 21 67 20
leaf_count=147 110 20 29 95 320 553 33 186 39 200 79 20 23 58 43 46 28 21 67 20
internal_value=-4.47429e-07 0.00179093 -0.000736648 -0.000494376 -0.000160619 0.000242617 0.00108447 -0.00141327 0.00158137 0.00190314 -0.00202107 -0.00355127 -0.000547356 -0.00129938 0.00570007 -0.00129586 0.00411632 -0.000233944 -0.0042004 0.000757422
internal_weight=2137 620 1517 1401 1154 873 529 281 407 347 247 116 122 168 91 79 48 60 87 43
internal_count=2137 620 1517 1401 1154 873 529 281 407 347 247 116 122 168 91 79 48 60 87 43
is_linear=0
shrinkage=0.03


Tree=24
num_leaves=21
num_cat=0
split_feature=20 22 22 11 22 31 33 23 23 11 29 33 11 16 29 22 21 15 18 21
split_gain=2.96281 1.77057 1.07421 0.705586 0.690722 0.541736 0.464817 0.456155 0.321706 0.330197 0.294421 0.1536 0.150869 0.148544 0.147284 0.133611 0.0894418 0.058246 0.0197474 0.000828124
threshold=1.6950000000000001 273.29300000000006 286.08700000000005 0.97181113414795794 240.86050000000003 -1.7255172466600316e-07 0.0026189937809975006 266.13000000000005 296.16000000000003 0.93510864431196272 5.9367949730157571e-05 0.0016296464546214503 0.89334157723572194 63.328557517188322 9.1963585391646441e-08 263.1330000000001 18.675000195000006 0.017888943514214554 0.86932248616124219 23.500000000000004
decision_type=2 2 2 2 2 2 2 2 2 2 2 2 2 2 2 2 2 2 2 2
left_child=1 6 3 7 11 -6 8 12 9 -1 -9 -5 -2 -10 -4 17 18 -8 -3 -16
right_child=2 16 14 4 5 -7 15 10 13 -11 -12 -13 -14 -15 19 -17 -18 -19 -20 -21
leaf_value=0.0032471707651489661 0.0014536216790521782 0.0022657016360241432 -0.0012635938188177533 -0.0025225697779918182 0.00048027474308522263 -0.0011850712743945633 -0.00065184252979534282 0.0031407945625620279 0.0027729359144577754 0.00013752740339815535 -3.062824949693794e-05 -0.00094727412078460227 -0.00036632485209298711 0.00018419163006133047 -0.0023755914186653882 0.0007391143768542425 0.0069238454312086101 -0.0026083196832433989 0.0048151047614312936 -0.004425374050331967
leaf_weight=35 46 20 29 217 339 356 59 79 165 175 36 91 244 26 20 43 42 20 28 67
leaf_count=35 46 20 29 217 339 356 59 79 165 175 36 91 244 26 20 43 42 20 28 67
internal_value=-6.24485e-07 0.00175424 -0.000710511 -0.00047562 -0.000902779 -0.000369895 0.00106209 0.000573764 0.00155462 0.000708321 0.00214704 -0.00208042 -5.54771e-05 0.0024443 -0.00345252 -0.000531251 0.00558013 -0.00126104 0.00400744 -0.00408239
internal_weight=2137 613 1524 1408 1003 695 523 405 401 210 115 308 290 191 116 122 90 79 48 87
internal_count=2137 613 1524 1408 1003 695 523 405 401 210 115 308 290 191 116 122 90 79 48 87
is_linear=0
shrinkage=0.03


Tree=25
num_leaves=23
num_cat=0
split_feature=20 35 15 29 11 26 23 29 23 34 26 29 11 11 11 35 26 32 11 19 11 12
split_gain=2.79714 1.21331 0.99588 0.620184 0.572488 0.560027 0.46982 0.445295 0.406272 0.324366 0.254917 0.229024 0.14678 0.129243 0.127125 0.125696 0.122048 0.062121 0.0595565 0.0129733 0.00697338 0.00651377
threshold=1.6950000000000001 7.8335873353472422e-06 0.025165324256313303 0.0039830560432561508 0.97181113414795794 96.500000000000014 267.52500000000003 0.0023848027841541003 243.81500000000003 3.9662961567040477e-05 94.500000000000014 0.00012781360173280001 1.0912829412605005 0.93150443752085821 0.92963847458385185 0.038270708887234307 96.500000000000014 2.5643409857998318e-12 1.0585410968522413 97.375000000000014 1.0561461788526865 1.0187171987864707
decision_type=2 2 2 2 2 2 2 2 2 2 2 2 2 2 2 2 2 2 2 2 2 2
left_child=1 5 4 11 6 10 13 8 -6 -8 12 -3 -1 -2 -12 20 -4 21 -13 -9 -5 -7
right_child=2 3 16 15 7 17 9 19 -10 -11 14 18 -14 -15 -16 -17 -18 -19 -20 -21 -22 -23
leaf_value=0.0016879526981187205 0.00050818651171118969 0.0027987977717267836 -0.0037869017053395507 0.00071165650053548499 -0.0017078983158351402 0.003286917082965374 0.0036845259394938661 -0.0027960825268678446 -0.00021083980991842802 0.00032535186647308163 0.00091403040559750722 0.0072759792628336924 -0.00065110395997762679 -0.00070831223878323917 -0.00089658209817885528 0.0031264670685761504 -0.0014596715021346295 0.00079080761771183462 0.0036821470241993662 -0.0012997200196035777 0 0.0017320045883035551
leaf_weight=108 148 35 92 25 219 69 56 94 643 51 41 46 27 159 151 24 39 21 21 23 20 25
leaf_count=108 148 35 92 25 219 69 56 94 643 51 41 46 27 159 151 24 39 21 21 23 20 25
internal_value=-1.10174e-07 0.00170495 -0.000689905 0.00383415 -0.000448727 0.000854173 0.000479486 -0.000844571 -0.000599255 0.00216324 0.000202949 0.00530713 0.00119442 -0.000112937 -0.000486443 0.00148463 -0.00316464 0.00262825 0.00639849 -0.00256677 0.000405809 0.00297066
internal_weight=2137 613 1524 171 1393 442 414 979 862 107 327 102 135 307 192 69 131 115 67 117 45 94
internal_count=2137 613 1524 171 1393 442 414 979 862 107 327 102 135 307 192 69 131 115 67 117 45 94
is_linear=0
shrinkage=0.03


Tree=26
num_leaves=22
num_cat=0
split_feature=20 35 11 20 30 26 21 27 11 26 30 11 11 11 35 33 23 31 11 11 12
split_gain=2.644 1.1573 0.793994 0.585671 0.577908 0.531836 0.401915 0.598806 0.326867 0.254418 0.225294 0.139449 0.124337 0.123184 0.118858 0.0975074 0.0750512 0.0580566 0.0540901 0.00661533 0.00533692
threshold=1.7050000000000003 7.8335873353472422e-06 1.0871596843603937 2.9750000000000005 0.0016382388657787002 96.500000000000014 12.034999845000002 442802.00000000006 0.99072999556351704 94.500000000000014 5.3195427573985727e-05 1.0912829412605005 1.16577566261554 0.92963847458385185 0.038270708887234307 9.3573656861374615e-10 267.77500000000003 2.1594450406735423e-12 1.0585410968522413 1.0561461788526865 1.0187171987864707
decision_type=2 2 2 2 2 2 2 2 2 2 2 2 2 2 2 2 2 2 2 2 2
left_child=1 5 3 6 10 9 7 -2 -8 11 -3 -1 16 -11 19 -5 -4 20 -12 -6 -7
right_child=2 4 12 15 14 17 8 -9 -10 13 18 -13 -14 -15 -16 -17 -18 -19 -20 -21 -22
leaf_value=0.0016363462412760229 0.0021696188273373994 0.0027066252678632735 -0.0028329791293771412 -0.003098560657262443 0.00069259428429151214 0.0031924182322497171 4.7442713285299227e-07 -0.00060428012207019792 -0.0010730424136558678 0.00088847907723472661 0.0070710638950065696 -0.00063352415720000865 -0.0046197018566377021 -0.00089061653707288389 0.0030430946970979372 -0.00056997080898843716 -0.00092341536845612728 0.00077004892821423709 0.0035854907119646667 0 0.0016856116233726164
leaf_weight=112 132 36 64 80 25 69 486 141 522 41 46 27 31 153 24 22 39 21 21 20 25
leaf_count=112 132 36 64 80 25 69 486 141 522 41 46 27 31 153 24 22 39 21 21 20 25
internal_value=0 0.00164537 -0.000675214 -0.000455745 0.00372115 0.000822314 -0.000275882 0.00073508 -0.000554021 0.000197414 0.00513295 0.00117024 -0.00285885 -0.000491589 0.00144595 -0.00261362 -0.00218484 0.00255536 0.00622191 0.00039469 0.00288713
internal_weight=2137 620 1517 1383 172 448 1281 273 1008 333 103 139 134 194 69 102 103 115 67 45 94
internal_count=2137 620 1517 1383 172 448 1281 273 1008 333 103 139 134 194 69 102 103 115 67 45 94
is_linear=0
shrinkage=0.03


Tree=27
num_leaves=23
num_cat=0
split_feature=23 22 22 35 36 11 22 19 22 29 11 23 26 29 11 11 33 18 29 18 23 19
split_gain=2.31117 1.27371 1.29973 0.685484 0.794279 0.631848 0.552922 0.263028 0.248517 0.239666 0.238982 0.229446 0.216394 0.180412 0.177523 0.0899622 0.0778056 0.0716456 0.0460754 0.0421978 0.0322289 0.0256339
threshold=268.27500000000003 283.52150000000006 273.29300000000006 -0.00024107695820359997 -0.00015360606826619999 1.0280062629399596 240.38350000000003 94.560001370000023 246.95500000000001 0.00010545031028780001 0.93297430866338893 314.01500000000004 94.500000000000014 2.3029001125806024e-10 1.0438807466250568 1.0968459250236171 1.0000000180025095e-35 0.90250098164013026 0.0017530491873716002 0.53593609629104433 267.18000000000001 93.729999540000009
decision_type=2 2 2 2 2 2 2 2 2 2 2 2 2 2 2 2 2 2 2 2 2 2
left_child=3 2 5 4 14 7 10 -2 -8 -4 -6 -7 16 19 18 -3 -5 -11 -1 -14 -15 -18
right_child=1 15 9 12 6 11 8 -9 -10 17 -12 -13 13 20 -16 -17 21 -19 -20 -21 -22 -23
leaf_value=-0.00035313199444337646 0.0026086844878291035 -0.0015132227223773951 0.0018088585854592648 -0.003745134422112079 0.00039647740134813794 -0.00052866059873357739 0.0005423970423381985 0.0010419337468271321 0.0026191080916645143 0.0037248820999507297 -0.0012415183084871037 0.0013474166024825536 0.00065672603281328101 -0.0024872960251953024 -0.0030583254910307007 -0.0041547325119376186 -0.00069190471166866304 0.0066316936175738056 -0.0019482550339833384 -0.0006766278647475552 -0.0013473186121175165 -0.0023331765459052157
leaf_weight=51 185 37 30 60 113 224 271 232 64 40 246 76 34 62 93 27 20 39 28 46 92 67
leaf_count=51 185 37 30 60 113 224 271 232 64 40 246 76 34 62 93 27 20 39 28 46 92 67
internal_value=0 0.00116568 0.00148627 -0.000832655 -0.000359164 0.00100657 9.17509e-05 0.00175783 0.000967743 0.00450351 -0.000718637 -3.48516e-05 -0.00188986 -0.00127226 -0.00216608 -0.00280852 -0.00280786 0.0053866 -0.00100567 -7.0553e-05 -0.00186414 -0.00202485
internal_weight=2137 890 826 1247 866 717 694 417 335 109 359 300 381 234 172 64 147 79 79 80 154 87
internal_count=2137 890 826 1247 866 717 694 417 335 109 359 300 381 234 172 64 147 79 79 80 154 87
is_linear=0
shrinkage=0.03


Tree=28
num_leaves=21
num_cat=0
split_feature=20 22 22 36 29 23 26 20 23 26 11 23 29 36 32 21 31 27 21 12
split_gain=2.35601 1.42419 0.907553 0.635532 0.57943 0.432883 0.401382 0.26068 0.238221 0.229471 0.215996 0.1701 0.123734 0.111581 0.0958118 0.0840452 0.0616845 0.0207198 0.00534922 0.000411787
threshold=1.6950000000000001 273.29300000000006 286.08700000000005 -8.7323293953620187e-06 9.7486272097177034e-09 251.04000000000002 96.500000000000014 2.5250000000000004 292.23000000000008 92.500000000000014 1.0585410968522413 253.49500000000003 1.0914679076283468e-07 0.00022101126479315001 -0.018544353120952244 18.675000195000006 -0.00037622817542694997 310444.00000000006 23.500000000000004 1.0224069040047084
decision_type=2 2 2 2 2 2 2 2 2 2 2 2 2 2 2 2 2 2 2 2
left_child=1 6 3 9 7 -6 8 -5 11 16 -10 -1 -4 19 -11 17 -2 -3 -14 -8
right_child=2 15 12 4 5 -7 13 -9 10 14 -12 -13 18 -15 -16 -17 -18 -19 -20 -21
leaf_value=0.00087278227833303382 0 0.0043287482388317594 -0.0012514203013320054 -0.0025398725741822277 -0.00049447608661894724 0.00084289212579024891 0.002742937009172006 -0.00059562589199049396 0.0015127186583042864 -0.0012881259679189331 -0.00054279721627149304 -0.0012931643805626214 -0.0021322503672993698 0.00026492944117314344 -0.0030404349191912585 0.0062568109517296151 -0.0017486806797981261 0.0019744784776121373 -0.0041237262142683143 0.0013838164893728072
leaf_weight=45 65 27 32 97 380 498 107 186 173 58 58 94 20 26 102 42 22 21 64 20
leaf_count=45 65 27 32 97 380 498 107 186 173 58 58 94 20 26 102 42 22 21 64 20
internal_value=0 0.00156595 -0.000631965 -0.000415932 -0.000117402 0.000260959 0.000944521 -0.00129217 0.000392988 -0.0017889 0.000983452 -0.000567207 -0.00315236 0.00222586 -0.00245903 0.00499792 -0.000482252 0.00353431 -0.00377392 0.00258885
internal_weight=2137 613 1524 1408 1161 878 523 283 370 247 231 139 116 153 160 90 87 48 84 127
internal_count=2137 613 1524 1408 1161 878 523 283 370 247 231 139 116 153 160 90 87 48 84 127
is_linear=0
shrinkage=0.03


Tree=29
num_leaves=21
num_cat=0
split_feature=20 22 22 36 29 19 26 33 20 26 35 34 33 36 21 31 21 26 10 26
split_gain=2.22758 1.3476 0.854656 0.596433 0.531648 0.430892 0.382055 0.247361 0.243099 0.215838 0.151845 0.116373 0.109788 0.104815 0.0854722 0.0584792 0.0226366 0.0225471 0.00120227 0.000705056
threshold=1.7050000000000003 273.29300000000006 286.08700000000005 -8.7323293953620187e-06 9.7486272097177034e-09 93.970001220000015 96.500000000000014 0.018331963013031152 2.5250000000000004 92.500000000000014 0.038270708887234307 2.116834624431195e-07 0.0032245377967916006 0.00022101126479315001 20.755000115000005 -0.00037622817542694997 22.149999620000006 93.500000000000014 0.96118588071710542 26.000000000000004
decision_type=2 2 2 2 2 2 2 2 2 2 2 2 2 2 2 2 2 2 2 2
left_child=1 6 3 9 8 -6 7 10 -5 15 -1 -4 -11 18 17 -2 -9 -3 -8 -13
right_child=2 14 11 4 5 -7 13 16 -10 12 -12 19 -14 -15 -16 -17 -18 -19 -20 -21
leaf_value=0.00046539461888586952 0 0.0045375641573493072 -0.0010646716901251383 -0.0024690661715433874 0.0013618275856963642 -0.00014681415058860235 0.0033765194617211814 -0.0024045188734307887 -0.00057804075623599119 -0.0029321554442290712 0.0028562455713335008 -0.0022445275105003799 -0.001036655029009606 0.00025780375430296202 0.0067462276270879168 -0.0017025154995918273 -0.00069784203022053208 0.0023619414243486619 0.0021613607010216389 -0.0039830494687299843
leaf_weight=307 65 38 28 95 227 646 27 20 186 110 24 25 50 26 25 22 25 28 100 63
leaf_count=307 65 38 28 95 227 646 27 20 186 110 24 25 50 26 25 22 25 28 100 63
internal_value=0 0.00151058 -0.000619433 -0.000408693 -0.000117788 0.000245363 0.000909661 0.000378753 -0.00124725 -0.0017381 0.000671829 -0.00306498 -0.0023882 0.00216277 0.00483143 -0.000469428 -0.00162174 0.00380087 0.00251474 -0.0036124
internal_weight=2137 620 1517 1401 1154 873 529 376 281 247 331 116 160 153 91 87 45 66 127 88
internal_count=2137 620 1517 1401 1154 873 529 376 281 247 331 116 160 153 91 87 45 66 127 88
is_linear=0
shrinkage=0.03


Tree=30
num_leaves=21
num_cat=0
split_feature=20 22 22 36 29 23 33 23 10 20 26 31 29 33 14 20 31 33 18 21
split_gain=2.10577 1.27682 0.807973 0.562897 0.501153 0.415138 0.362706 0.283977 0.304766 0.229 0.202978 0.125995 0.11023 0.102873 0.0864191 0.0607439 0.0554407 0.0178575 0.0123715 0.00489632
threshold=1.7050000000000003 273.29300000000006 286.08700000000005 -8.7323293953620187e-06 9.7486272097177034e-09 251.04000000000002 0.011008788445359902 296.16000000000003 0.95834489097442332 2.5250000000000004 92.500000000000014 5.3757830824244026e-14 1.0914679076283468e-07 0.0032245377967916006 0.017658276235442253 1.425 -0.00037622817542694997 0.027270120534124604 0.80760517208327887 23.500000000000004
decision_type=2 2 2 2 2 2 2 2 2 2 2 2 2 2 2 2 2 2 2 2
left_child=1 6 3 10 9 -6 7 8 -1 -5 16 -9 -4 -12 18 17 -2 -8 -3 -14
right_child=2 14 12 4 5 -7 15 11 -10 -11 13 -13 19 -15 -16 -17 -18 -19 -20 -21
leaf_value=0.0028019203655421732 0 0.0019644419617303038 -0.0011778873356325286 -0.0023972616999277047 -0.00050521519868569544 0.00080859908123566057 4.048065722574768e-05 0.00086903614544479001 0 -0.00056097477450581094 -0.0028465260875831667 0.0025219691223806826 -0.001999932465507932 -0.0010073157165392812 0.00632338344086619 -0.002419567597220125 -0.0016575691419839858 -0.00099604580053710371 0.0040874642542628355 -0.0039015323981197911
leaf_weight=39 65 20 32 95 377 496 26 74 209 186 110 140 20 50 31 20 22 21 40 64
leaf_count=39 65 20 32 95 377 496 26 74 209 186 110 140 20 50 31 20 22 21 40 64
internal_value=0 0.00146883 -0.000602134 -0.000397163 -0.000114474 0.000238024 0.000883727 0.00118607 0.000469986 -0.00121111 -0.00168868 0.00198414 -0.00298006 -0.0023193 0.00470147 -0.00111973 -0.000456943 -0.000394623 0.00355465 -0.00356783
internal_weight=2137 620 1517 1401 1154 873 529 462 248 281 247 214 116 160 91 67 87 47 60 84
internal_count=2137 620 1517 1401 1154 873 529 462 248 281 247 214 116 160 91 67 87 47 60 84
is_linear=0
shrinkage=0.03


Tree=31
num_leaves=24
num_cat=0
split_feature=23 22 22 35 36 11 22 19 22 11 26 15 26 30 11 23 11 33 36 18 26 30 19
split_gain=1.90302 1.05647 1.03516 0.588699 0.64158 0.54061 0.47877 0.245824 0.222008 0.220437 0.192744 0.19186 0.175328 0.154695 0.14274 0.0992984 0.0741741 0.0654086 0.0575314 0.0531205 0.0365297 0.0325084 0.0105415
threshold=268.27500000000003 283.52150000000006 273.29300000000006 -0.00024107695820359997 -0.00015360606826619999 1.0324685122763537 240.38350000000003 94.560001370000023 246.95500000000001 0.93297430866338893 90.500000000000014 0.010460892103067653 94.500000000000014 3.2720732495166004e-08 1.0438807466250568 279.50500000000005 1.0968459250236171 2.3425611950833626e-10 -7.1284217532896424e-11 1.1016758602510421 94.500000000000014 7.6422762494706157e-07 93.729999540000009
decision_type=2 2 2 2 2 2 2 2 2 2 2 2 2 2 2 2 2 2 2 2 2 2 2
left_child=3 2 5 4 14 7 9 -2 -8 -6 19 -7 17 18 20 -12 -3 -5 -14 -4 -1 -15 -19
right_child=1 16 10 12 6 11 8 -9 -10 -11 15 -13 13 21 -16 -17 -18 22 -20 -21 -22 -23 -24
leaf_value=-2.4971838931378436e-05 0.0023568477375095131 -0.0013720303710404551 0.0035284621207457446 -0.0031478464980920153 0.00040438257290425724 -0.0026782696899026628 0.00050083452720389645 0.00088949652769379549 0.0024644563562539056 -0.0011683038729411292 0.0035792572832731317 0.00012038973454901997 -0.0010358980686913403 -0.0027131899049462273 -0.0027425031694583595 0.00083184030046686529 -0.0037891819939017296 -0.00059901275932181463 0.00028952447720803322 0.0071769902314990763 -0.0014179356889514139 -0.0013880109874219425 -0.0018978435357296186
leaf_weight=33 199 37 24 87 113 21 271 241 64 246 40 256 50 40 93 24 27 20 59 21 46 85 40
leaf_count=33 199 37 24 87 113 21 271 241 64 246 40 256 50 40 93 24 27 20 59 21 46 85 40
internal_value=0 0.0010575 0.00134971 -0.000755812 -0.000316813 0.000920865 8.80171e-05 0.00157138 0.000903394 -0.000665744 0.00404361 -0.000107491 -0.00173556 -0.00117622 -0.0019409 0.00267713 -0.00256055 -0.00256461 -0.000303144 0.00563576 -0.000894852 -0.00188916 -0.00156166
internal_weight=2137 890 826 1247 866 717 694 440 335 359 109 277 381 234 172 64 64 147 109 45 79 125 60
internal_count=2137 890 826 1247 866 717 694 440 335 359 109 277 381 234 172 64 64 147 109 45 79 125 60
is_linear=0
shrinkage=0.03


Tree=32
num_leaves=24
num_cat=0
split_feature=23 22 22 35 22 16 16 19 15 26 26 29 15 23 15 33 33 18 18 18 23 19 29
split_gain=1.79592 0.999749 0.983069 0.556349 0.591234 0.453495 0.361959 0.273906 0.233309 0.182752 0.165225 0.159354 0.15289 0.0932381 0.061891 0.0609668 0.0607205 0.049589 0.0422882 0.0385002 0.0174405 0.00962663 0.00616729
threshold=268.27500000000003 283.52150000000006 273.29300000000006 -0.00024107695820359997 246.95500000000001 49.857641396705404 33.289304132496135 99.805000305000007 0.010039632970223153 90.500000000000014 94.500000000000014 2.3029001125806024e-10 0.010677607089941551 279.50500000000005 0.022266274003754954 0.004645836387418301 2.3425611950833626e-10 1.1016758602510421 1.0624677977661219 0.53593609629104433 267.18000000000001 93.729999540000009 3.1900504567264354e-06
decision_type=2 2 2 2 2 2 2 2 2 2 2 2 2 2 2 2 2 2 2 2 2 2 2
left_child=3 2 5 4 6 12 15 -8 -7 17 16 19 -2 -11 -3 -1 -5 -4 -6 -12 -13 -18 -16
right_child=1 14 9 10 18 8 7 -9 -10 13 11 20 -14 -15 22 -17 21 -19 -20 -21 -22 -23 -24
leaf_value=0.0018889992672055471 -0.00061040924843805639 -0.00074214176615983575 0.0034343698110897089 -0.0030565589398145678 0.003207159596184889 -0.0025228662562484924 -0.0009901161513544809 0.00064371604566265401 0.00040598931663457234 0.003479371052841808 0.00067953470861617906 -0.002206663909303741 0.0019155374527498673 0.000809657873896261 -0.0018314181077294051 0 -0.00058338634671805344 0.006988594273105264 0.0012332080274286186 -0.00059901998643003098 -0.0012661602221230217 -0.001844880475381086 -0.0038438918286791213
leaf_weight=54 20 20 24 87 33 23 619 104 379 40 34 62 295 24 21 25 20 21 31 46 92 40 23
leaf_count=54 20 20 24 87 33 23 619 104 379 40 34 62 295 24 21 25 20 21 31 46 92 40 23
internal_value=0 0.00102715 0.00131147 -0.000734396 -0.000307514 0.00089345 -0.000534927 -0.000749276 0.000213564 0.00393686 -0.00168689 -0.00114315 0.00174148 0.00260409 -0.00249201 0.00134583 -0.00249225 0.00548863 0.00239383 -1.45686e-05 -0.00169884 -0.00151981 -0.00312543
internal_weight=2137 890 826 1247 866 717 802 723 402 109 381 234 315 64 64 79 147 45 64 80 154 60 44
internal_count=2137 890 826 1247 866 717 802 723 402 109 381 234 315 64 64 79 147 45 64 80 154 60 44
is_linear=0
shrinkage=0.03


Tree=33
num_leaves=21
num_cat=0
split_feature=20 22 22 36 29 19 26 20 23 26 31 23 29 21 36 31 32 26 26 36
split_gain=1.77456 1.08791 0.693825 0.485671 0.437916 0.376318 0.340527 0.202639 0.195122 0.18512 0.174231 0.134582 0.0959491 0.0886187 0.088224 0.0675745 0.0490599 0.0213352 0.00478387 0.00197673
threshold=1.7050000000000003 273.29300000000006 286.08700000000005 -8.7323293953620187e-06 9.7486272097177034e-09 93.970001220000015 96.500000000000014 2.5250000000000004 294.65000000000003 94.500000000000014 3.3880841145055197e-14 253.49500000000003 1.0914679076283468e-07 20.755000115000005 0.00022101126479315001 -0.00037622817542694997 -0.018544353120952244 93.500000000000014 26.000000000000004 -5.9272144606901884e-14
decision_type=2 2 2 2 2 2 2 2 2 2 2 2 2 2 2 2 2 2 2 2
left_child=1 6 3 9 7 -6 8 -5 11 15 -10 -1 -4 17 19 -2 -11 -3 -14 -8
right_child=2 13 12 4 5 -7 14 -9 10 16 -12 -13 18 -15 -16 -17 -18 -19 -20 -21
leaf_value=0.00081407275638328142 -2.6019219792662692e-07 0.0040309859881086686 -0.0010705867390173286 -0.0022412435279147015 0.0012727947480118652 -0.0001368857300700965 0.0015859257242186587 -0.00051289129237640793 0.00012572964516226927 -0.0012834361723971272 0.0018922182149648096 -0.00099510341267640737 -0.0019979430471679994 0.0061802783597792905 0.00023204289956403701 -0.0017266285061836241 -0.002714803488121221 0.0020307159125804897 -0.0036874671302615635 0.0025954529173932107
leaf_weight=49 75 38 32 95 227 646 44 186 119 53 90 118 25 25 26 27 92 28 59 83
leaf_count=49 75 38 32 95 227 646 44 186 119 53 90 118 25 25 26 27 92 28 59 83
internal_value=0 0.00134829 -0.000552834 -0.00036273 -9.99778e-05 0.000229342 0.000807737 -0.00112528 0.000306701 -0.00156239 0.000916582 -0.000441622 -0.0027566 0.00433266 0.00199024 -0.000522087 -0.00224851 0.00335105 -0.00330535 0.00231344
internal_weight=2137 620 1517 1401 1154 873 529 281 376 247 209 167 116 91 153 102 145 66 84 127
internal_count=2137 620 1517 1401 1154 873 529 281 376 247 209 167 116 91 153 102 145 66 84 127
is_linear=0
shrinkage=0.03


Tree=34
num_leaves=21
num_cat=0
split_feature=20 22 22 11 22 22 23 26 34 34 23 11 34 35 14 36 18 21 21 36
split_gain=1.67873 1.03053 0.656004 0.476985 0.452679 0.384047 0.334136 0.321442 0.246601 0.184294 0.167641 0.121233 0.0901044 0.087732 0.0874328 0.0828691 0.0471154 0.0173188 0.00436674 0.00132859
threshold=1.7050000000000003 273.29300000000006 286.08700000000005 0.97241740423283951 240.86050000000003 250.50950000000003 266.13000000000005 96.500000000000014 3.9662961567040477e-05 -0.16140440580752963 294.65000000000003 0.89334157723572194 2.5948963250295021e-07 -0.046241467463584443 0.016825419247701656 0.00022101126479315001 0.8272772582498783 21.920000080000005 23.500000000000004 -5.9272144606901884e-14
decision_type=2 2 2 2 2 2 2 2 2 2 2 2 2 2 2 2 2 2 2 2
left_child=1 7 3 6 13 -6 11 9 -8 17 -11 -2 -4 -5 16 19 -3 -1 -14 -9
right_child=2 14 12 4 5 -7 8 15 -10 10 -12 -13 18 -15 -16 -17 -18 -19 -20 -21
leaf_value=-0.0020732975694118063 0.0013293964963035695 0.001275884432475204 -0.0010412220819487369 -0.00085222723933408087 0.00044023494452789347 -0.00096759429782533504 0.0030534441851378319 0.0015413848483697213 0.00018865088381769381 -0.00015051992109140299 0.0011817882961246274 -0.00030013725715633921 -0.0017702752658692389 -0.002041721367855891 0.0055313579948937019 0.00022580175830757822 0.0037278628051280976 -0.00057648650049330692 -0.0035197576150409323 0.0025203054856162434
leaf_weight=21 46 20 32 100 337 352 64 44 50 154 176 249 20 203 38 26 33 25 64 83
leaf_count=21 46 20 32 100 337 352 64 44 50 154 176 249 20 203 38 26 33 25 64 83
internal_value=0 0.00131153 -0.000537558 -0.000352639 -0.000708734 -0.000275746 0.000502634 0.000785239 0.00185965 0.000298173 0.000555281 -2.51482e-05 -0.00268053 -0.00167116 0.00421632 0.00193423 0.00297408 -0.00140614 -0.0032131 0.00224763
internal_weight=2137 620 1517 1401 992 689 409 529 114 376 330 295 116 303 91 153 53 46 84 127
internal_count=2137 620 1517 1401 992 689 409 529 114 376 330 295 116 303 91 153 53 46 84 127
is_linear=0
shrinkage=0.03


Tree=35
num_leaves=22
num_cat=0
split_feature=20 35 11 20 30 26 23 33 11 26 26 11 11 35 11 33 23 31 30 12 35
split_gain=1.58442 0.736944 0.561941 0.395722 0.381784 0.369654 0.283562 0.337243 0.246737 0.197041 0.174225 0.116666 0.116112 0.0994245 0.0801266 0.0686769 0.0399333 0.0395478 0.0187832 0.00624616 0.00241675
threshold=1.7050000000000003 7.8335873353472422e-06 1.0871596843603937 2.9750000000000005 0.0016382388657787002 96.500000000000014 243.81500000000003 4.0744226278903879e-08 0.93297430866338893 94.500000000000014 59.500000000000007 1.0912829412605005 0.92963847458385185 0.038270708887234307 1.16577566261554 9.3573656861374615e-10 267.77500000000003 2.1594450406735423e-12 5.3195427573985727e-05 1.0187171987864707 0.0025517653535784006
decision_type=2 2 2 2 2 2 2 2 2 2 2 2 2 2 2 2 2 2 2 2 2
left_child=1 5 3 6 10 9 8 -8 -2 11 -3 -1 -11 20 16 -5 -4 19 -12 -7 -6
right_child=2 4 14 15 13 17 7 -9 -10 12 18 -13 -14 -15 -16 -17 -18 -19 -20 -21 -22
leaf_value=0.0013827468699502312 0.00039427390793694568 0.0067425782382488251 -0.0022925892064709274 -0.0025169451593993661 0 0.0026038304443160693 -0.00043206428217005551 0.00077997458142525073 -0.0011823549438685116 0.00082848565598462947 0.0020823872000552139 -0.00068781134076416491 -0.00089724456590416733 0.0025261168806399734 -0.0037957741136060044 -0.00038860032225027682 -0.00082161803353976979 0.00056909063784405585 0.003802009482085705 0.0012864501653488591 0.00034819903738796712
leaf_weight=112 115 20 64 80 23 69 429 391 346 41 36 27 153 24 31 22 39 21 47 25 22
leaf_count=112 115 20 64 80 23 69 429 391 346 41 36 27 153 24 31 22 39 21 47 25 22
internal_value=0 0.00127452 -0.000521874 -0.000336999 0.00293147 0.000616451 -0.000188831 0.000142963 -0.000782581 9.48356e-05 0.00407918 0.000953391 -0.000510237 0.00107799 -0.00235889 -0.00211068 -0.00180294 0.00206063 0.00318969 0.00233501 0.000133541
internal_weight=2137 620 1517 1383 172 448 1281 820 461 333 103 139 194 69 134 102 103 115 83 94 45
internal_count=2137 620 1517 1383 172 448 1281 820 461 333 103 139 194 69 134 102 103 115 83 94 45
is_linear=0
shrinkage=0.03


Tree=36
num_leaves=20
num_cat=0
split_feature=20 22 22 11 22 29 23 33 29 23 29 31 11 33 21 29 21 18 21
split_gain=1.49887 0.923811 0.601492 0.442267 0.40654 0.357 0.31457 0.298216 0.253981 0.229515 0.193233 0.119731 0.111093 0.0999405 0.0843785 0.0827087 0.0173811 0.00866155 0.002447
threshold=1.7050000000000003 273.29300000000006 286.08700000000005 0.97241740423283951 240.86050000000003 2.150203804470526e-05 266.13000000000005 0.018331963013031152 5.9367949730157571e-05 296.16000000000003 4.7548102033928377e-08 5.3757830824244026e-14 0.89334157723572194 0.0016296464546214503 20.755000115000005 1.0914679076283468e-07 22.149999620000006 0.80760517208327887 23.500000000000004
decision_type=2 2 2 2 2 2 2 2 2 2 2 2 2 2 2 2 2 2 2
left_child=1 7 3 6 13 -6 12 9 -8 10 -1 -11 -2 -5 17 -4 -9 -3 -17
right_child=2 14 15 4 5 -7 8 16 -10 11 -12 -13 -14 -15 -16 18 -18 -19 -20
leaf_value=-0.00092964770072515078 0.0012780186051315132 0.0017211779612302778 -0.00098472857549786554 -0.0019397998768886991 0.00017794221059863361 -0.0013036235412601294 0.0027452840575111896 -0.002204749750844 -0.00019445839595909304 0.00067854033185145012 0.00085286501782672812 0.0022012304125495347 -0.00028207428302682403 -0.00065002258799734753 0.0057580859981743353 -0.0016976281303264524 -0.00065548860926979355 0.0035080658784730637 -0.003358555347005378
leaf_weight=73 46 22 32 215 484 205 78 20 36 84 186 141 249 88 25 20 25 44 64
leaf_count=73 46 22 32 215 484 205 78 20 36 84 186 141 249 88 25 20 25 44 64
internal_value=0 0.00124016 -0.000507062 -0.000329914 -0.000672889 -0.000262277 0.000493506 0.000741514 0.00181012 0.000964165 0.000334116 0.00166233 -1.83215e-05 -0.00158506 0.0039908 -0.00255911 -0.00150131 0.00305665 -0.00306975
internal_weight=2137 620 1517 1401 992 689 409 529 114 484 259 225 295 303 91 116 45 66 84
internal_count=2137 620 1517 1401 992 689 409 529 114 484 259 225 295 303 91 116 45 66 84
is_linear=0
shrinkage=0.03


Tree=37
num_leaves=20
num_cat=0
split_feature=20 22 15 11 22 32 33 10 22 20 26 11 33 14 26 20 36 33 17
split_gain=1.41441 0.87602 0.574029 0.35912 0.338446 0.479866 0.284489 0.210061 0.181894 0.316539 0.168831 0.113548 0.0938328 0.0814119 0.0730339 0.0487001 0.0215645 0.0153055 0.0125713
threshold=1.7050000000000003 273.29300000000006 0.025165324256313303 0.97241740423283951 240.86050000000003 -2.049051730408788e-07 0.011008788445359902 0.96118588071710542 245.80900000000003 2.5850000000000004 95.500000000000014 0.89334157723572194 0.0013989065161316002 0.017658276235442253 96.500000000000014 1.425 -1.2494583806351067e-13 0.027270120534124604 -0.0015874391810731998
decision_type=2 2 2 2 2 2 2 2 2 2 2 2 2 2 2 2 2 2 2
left_child=1 6 3 8 12 -6 7 16 11 -10 -9 -2 -5 18 -4 17 -1 -8 -3
right_child=2 13 14 4 5 -7 15 10 9 -11 -12 -13 -14 -15 -16 -17 -18 -19 -20
leaf_value=0.0014857360767998864 0.001242025407249754 0.0014766866264500371 -0.0028543197961426094 -0.0018623863189518052 0.00058320603803476507 -0.0010029067274305848 4.5276966291190668e-06 0.00011084016017764131 0.0023534896390272246 -0.00032610233028090613 0.0013705972351260734 -0.00035229461601173333 -0.00061203523192113814 0.0053654999852399618 -0.0010379974386721315 -0.0022240727705800014 0.0031633869534215104 -0.00094442862912546839 0.0033176505012914195
leaf_weight=32 46 20 92 196 320 361 26 214 90 65 180 217 91 31 39 20 36 21 40
leaf_count=32 46 20 92 196 320 361 26 214 90 65 180 217 91 31 39 20 36 21 40
internal_value=0 0.00120482 -0.000492455 -0.000307973 -0.000625982 -0.000253922 0.00071909 0.000987623 0.000420556 0.00122595 0.000699928 -5.12991e-05 -0.00148671 0.00388351 -0.00237132 -0.0010527 0.00251229 -0.0003907 0.00285115
internal_weight=2137 620 1517 1386 968 681 529 462 418 155 394 263 287 91 131 67 68 47 60
internal_count=2137 620 1517 1386 968 681 529 462 418 155 394 263 287 91 131 67 68 47 60
is_linear=0
shrinkage=0.03


end of trees

feature_importances:
CPI_Inflation=111
Close_to_MA_50=85
Daily_Bullish=75
USDA_WASDE_Stocks=67
Planting_Progress_Pct=54
US_10Y_Yield=44
Sentiment_x_Trend=38
Sentiment_Spike=34
Sentiment_EMA_60d=29
Daily_Bearish=28
Daily_NSS=24
VIX=22
Rolling_Std_10=15
USD_Index=15
Volume_to_MA_10=13
Rolling_Std_20=12
Close_to_MA_20=11
Sentiment_EMA_30d=9
RSI_14=8
Close_to_EMA_10=7
Sentiment_EMA_7d=7
Export_Sales=6
Close_to_EMA_20=4
MACD_Pct=4
Close_to_MA_5=1

parameters:
[boosting: gbdt]
[objective: regression]
[metric: l2]
[tree_learner: serial]
[device_type: cpu]
[data_sample_strategy: bagging]
[data: ]
[valid: ]
[num_iterations: 200]
[learning_rate: 0.03]
[num_leaves: 31]
[num_threads: 20]
[seed: 42]
[deterministic: 0]
[force_col_wise: 0]
[force_row_wise: 0]
[histogram_pool_size: -1]
[max_depth: 5]
[min_data_in_leaf: 20]
[min_sum_hessian_in_leaf: 0.001]
[bagging_fraction: 0.8]
[pos_bagging_fraction: 1]
[neg_bagging_fraction: 1]
[bagging_freq: 0]
[bagging_seed: 400]
[bagging_by_query: 0]
[feature_fraction: 0.8]
[feature_fraction_bynode: 1]
[feature_fraction_seed: 30056]
[extra_trees: 0]
[extra_seed: 12879]
[early_stopping_round: 0]
[early_stopping_min_delta: 0]
[first_metric_only: 0]
[max_delta_step: 0]
[lambda_l1: 0.1]
[lambda_l2: 3]
[linear_lambda: 0]
[min_gain_to_split: 0]
[drop_rate: 0.1]
[max_drop: 50]
[skip_drop: 0.5]
[xgboost_dart_mode: 0]
[uniform_drop: 0]
[drop_seed: 17869]
[top_rate: 0.2]
[other_rate: 0.1]
[min_data_per_group: 100]
[max_cat_threshold: 32]
[cat_l2: 10]
[cat_smooth: 10]
[max_cat_to_onehot: 4]
[top_k: 20]
[monotone_constraints: ]
[monotone_constraints_method: basic]
[monotone_penalty: 0]
[feature_contri: ]
[forcedsplits_filename: ]
[refit_decay_rate: 0.9]
[cegb_tradeoff: 1]
[cegb_penalty_split: 0]
[cegb_penalty_feature_lazy: ]
[cegb_penalty_feature_coupled: ]
[path_smooth: 0]
[interaction_constraints: ]
[verbosity: -1]
[saved_feature_importance_type: 0]
[use_quantized_grad: 0]
[num_grad_quant_bins: 4]
[quant_train_renew_leaf: 0]
[stochastic_rounding: 1]
[linear_tree: 0]
[max_bin: 255]
[max_bin_by_feature: ]
[min_data_in_bin: 3]
[bin_construct_sample_cnt: 200000]
[data_random_seed: 175]
[is_enable_sparse: 1]
[enable_bundle: 1]
[use_missing: 1]
[zero_as_missing: 0]
[feature_pre_filter: 1]
[pre_partition: 0]
[two_round: 0]
[header: 0]
[label_column: ]
[weight_column: ]
[group_column: ]
[ignore_column: ]
[categorical_feature: ]
[forcedbins_filename: ]
[precise_float_parser: 0]
[parser_config_file: ]
[objective_seed: 16083]
[num_class: 1]
[is_unbalance: 0]
[scale_pos_weight: 1]
[sigmoid: 1]
[boost_from_average: 1]
[reg_sqrt: 0]
[alpha: 0.9]
[fair_c: 1]
[poisson_max_delta_step: 0.7]
[tweedie_variance_power: 1.5]
[lambdarank_truncation_level: 30]
[lambdarank_norm: 1]
[label_gain: ]
[lambdarank_position_bias_regularization: 0]
[eval_at: ]
[multi_error_top_k: 1]
[auc_mu_weights: ]
[num_machines: 1]
[local_listen_port: 12400]
[time_out: 120]
[machine_list_filename: ]
[machines: ]
[gpu_platform_id: -1]
[gpu_device_id: -1]
[gpu_device_id_list: ]
[gpu_use_dp: 0]
[num_gpu: 1]

end of parameters

pandas_categorical:[]
