tree
version=v4
num_class=1
num_tree_per_iteration=1
label_index=0
max_feature_idx=36
objective=regression
feature_names=Return Log_Return Ret_Lag_1 Ret_Lag_2 Ret_Lag_3 Ret_Lag_5 Ret_Lag_10 Daily_Range_Pct Close_to_MA_5 Close_to_MA_10 Close_to_MA_20 Close_to_MA_50 Close_to_EMA_10 Close_to_EMA_20 Rolling_Std_10 Rolling_Std_20 RSI_14 MACD_Pct Volume_to_MA_10 USD_Index US_10Y_Yield VIX CPI_Inflation USDA_WASDE_Stocks Precipitation_KeyRegions Temperature_Anomaly_KeyRegions Planting_Progress_Pct Export_Sales News_Volume Daily_Bullish Daily_Bearish Daily_NSS Sentiment_EMA_7d Sentiment_Spike Sentiment_EMA_30d Sentiment_EMA_60d Sentiment_x_Trend
feature_infos=[-0.1068233643220487:0.21776098252243731] [-0.1129709173542847:0.19701391236426749] [-0.1068233643220487:0.21776098252243731] [-0.1068233643220487:0.21776098252243731] [-0.1068233643220487:0.21776098252243731] [-0.1068233643220487:0.21776098252243731] [-0.1068233643220487:0.21776098252243731] [0:0.1318851823118696] [0.84955297096289262:1.2587276011913482] [0.89015151515151514:1.3770631910688531] [0.81774046076777451:1.5471457454170454] [0.74836538144242415:1.7154945173986833] [0.89585158866229841:1.3148350932670614] [0.83851220122397296:1.4389864811421575] [0.0046694959248203003:0.1066195432533204] [0.0065568448117416999:0.079455399387556899] [18.985032428732001:87.668664699449806] [-0.026393370433859701:0.044132612988063702] [0:9.9206634602396004] [79.77999878:114.11000060000001] [0.52000000000000002:4.25] [9.1400003430000005:82.690002440000001] [234.74700000000001:298.786] [188.61000000000001:321.44999999999999] [0.17253421199999999:4.7756856670000003] [-6.4705817689999998:4.357689594] [1:98] [0:2540376] none [0:0.30918276309967041] [0:0.4869878888130188] [-0.4831667288672179:0.1441703587770462] [-0.39211151726282489:0.10179389835754279] [-0.3623687322120191:0.17165244993272341] [-0.25008564151271168:0.061703163283172199] [-0.16940536886326099:0.043198012471041498] [-0.043454011023259201:0.018651834942300299]
tree_sizes=1963 2096 2189 2090 2192 2175 1741 2154 1554 1948 2168 2326 2194 2280 2552 2282 2309 2288

Tree=0
num_leaves=21
num_cat=0
split_feature=11 23 22 19 32 34 16 23 19 19 19 19 14 36 30 11 27 9 11 9
split_gain=1.46707 1.36157 1.3736 0.910461 0.903383 0.66581 0.376388 0.366542 0.316421 0.444597 0.311766 0.233456 0.19177 0.137238 0.13588 0.0488869 0.0437086 0.0387779 0.00807946 0.000496928
threshold=1.0778270864669455 268.27500000000003 281.69400000000007 98.295001985000013 3.7473465026752001e-08 0.0011100004696761002 43.47540790103492 267.92000000000002 82.810001375000013 89.680000305000007 94.915000915000022 98.514999390000014 0.019239756838569204 -1.0707626134924656e-08 0.17393749875717637 1.1156287467684647 383668.50000000006 1.0381739827517518 1.0040994223705662 1.0204721237579355
decision_type=2 2 2 2 2 2 2 2 2 2 2 2 2 2 2 2 2 2 2 2
left_child=1 4 6 -4 8 13 11 12 14 -10 -8 -3 -2 -6 -1 17 -17 19 -7 -9
right_child=7 2 3 -5 5 18 10 15 9 -11 -12 -13 -14 -15 -16 16 -18 -19 -20 -21
leaf_value=0.0052701692646876944 0.0072550905537451171 0.010632325575228271 0.016373805272867536 0.0092645903084064615 0.0062438277624653569 0.0084314542104722834 0.0092420372628081345 0.0068831209480585851 0.010459404095527978 0.0080418886913375901 0.0077772629764006115 0.0079731100748055336 0.003823126328943543 0.003383628249782702 0.008110549458125239 0.0075111645098144067 0.0057138035656670548 0.008441836382486077 0.0077695791028469172 0.0076330568283004344
leaf_weight=46 23 148 37 31 32 36 266 32 71 893 248 34 76 67 20 28 40 24 25 25
leaf_count=46 23 148 37 31 32 36 266 32 71 893 248 34 76 67 20 28 40 24 25 25
internal_value=0.00811055 0.00838749 0.00937416 0.0133608 0.00775497 0.00567956 0.0089595 0.00595129 0.00808639 0.00822357 0.00853166 0.0101252 0.00454243 0.00419663 0.00612134 0.00695906 0.00635504 0.00754644 0.00811055 0.00712172
internal_weight=2202 1954 764 68 1190 160 696 248 1030 964 514 182 99 99 66 149 68 81 61 57
internal_count=2202 1954 764 68 1190 160 696 248 1030 964 514 182 99 99 66 149 68 81 61 57
is_linear=0
shrinkage=1


Tree=1
num_leaves=22
num_cat=0
split_feature=11 23 22 31 19 34 17 15 23 20 19 18 15 19 14 18 11 27 9 18 11
split_gain=1.38625 1.28481 1.30007 0.909018 0.867797 0.621071 0.427923 0.357502 0.344894 0.316964 0.442444 0.312215 0.307618 0.233965 0.179979 0.176878 0.0460858 0.0409479 0.0368769 0.00897234 0.00764456
threshold=1.0778270864669455 268.27500000000003 281.69400000000007 3.1556602127791154e-08 100.34000015000002 0.0011100004696761002 -0.0022308459558413496 0.017859119746297201 267.92000000000002 2.1150000000000007 82.810001375000013 0.46114306665944216 0.0098140156052885525 95.755001070000006 0.019420119156154155 0.35755242515331637 1.1156287467684647 383668.50000000006 1.0381739827517518 0.90511577248987185 1.0040994223705662
decision_type=2 2 2 2 2 2 2 2 2 2 2 2 2 2 2 2 2 2 2 2 2
left_child=1 3 7 9 6 15 -4 12 14 11 -11 -1 -3 -9 -2 -5 18 -18 19 -10 -7
right_child=8 2 4 5 -6 20 -8 13 16 10 -12 -13 -14 -15 -16 -17 17 -19 -20 -21 -22
leaf_value=0.00093133459919287503 -0.00095424843488061523 -0.0012407259184508707 0.0032654359630187564 -0.00083983204557317435 0.00029484525666339324 0.0003120181516815837 0.01012801094353199 0.00071332608178129486 -0.0013671016450971364 -0.0019323969695175514 0.00058949962371132039 -0.0013011895352224641 0.001566277038509795 -0.001110222802385189 -0.0042060234975553569 -0.0043219851232395414 -0.00058314349361124535 -0.0023298599217520203 0.00032245262633336498 -0.00035632538261462846 -0.00033183721878075239
leaf_weight=69 25 35 20 20 24 36 24 142 29 66 643 245 410 109 74 86 28 40 24 28 25
leaf_count=69 25 35 20 20 24 36 24 142 29 66 643 245 410 109 74 86 28 40 24 28 25
internal_value=0 0.00026882 0.00122729 -0.00034556 0.00510595 -0.00237703 0.00748003 0.000823766 -0.00209933 -5.02685e-06 0.000343373 -0.000796968 0.00133198 -7.05223e-05 -0.0034665 -0.0037337 -0.00112071 -0.00170791 -0.000548656 -0.000963222 0
internal_weight=2202 1954 764 1190 68 167 44 696 248 1023 709 314 445 251 99 106 149 68 81 57 61
internal_count=2202 1954 764 1190 68 167 44 696 248 1023 709 314 445 251 99 106 149 68 81 57 61
is_linear=0
shrinkage=0.03


Tree=2
num_leaves=23
num_cat=0
split_feature=11 23 22 31 20 35 17 23 11 20 36 18 29 22 27 30 29 11 27 9 11 18
split_gain=1.31017 1.21278 1.23491 0.857619 0.821882 0.541499 0.403713 0.324537 0.298558 0.297977 0.348393 0.294358 0.246771 0.209669 0.207645 0.117095 0.0922218 0.0434348 0.0383497 0.0350784 0.00985645 0.00831982
threshold=1.0778270864669455 268.27500000000003 281.69400000000007 3.1556602127791154e-08 2.7650000000000001 0.0015261020504373001 -0.0022308459558413496 267.92000000000002 0.9626027689837775 2.1150000000000007 -0.00023015386730934997 0.46114306665944216 8.3324262606785593e-13 261.47800000000007 376665.50000000006 0.010401417074371351 3.551142083491127e-07 1.1156287467684647 383668.50000000006 1.0381739827517518 1.0040994223705662 0.90511577248987185
decision_type=2 2 2 2 2 2 2 2 2 2 2 2 2 2 2 2 2 2 2 2 2 2
left_child=1 3 8 9 6 14 -4 15 13 11 -11 -1 -10 -3 -5 16 -2 19 -19 21 -7 -9
right_child=7 2 4 5 -6 20 -8 17 12 10 -12 -13 -14 -15 -16 -17 -18 18 -20 -21 -22 -23
leaf_value=0.00090455871132629297 -0.0018785141669534916 0.0012083453062456102 0.0031802506212590502 -0.0041768041497096415 0.00028698271813724815 0.00037690304618528378 0.0098579308821095356 -0.001329933587090636 0.0026683788331491607 0.0022687564588990063 9.9655193258899979e-05 -0.0012626260506794712 0.00025712925020862691 0.0037914423791388435 -0.000646999667789787 -0.00092703332296451143 -0.0046737681603325268 -0.00056734218887023388 -0.0022648405502008837 0.00031385388568742201 -0.00036666468864282722 -0.00034667010919093308
leaf_weight=69 26 117 20 87 24 32 24 29 39 72 637 245 500 40 22 20 53 28 40 24 26 28
leaf_count=69 26 117 20 87 24 32 24 29 39 72 637 245 500 40 22 20 53 28 40 24 26 28
internal_value=0 0.000261065 0.00119231 -0.000335789 0.00497265 -0.00230899 0.00728319 -0.00204118 0.000798915 -4.93857e-06 0.000332775 -0.00077288 0.000450937 0.00194396 -0.00352757 -0.00336794 -0.00389278 -0.00109083 -0.00166163 -0.000533698 0 -0.000938411
internal_weight=2202 1954 764 1190 68 167 44 248 696 1023 709 314 539 157 109 99 79 149 68 81 58 57
internal_count=2202 1954 764 1190 68 167 44 248 696 1023 709 314 539 157 109 99 79 149 68 81 58 57
is_linear=0
shrinkage=0.03


Tree=3
num_leaves=22
num_cat=0
split_feature=11 23 22 31 19 34 17 16 23 19 20 19 19 18 14 29 11 9 7 18 11
split_gain=1.24059 1.14629 1.17212 0.809417 0.778384 0.553419 0.380832 0.340229 0.306259 0.28906 0.407198 0.278395 0.21531 0.166271 0.165641 0.128928 0.040933 0.0333714 0.0241473 0.00770675 0.00684943
threshold=1.0778270864669455 268.27500000000003 281.69400000000007 3.1556602127791154e-08 100.34000015000002 0.0011100004696761002 -0.0022308459558413496 43.47540790103492 267.92000000000002 82.810001375000013 2.1150000000000007 94.915000915000022 98.514999390000014 0.35755242515331637 0.019239756838569204 0.0015963694760251002 1.1156287467684647 1.0381739827517518 0.037179241788700808 0.90511577248987185 1.0040994223705662
decision_type=2 2 2 2 2 2 2 2 2 2 2 2 2 2 2 2 2 2 2 2 2
left_child=1 3 7 9 6 13 -4 12 14 15 -11 -9 -3 -5 -2 -1 17 19 -18 -10 -7
right_child=8 2 4 5 -6 20 -8 11 16 10 -12 -13 -14 -15 -16 -17 18 -19 -20 -21 -22
leaf_value=-0.0027127538518409949 -0.00075133341437993713 0.0023719103986949396 0.0030972875698429083 -0.00073198375638331412 0.00027932983924013874 0.00029609081231711363 0.0095950526057018166 0.0010412873756300597 -0.0012937759949054452 -0.0007495115838575101 0.00056197046301300474 -0.00034279526886841116 -0.0001770742445825473 -0.0040923677596022903 -0.003943573158517291 1.006701996590449e-06 -0.0021571691404210359 0.00030548445377401854 -0.0007071951392360709 -0.00033727645138541479 -0.00031312734592419083
leaf_weight=46 23 148 20 20 24 36 24 266 29 314 643 248 34 86 76 20 38 24 30 28 25
leaf_count=46 23 148 20 20 24 36 24 266 29 314 643 248 34 86 76 20 38 24 30 28 25
internal_value=0 0.000254357 0.00115974 -0.000325851 0.0048429 -0.0022428 0.00709158 0.000776354 -0.00198592 -4.35091e-06 0.000127539 0.000369564 0.00188436 -0.00352345 -0.00327526 -0.00188263 -0.00106177 -0.000519147 -0.00161664 -0.000914273 0
internal_weight=2202 1954 764 1190 68 167 44 696 248 1023 957 514 182 106 99 66 149 81 68 57 61
internal_count=2202 1954 764 1190 68 167 44 696 248 1023 957 514 182 106 99 66 149 81 68 57 61
is_linear=0
shrinkage=0.03


Tree=4
num_leaves=23
num_cat=0
split_feature=11 23 22 31 19 15 21 15 23 15 19 23 19 15 15 35 29 29 11 29 31 29
split_gain=1.17264 1.08272 1.11321 0.763573 0.737175 0.49831 0.360009 0.337523 0.288088 0.280447 0.272571 0.403845 0.21019 0.16878 0.157974 0.146161 0.122112 0.0394599 0.0486319 0.0344031 0.0204911 0.00410223
threshold=1.0778270864669455 268.27500000000003 281.69400000000007 3.1556602127791154e-08 100.34000015000002 0.020963683174227254 22.829999920000002 0.017859119746297201 267.92000000000002 0.0098140156052885525 82.810001375000013 193.93000000000004 95.755001070000006 0.0093812719252883512 0.017859119746297201 7.3325075108751163e-06 0.0015963694760251002 3.0214684176899402e-05 1.1230440827447277 3.551142083491127e-07 7.989196461706117e-07 0.00030923510094505005
decision_type=2 2 2 2 2 2 2 2 2 2 2 2 2 2 2 2 2 2 2 2 2 2
left_child=1 3 7 10 6 13 -4 9 14 -3 16 -12 -9 -5 -2 -7 -1 18 20 -16 -10 -19
right_child=8 2 4 5 -6 15 -8 12 17 -11 11 -13 -14 -15 19 -17 -18 21 -20 -21 -22 -23
leaf_value=-0.0026363537900187836 -0.0005216182046266192 -0.001206742076913973 0.0034009574521332978 -0.0030449676066637036 0.00027188105260332422 -0.0024866594962345864 0.0097130138818174588 0.00062713738445464547 -0.00048542691491311414 0.0014713795961504609 0.003074594326503575 -1.4366582934201046e-06 -0.0010999716879076524 -0.00013776688138226068 -0.0018805199121732425 -0.005981897348165512 9.8043543529574565e-07 -0.0022706198948621746 -0.0012822810998979082 -0.0042470645292872382 0.00064901184197515248 -0.0010580829768242048
leaf_weight=46 20 35 23 21 24 36 21 142 27 410 37 920 109 83 20 27 20 22 44 59 24 32
leaf_count=46 20 35 23 21 24 36 21 142 27 410 37 920 109 83 20 27 20 22 44 59 24 32
internal_value=0 0.0002471 0.00112704 -0.000316735 0.00471659 -0.00217861 0.00690505 0.000753307 -0.00193097 0.00124737 -4.38699e-06 0.000123602 -0.000115204 -0.000821749 -0.00318203 -0.00423389 -0.00182839 -0.00103359 -0.000584762 -0.00377524 0 -0.00169822
internal_weight=2202 1954 764 1190 68 167 44 696 248 445 1023 957 251 104 99 63 66 149 95 79 51 54
internal_count=2202 1954 764 1190 68 167 44 696 248 445 1023 957 251 104 99 63 66 149 95 79 51 54
is_linear=0
shrinkage=0.03


Tree=5
num_leaves=23
num_cat=0
split_feature=11 23 22 20 32 34 17 16 26 23 20 36 18 30 18 15 29 30 26 29 11 27
split_gain=1.10938 1.02293 1.05803 0.698459 0.68286 0.505666 0.347499 0.318479 0.312272 0.271664 0.252084 0.330281 0.277313 0.192997 0.16181 0.148571 0.0373886 0.0461914 0.0397216 0.0313334 0.00650698 0.00452486
threshold=1.0778270864669455 268.27500000000003 281.69400000000007 2.7650000000000001 3.7473465026752001e-08 0.0011100004696761002 -0.0022308459558413496 43.47540790103492 80.500000000000014 267.92000000000002 2.1150000000000007 -0.00023015386730934997 0.46114306665944216 4.2119070752472632e-07 0.35755242515331637 0.017859119746297201 3.0214684176899402e-05 2.6694942555649905e-06 76.500000000000014 3.551142083491127e-07 1.0040994223705662 370063.00000000006
decision_type=2 2 2 2 2 2 2 2 2 2 2 2 2 2 2 2 2 2 2 2 2 2
left_child=1 4 7 6 10 14 -4 13 -9 15 12 -12 -1 -3 -6 -2 17 18 -11 -17 -7 -18
right_child=9 2 3 -5 5 20 -8 8 -10 16 11 -13 -14 -15 -16 19 21 -19 -20 -21 -22 -23
leaf_value=0.00090014241605725445 -0.00050801078824493431 0.00062769205121523031 0.0029113019512708132 0.00026463089644029322 -0.00067865685723802961 0.00029170644718508885 0.0091152378312415547 0.0015424766487446911 -0.00010626198781014108 0 0.0021734474954102192 6.3490691282014518e-05 -0.0012029495610461842 0.0026703272222881563 -0.004008682660803925 -0.0018314628295154998 -0.00079427316540022722 0.00056495245376034925 -0.0014401343310042759 -0.0041258178340090861 -0.00030104982177726929 -0.0020061521539464595
leaf_weight=69 20 81 20 24 20 36 24 138 376 29 72 644 245 101 79 20 21 20 46 59 25 33
leaf_count=69 20 81 20 24 20 36 24 138 376 29 72 644 245 101 79 20 21 20 46 59 25 33
internal_value=0 0.000239685 0.00109501 0.0045946 -0.000308305 -0.00211272 0.00672492 0.000730552 0.000336975 -0.00187881 -1.97814e-05 0.000288021 -0.000727196 0.00180238 -0.00340511 -0.0030942 -0.0010064 -0.000568247 -0.000919001 -0.00366981 0 -0.00165411
internal_weight=2202 1954 764 68 1190 160 44 696 514 248 1030 716 314 182 99 99 149 95 75 79 61 54
internal_count=2202 1954 764 68 1190 160 44 696 514 248 1030 716 314 182 99 99 149 95 75 79 61 54
is_linear=0
shrinkage=0.03


Tree=6
num_leaves=18
num_cat=0
split_feature=15 22 26 23 26 30 30 23 34 15 16 26 14 30 16 19 8
split_gain=0.976359 1.19585 0.96498 0.797205 0.376337 0.329276 0.501696 0.212748 0.20698 0.204017 0.203243 0.163812 0.131818 0.101578 0.0766413 0.0669975 0.0229422
threshold=0.024354682154818754 281.69400000000007 95.500000000000014 267.18000000000001 23.000000000000004 0.093750844051341514 0.014046912809986302 260.39000000000004 -0.0013084695997556998 0.013921959049680152 45.05625685020663 95.500000000000014 0.030907841871999155 1.874700907712894e-05 55.72637095070089 98.725002290000006 1.0160916158301747
decision_type=2 2 2 2 2 2 2 2 2 2 2 2 2 2 2 2 2
left_child=1 4 -3 7 9 6 -6 -2 -5 13 -4 -7 14 -1 -10 -11 -14
right_child=3 2 10 8 5 11 -8 -9 12 15 -12 -13 16 -15 -16 -17 -18
leaf_value=0.0042306544394897566 -0.0018319629283269512 -0.0010406217391395734 0.0026620419367176032 -0.0025554442708530731 -0.00017805497766355241 -0.0021594689567033297 0.0013305094331477808 -0.0052672074337356857 0.0020088730715521561 0.00093084079275280237 0.0073853609750701762 -4.9369513358246403e-05 -0.00013686258565576281 0.0012216362276580184 -8.4440987762063723e-05 -0.00079179602160887874 -0.0015324128548800944
leaf_weight=25 34 24 20 28 1328 94 230 53 35 122 34 55 29 27 22 20 22
leaf_count=25 34 24 20 28 1328 94 230 53 35 122 34 55 29 27 22 20 22
internal_value=0 0.000212071 0.00378257 -0.00186915 5.82651e-05 -8.32248e-05 4.48543e-05 -0.00406385 -0.000386205 0.00130077 0.0059208 -0.00141666 0.000203029 0.00287468 0.0011871 0.000656164 -0.00084611
internal_weight=2202 1979 78 223 1901 1707 1558 87 136 194 54 149 108 52 57 142 51
internal_count=2202 1979 78 223 1901 1707 1558 87 136 194 54 149 108 52 57 142 51
is_linear=0
shrinkage=0.03


Tree=7
num_leaves=23
num_cat=0
split_feature=11 23 22 31 19 34 15 15 19 23 23 19 14 18 14 22 11 9 7 29 18 11
split_gain=1.02964 0.938789 0.958133 0.660096 0.631369 0.455884 0.307702 0.256198 0.251437 0.369955 0.247036 0.211172 0.139516 0.134968 0.123194 0.120176 0.0358267 0.0294506 0.0218464 0.0173671 0.00702465 0.00619199
threshold=1.0778270864669455 268.27500000000003 281.69400000000007 3.1556602127791154e-08 100.34000015000002 0.0011100004696761002 0.017882067259059102 0.0098140156052885525 82.810001375000013 193.93000000000004 267.92000000000002 95.755001070000006 0.018267731383959155 0.35755242515331637 0.018592395902202453 237.48750000000004 1.1156287467684647 1.0381739827517518 0.037179241788700808 3.9160108134247971e-07 0.90511577248987185 1.0040994223705662
decision_type=2 2 2 2 2 2 2 2 2 2 2 2 2 2 2 2 2 2 2 2 2 2
left_child=1 3 6 8 14 13 7 -3 15 -10 12 -8 -2 -5 -4 -1 17 20 -18 -14 -12 -7
right_child=10 2 4 5 -6 21 11 -9 9 -11 16 -13 19 -15 -16 -17 18 -19 -20 -21 -22 -23
leaf_value=-0.0026405028859760775 -0.00046469567640451714 -0.0011732522985946974 0.0034796617111474597 -0.00065406195761929468 0.00025715756136924025 0.0002885591814366098 0.00061116077309755681 0.001383791979673088 0.0029440544687211515 0 -0.0011988175926453549 -0.0011310253231193532 -0.0018570976224727928 -0.0037008633724795758 0.0080777857427795727 0 -0.0020073262025806595 0.00030359947469292412 -0.00063203739053146405 -0.0039280949209726627 -0.00029054287285543981 -0.00028821665551056086
leaf_weight=43 20 35 20 20 24 36 141 413 37 920 29 107 20 86 24 23 38 24 30 59 28 25
leaf_count=43 20 35 20 20 24 36 141 413 37 920 29 107 20 86 24 23 38 24 30 59 28 25
internal_value=0 0.000231091 0.00105051 -0.000293796 0.00438135 -0.00202492 0.000703388 0.0011709 -3.17974e-06 0.00011963 -0.00180985 -0.00013309 -0.00297003 -0.00318734 0.00640707 -0.00175518 -0.000975851 -0.000466331 -0.00149518 -0.0035275 -0.000839483 2.87096e-06
internal_weight=2202 1954 764 1190 68 167 696 448 1023 957 248 248 99 106 44 66 149 81 68 79 57 61
internal_count=2202 1954 764 1190 68 167 696 448 1023 957 248 248 99 106 44 66 149 81 68 79 57 61
is_linear=0
shrinkage=0.03


Tree=8
num_leaves=16
num_cat=0
split_feature=15 22 19 23 13 15 30 23 34 14 33 15 20 13 12
split_gain=0.886027 1.09333 0.842826 0.728 0.335099 0.346849 0.36303 0.194677 0.182727 0.12083 0.0809587 0.117483 0.0785558 0.0639201 0.0180593
threshold=0.024354682154818754 281.69400000000007 100.34000015000002 267.18000000000001 1.0418033074313422 0.0098140156052885525 0.086853879223067865 260.39000000000004 -0.0013084695997556998 0.030907841871999155 -3.0716653523760756e-07 0.016258687682149702 2.5750000000000006 1.0111798638383058 1.0130336236164725
decision_type=2 2 2 2 2 2 2 2 2 2 2 2 2 2 2
left_child=1 4 -3 7 5 12 -7 -2 -5 13 -6 -12 -1 -10 -11
right_child=3 2 -4 8 10 6 -8 -9 9 14 11 -13 -14 -15 -16
leaf_value=-0.00071310284385457624 -0.0017392493860695409 0.0065699074867048438 0.00033186909871957531 -0.0024015107272613431 0.00011243809745979627 0.00042774784737871621 -0.0010987696373017275 -0.0050302208193045645 0.0020500324485110467 -0.00018133247110315343 0.00015194394711932091 -0.0018671503311708249 -0.0027375926589103118 0 -0.0014567906885058616
leaf_weight=47 34 39 39 28 32 1488 151 53 29 30 29 119 35 28 21
leaf_count=47 34 39 39 28 32 1488 151 53 29 30 29 119 35 28 21
internal_value=0 0.000201694 0.00361574 -0.00178092 5.45604e-05 0.000185544 0.000283533 -0.00387827 -0.000362896 0.000189228 -0.00116391 -0.00145649 -0.00167863 0.00113252 -0.000813832
internal_weight=2202 1979 78 223 1901 1721 1639 87 136 108 180 148 82 57 51
internal_count=2202 1979 78 223 1901 1721 1639 87 136 108 180 148 82 57 51
is_linear=0
shrinkage=0.03


Tree=9
num_leaves=20
num_cat=0
split_feature=15 22 27 23 30 26 34 32 31 34 15 14 22 15 30 16 19 16 12
split_gain=0.837554 1.08427 0.85847 0.626463 0.368364 0.361906 0.302436 0.397147 0.262318 0.187449 0.177908 0.129457 0.116958 0.11667 0.0924272 0.0807375 0.0685006 0.0664973 0.0169932
threshold=0.023976237755223704 281.69400000000007 348114.00000000006 267.18000000000001 5.281400262739986e-06 23.000000000000004 -0.15474104107269873 -0.0068433719466249494 6.3052486487180903e-08 -0.0014315474837666498 0.013921959049680152 0.030907841871999155 243.75500000000002 0.025054886071919354 1.874700907712894e-05 57.154823361807765 98.625000000000014 51.648478747355377 1.0130336236164725
decision_type=2 2 2 2 2 2 2 2 2 2 2 2 2 2 2 2 2 2 2
left_child=1 5 -3 8 -4 10 12 -8 13 -5 14 15 -7 17 -1 -11 -12 -2 -13
right_child=3 2 4 9 -6 6 7 -9 -10 11 16 18 -14 -15 -16 -17 -18 -19 -20
leaf_value=0.0040688099435397555 0.00026399477943778036 -0.00025100082643666609 0.0025127711497480048 -0.0023364375678281628 0.0086175769439174078 -0.0025314250752266686 0.0010491889778956771 -0.00018997501693227337 -0.0056498685018582778 0.0018815665060765633 0.00096697098083381732 -0.00017638704218817027 -0.00037932011074667571 -0.0032936480549926109 0.0011826562814880161 -0.00022133869800018146 -0.00078323453798404214 -0.0019372839941643179 -0.0014185499316663479
leaf_weight=25 20 29 21 28 24 56 280 1305 30 43 115 30 45 41 27 21 20 21 21
leaf_count=25 20 29 21 28 24 56 280 1305 30 43 115 30 45 41 27 21 20 21 21
internal_value=-2.40088e-07 0.000210931 0.00370064 -0.00160793 0.00616627 6.57603e-05 -7.2308e-05 2.86103e-05 -0.00325904 -0.000253806 0.00130787 0.000274356 -0.00164001 -0.00218051 0.00277102 0.00116776 0.000674552 -0.000850521 -0.000793814
internal_weight=2202 1947 74 255 45 1873 1686 1585 112 143 187 115 101 82 52 64 135 41 51
internal_count=2202 1947 74 255 45 1873 1686 1585 112 143 187 115 101 82 52 64 135 41 51
is_linear=0
shrinkage=0.03


Tree=10
num_leaves=23
num_cat=0
split_feature=11 26 22 35 30 26 17 11 31 31 15 32 29 19 26 36 22 19 11 19 17 26
split_gain=0.925349 0.534148 0.572273 0.53226 1.43722 0.511769 0.29329 0.289909 0.283701 0.23997 0.208532 0.279992 0.155043 0.124572 0.105977 0.0878579 0.0705939 0.0525979 0.0237544 0.0219988 0.0120832 0.0138029
threshold=1.0588360397449101 95.500000000000014 289.92950000000002 4.9247108955180596e-05 1.4018064099442258e-05 56.500000000000007 -0.012082971196055047 0.97514153287938199 1.0060684552497462e-06 -0.071190873707951532 0.0166356466649769 9.4871707982760141e-07 3.551142083491127e-07 95.584999085000007 72.500000000000014 1.8413550783696481e-06 255.26450000000003 89.680000305000007 1.0726022851051285 93.970001220000015 0.004844400664563501 94.500000000000014
decision_type=2 2 2 2 2 2 2 2 2 2 2 2 2 2 2 2 2 2 2 2 2 2
left_child=1 2 5 6 -5 8 -3 -8 -1 -7 17 12 19 -6 -4 16 -13 -2 -14 -12 21 -19
right_child=10 3 14 4 13 9 7 -9 -10 -11 11 15 18 -15 -16 -17 -18 20 -20 -21 -22 -23
leaf_value=0.00057119288797180708 0.0010464805449082633 -0.0020038633730161833 -0.001334126830950845 0.0088800584375858319 0.0017696037041644254 -0.00182519659596238 0.0014875737538181948 0.00012947837711101051 0.0028892168673221022 -0.0001999476930885934 -0.00057060836953722884 -0.0010646576621853138 -0.0015806762310676275 -0.00056856961094308648 -0.0043825105220079421 -0.0017745042645062009 0.00095675619511554635 0 -0.0035067734106370573 -0.0018156210706035446 0 -0.001080263381777331
leaf_weight=270 21 34 27 24 42 92 256 325 57 647 38 20 21 33 27 24 42 21 86 38 20 37
leaf_count=270 21 34 27 24 42 92 256 325 57 647 38 20 21 33 27 24 42 21 86 38 20 37
internal_value=-2.99213e-07 0.00027434 -0.000132298 0.000914272 0.00293064 2.1449e-05 0.000572181 0.000737586 0.00100694 -0.000412884 -0.00136825 -0.0017986 -0.00245631 0.000720047 -0.00306139 -0.000329716 0.000239491 -0.000151012 -0.00320945 -0.0012764 -0.000537269 -0.000749384
internal_weight=2202 1834 1120 714 99 1066 615 581 327 739 368 269 183 75 54 86 62 99 107 76 78 58
internal_count=2202 1834 1120 714 99 1066 615 581 327 739 368 269 183 75 54 86 62 99 107 76 78 58
is_linear=0
shrinkage=0.03


Tree=11
num_leaves=24
num_cat=0
split_feature=11 23 22 31 19 34 19 35 22 11 23 14 27 31 36 11 29 32 22 17 27 11 4
split_gain=0.874481 0.827953 0.83435 0.530185 0.381078 0.374775 0.304131 0.271138 0.260116 0.274756 0.232637 0.242018 0.231747 0.17313 0.0790742 0.0612365 0.0460971 0.0432029 0.0423454 0.0522017 0.0360505 0.00347685 0.00302618
threshold=1.0588360397449101 268.27500000000003 281.69400000000007 3.1556602127791154e-08 98.625000000000014 0.0012611011230648503 94.844997405000015 -0.10635604678378048 240.86050000000003 0.96468640769988168 267.92000000000002 0.019239756838569204 439790.00000000006 -0.041014522816071194 -1.0707626134924656e-08 1.1092165757987986 3.551142083491127e-07 -0.0056482411049919986 283.52150000000006 0.0019245069321411502 383668.50000000006 1.0065327650871108 0.0059043497661965512
decision_type=2 2 2 2 2 2 2 2 2 2 2 2 2 2 2 2 2 2 2 2 2 2 2
left_child=1 3 6 8 -4 14 7 -3 13 -10 11 17 -8 -1 -5 18 -13 -2 19 -12 -17 -7 -22
right_child=10 2 4 5 -6 21 12 -9 9 -11 15 16 -14 -15 -16 20 -18 -19 -20 -21 22 -23 -24
leaf_value=-0.0013123765688022257 0.00049195040505298465 -0.0010166752996932094 0.0062524204323104087 -0.001264897173882595 0.00090027684561209747 0.00032019738596251329 -0.00081590951108041082 0.0017357495598725331 0.00187135998966511 0.00013145550368285245 -0.0014232648645238195 -0.0015853742468752896 0.00077470889689059156 -7.9025919326530236e-05 -0.0034200685535692361 -0.00035602334443041509 -0.0035584820415321236 -0.0011343185541885237 0.00089815556589999926 -2.9810993216132966e-05 -0.00096855412845616232 -7.6888217998202877e-05 -0.0022832861526002144
leaf_weight=139 20 33 36 32 21 35 137 276 107 337 34 29 196 391 73 31 71 32 20 84 21 21 26
leaf_count=139 20 33 36 32 21 35 137 276 107 337 34 29 196 391 73 31 71 32 20 84 21 21 26
internal_value=-6.20024e-07 0.000266326 0.00107702 -0.000231831 0.00447418 -0.00181021 0.000751339 0.00142524 3.07582e-05 0.000567214 -0.00133048 -0.00222868 0.00010994 -0.000413684 -0.00284441 -0.000662841 -0.00307825 -0.000461569 -0.000245367 -0.000481441 -0.00132797 0.000124105 -0.00184921
internal_weight=2202 1834 699 1135 57 161 642 309 974 444 368 152 333 530 105 216 100 52 138 118 78 56 47
internal_count=2202 1834 699 1135 57 161 642 309 974 444 368 152 333 530 105 216 100 52 138 118 78 56 47
is_linear=0
shrinkage=0.03


Tree=12
num_leaves=23
num_cat=0
split_feature=11 23 22 31 19 34 21 15 15 18 19 23 19 19 15 18 29 30 26 29 11 29
split_gain=0.828351 0.758694 0.733259 0.523187 0.489853 0.366271 0.302216 0.278011 0.223789 0.22009 0.198546 0.190432 0.188209 0.151092 0.109917 0.109308 0.0315153 0.0389687 0.0351857 0.0163008 0.00537137 0.00250094
threshold=1.0778270864669455 268.27500000000003 281.69400000000007 3.1556602127791154e-08 100.34000015000002 0.0011100004696761002 22.829999920000002 0.017882067259059102 0.0098140156052885525 0.53222472229611895 101.74499895000001 267.92000000000002 95.755001070000006 87.14500046000002 0.017859119746297201 0.35755242515331637 3.0214684176899402e-05 2.6694942555649905e-06 76.500000000000014 3.551142083491127e-07 1.0040994223705662 0.00030923510094505005
decision_type=2 2 2 2 2 2 2 2 2 2 2 2 2 2 2 2 2 2 2 2 2 2
left_child=1 3 7 9 6 15 -4 8 -3 13 -11 14 -9 -1 -2 -5 17 18 -13 -16 -7 -18
right_child=11 2 4 5 -6 20 -8 12 -10 10 -12 16 -14 -15 19 -17 21 -19 -20 -21 -22 -23
leaf_value=-0.0011445277722161862 -0.00040381379093488919 -0.0011053888653496918 0.0025488518166944577 -0.00055753077655706722 0.00021151641827438854 0.00027353096957533405 0.008163456611335277 0.00054532862670506196 0.001281835957845732 -0.00038049027907278239 0.001513247803820051 0 -0.0010984209338734052 0.0010746927951002974 -0.0016012780962754848 -0.003311681871836105 -0.0019837188336253165 0.00055053715889706568 -0.0012995744184495842 -0.0035131629500538115 -0.00026173087940579922 -0.00091031622282628487
leaf_weight=28 20 35 23 20 24 36 21 141 413 737 50 29 107 208 20 86 22 20 46 59 25 32
leaf_count=28 20 35 23 20 24 36 21 141 413 737 50 29 107 208 20 86 22 20 46 59 25 32
internal_value=-1.04831e-06 0.000205692 0.00094243 -0.000265972 0.0038578 -0.0018072 0.00564241 0.000637969 0.00108257 -6.90142e-06 -0.000251089 -0.0016249 -0.00015657 0.000787782 -0.0026464 -0.0028492 -0.000887617 -0.000484325 -0.00080931 -0.00314202 5.30067e-06 -0.00148165
internal_weight=2202 1954 764 1190 68 167 44 696 448 1023 787 248 248 236 99 106 149 95 75 79 61 54
internal_count=2202 1954 764 1190 68 167 44 696 448 1023 787 248 248 236 99 106 149 95 75 79 61 54
is_linear=0
shrinkage=0.03


Tree=13
num_leaves=24
num_cat=0
split_feature=11 23 22 31 19 34 19 11 20 19 18 23 14 16 18 11 32 22 17 14 20 9 11
split_gain=0.791927 0.739199 0.752013 0.473472 0.338679 0.323777 0.277655 0.26745 0.249798 0.340705 0.234641 0.206388 0.218228 0.19426 0.0864855 0.0547801 0.0406828 0.0386251 0.048526 0.0252576 0.0178979 0.0127691 0.00312021
threshold=1.0588360397449101 268.27500000000003 281.69400000000007 2.5045350447101576e-08 98.625000000000014 0.0012611011230648503 94.844997405000015 0.99092114034984402 2.1150000000000007 84.27000046000002 0.46114306665944216 267.92000000000002 0.019239756838569204 41.233817598191855 0.35755242515331637 1.1092165757987986 -0.0056482411049919986 283.52150000000006 0.0019245069321411502 0.023096875928092803 1.8250000000000004 1.0445887270057137 1.0065327650871108
decision_type=2 2 2 2 2 2 2 2 2 2 2 2 2 2 2 2 2 2 2 2 2 2 2
left_child=1 3 6 8 -4 14 7 -3 10 -10 -1 12 16 -8 -5 17 -2 18 -13 -14 -17 -22 -7
right_child=11 2 4 5 -6 22 13 -9 9 -11 -12 15 19 -15 -16 20 -18 -19 -20 -21 21 -23 -24
leaf_value=0.000830690453624508 0.00048992688789882739 0.0026479215016169473 0.0059223143703375876 -0.00054298649209996936 0.00086232724396541013 0.00030379172235016561 0.0012790210997994543 0.00071822115620083808 -0.0014883636296279012 0.00061557422863886449 -0.0011059713562894342 -0.00137391949556705 -0.0018463398674835583 -0.00033333189809706197 -0.0030228258000038885 -0.001902753171087666 -0.0010873864997710499 0.00085010074111430535 -2.8910195963268551e-05 -0.0034416524630505592 -0.001107526771408776 0 -6.7999471091752627e-05
leaf_weight=69 20 97 36 20 21 35 89 212 75 585 241 34 39 244 89 30 32 20 84 61 28 20 21
leaf_count=69 20 97 36 20 21 35 89 212 75 585 241 34 39 244 89 30 32 20 84 61 28 20 21
internal_value=-1.18928e-06 0.000252779 0.00101882 -0.000217802 0.00424444 -0.00168855 0.000709375 0.00135324 3.37287e-05 0.000366313 -0.000661493 -0.00126678 -0.00211356 9.6241e-05 -0.00262133 -0.000636412 -0.000432549 -0.000239701 -0.000465704 -0.00292051 -0.00126638 -0.000721286 0.000117154
internal_weight=2202 1834 699 1135 57 165 642 309 970 660 310 368 152 333 109 216 52 138 118 100 78 48 56
internal_count=2202 1834 699 1135 57 165 642 309 970 660 310 368 152 333 109 216 52 138 118 100 78 48 56
is_linear=0
shrinkage=0.03


Tree=14
num_leaves=27
num_cat=0
split_feature=11 22 15 22 29 14 11 15 35 29 30 32 20 16 36 11 19 20 19 30 20 15 21 22 19 22
split_gain=0.749235 0.380236 0.479941 0.712759 0.5135 0.447108 0.389688 0.228981 0.254389 0.168659 0.153928 0.399893 0.290587 0.18417 0.153828 0.12107 0.116184 0.0783528 0.0781461 0.0621148 0.0536406 0.0359416 0.0284244 0.0256558 0.0148322 0.00918675
threshold=1.0521992744822823 240.86050000000003 0.021832263378810102 281.69400000000007 5.8376595678582433e-08 0.016389626655916104 0.9626027689837775 0.0166356466649769 3.2229853148397136e-05 2.7197601498535525e-07 0.041262246675608058 -0.006400183026816649 1.6150000000000004 44.00776564654489 1.0615647779875548e-08 0.99958397520223896 92.594997405000015 2.2450000000000006 89.350002290000006 2.9863846999941227e-06 1.8950000000000002 0.0227832678603225 14.635000225000001 237.44500000000002 93.369998930000023 258.87850000000009
decision_type=2 2 2 2 2 2 2 2 2 2 2 2 2 2 2 2 2 2 2 2 2 2 2 2 2 2
left_child=1 10 3 6 15 -5 -3 18 9 22 11 12 -1 20 -6 -4 -13 19 -2 -10 -12 -11 -9 -15 -20 -26
right_child=7 2 4 5 14 -7 -8 8 17 21 13 16 -14 23 -16 -17 -18 -19 24 -21 -22 -23 -24 -25 25 -27
leaf_value=-0.0011033334855375617 0.001418858991882119 0.0017553966403315367 0.0015205544803909067 0.00028573596711604574 -0.0027517356335640297 0.006064619257416878 0.0003063532481604948 -0.0018179067635739389 -0.0016494441589007952 -0.002078680377164987 -0.0011845069230249565 -0.0021332407397662051 0.0023805313558593671 -0.0011491205853875724 0 -0.00049576574194777222 -0.00039816272814184703 0.0010622659387066959 6.9851113722988348e-05 9.176422264426946e-05 0.00047675875035929491 -0.0035878446953178482 -0.00056171860814687195 -0.0028321166961737302 -0.00019500496098189614 -0.00097402922545443285
leaf_weight=26 23 215 66 20 83 34 757 30 32 68 24 40 78 27 26 39 239 27 31 32 45 55 63 43 42 37
leaf_count=26 23 215 66 20 83 34 757 30 32 68 24 40 78 27 26 39 239 27 31 32 45 55 63 43 42 37
internal_value=-1.38411e-06 0.000274117 0.000560678 0.000831358 -0.0007168 0.00410461 0.000634364 -0.0011058 -0.00155289 -0.00210843 -0.000400203 -7.83895e-05 0.00147501 -0.00124541 -0.00213966 0.00075089 -0.000677605 -0.000177136 -4.02288e-05 -0.000768937 -8.46843e-05 -0.00284668 -0.00104234 -0.00229796 -0.000401429 -0.000618736
internal_weight=2202 1762 1240 1026 214 54 972 440 307 216 522 383 104 139 109 105 279 91 133 64 69 123 93 70 110 79
internal_count=2202 1762 1240 1026 214 54 972 440 307 216 522 383 104 139 109 105 279 91 133 64 69 123 93 70 110 79
is_linear=0
shrinkage=0.03


Tree=15
num_leaves=24
num_cat=0
split_feature=11 23 22 31 19 15 15 23 14 22 26 34 26 19 26 15 22 29 18 21 36 19 10
split_gain=0.709885 0.679142 0.673532 0.36716 0.300104 0.29686 0.290261 0.376124 0.262894 0.257456 0.310911 0.255713 0.22796 0.122935 0.0984961 0.0789545 0.0714386 0.0494253 0.038988 0.020848 0.0195138 0.0186709 0.00199661
threshold=1.0430501383686908 268.27500000000003 281.69400000000007 2.5045350447101576e-08 99.165000915000022 0.01769876857743435 0.015714022597156301 268.49500000000006 0.017938325398464305 240.86050000000003 94.500000000000014 0.0012611011230648503 89.500000000000014 93.369998930000023 20.500000000000004 0.0227832678603225 294.93500000000006 0.0016803889221317003 0.18361996691379576 17.564999580000002 5.9050313752154968e-11 89.350002290000006 0.9987453258042408
decision_type=2 2 2 2 2 2 2 2 2 2 2 2 2 2 2 2 2 2 2 2 2 2 2
left_child=1 3 4 9 5 -3 13 15 -4 10 -1 16 -11 21 -9 17 -5 -8 -16 20 -15 -2 -13
right_child=6 2 8 11 -6 -7 7 14 -10 12 -12 22 -14 19 18 -17 -18 -19 -20 -21 -22 -23 -24
leaf_value=0.00074814067080526821 0.00203670507017523 0.0015648223254631332 0.0016440427544834424 -0.0015137350233609995 -0.0013617681921108292 6.210853707749658e-05 -0.0010771561132860369 0.00099035657147666608 0.0063372962487668822 -0.00034928731452932369 -0.00085369441200891744 0.00028763626525511168 0.0011527062466564313 -0.00057669290148324392 -0.001689813377896644 -0.0033176183687895541 -0.0034203413485416347 -0.002834034283738583 -0.00053412925980228466 -0.0011600061965208234 0.00025243058077514591 0.0005249987509741913 0
leaf_weight=152 21 314 25 64 50 196 61 28 26 132 357 32 265 48 37 72 39 27 141 25 43 25 22
leaf_count=152 21 314 25 64 50 196 61 28 26 132 357 32 265 48 37 72 39 27 141 25 43 25 22
internal_value=-1.81105e-06 0.000299518 0.00109454 -0.000156433 0.000774839 0.000996897 -0.000959106 -0.00142435 0.00431138 7.4151e-05 -0.000367907 -0.00148225 0.000646929 8.06132e-05 -0.000544527 -0.00250786 -0.00234033 -0.00172482 -0.000814957 -0.000422519 -0.000157442 0.00135879 0.00013884
internal_weight=2202 1674 611 1063 560 510 528 366 51 906 509 157 397 162 206 160 103 88 178 116 91 46 54
internal_count=2202 1674 611 1063 560 510 528 366 51 906 509 157 397 162 206 160 103 88 178 116 91 46 54
is_linear=0
shrinkage=0.03


Tree=16
num_leaves=24
num_cat=0
split_feature=11 23 31 35 30 34 33 36 18 36 33 23 19 19 30 18 14 29 30 26 29 11 29
split_gain=0.672309 0.621748 0.43612 0.36421 1.41459 0.303987 0.265713 0.444398 0.19595 0.173299 0.156055 0.149871 0.147524 0.126869 0.104146 0.0890898 0.0876686 0.02834 0.0355604 0.0299622 0.00947692 0.00440431 0.000773012
threshold=1.0778270864669455 268.27500000000003 3.1556602127791154e-08 4.3234960295285198e-05 1.4018064099442258e-05 0.0011100004696761002 -7.0785777609931264e-14 -5.4869924289715256e-07 0.53222472229611895 -0.00013229371031104998 -7.4292972630608933e-05 267.92000000000002 97.36500168000002 87.14500046000002 1.698668406739983e-09 0.35755242515331637 0.018267731383959155 3.0214684176899402e-05 2.6694942555649905e-06 76.500000000000014 3.9160108134247971e-07 1.0040994223705662 0.00030923510094505005
decision_type=2 2 2 2 2 2 2 2 2 2 2 2 2 2 2 2 2 2 2 2 2 2 2
left_child=1 2 8 6 12 15 14 -8 13 -10 -6 16 -5 -1 -3 -4 -2 18 19 -13 -18 -7 -19
right_child=11 3 5 4 10 21 7 -9 9 -11 -12 17 -14 -15 -16 -17 20 22 -20 -21 -22 -23 -24
leaf_value=-0.0010228585066694405 -0.00035281875403091797 -0.00067983986180248919 -0.00050931329182956535 0.0078260131426926317 0.0013482854785435202 0.00024525214878107926 -0.0010455724480642199 0.0019915606363001695 0.00094389917189915441 -0.0004041585432539156 -0.00040521183807065638 0 0.0035499677449464797 0.0010070799871108394 0.00039150291857251786 -0.0030177060330307554 -0.0014524307825207789 -0.0018149661692976949 0.00056154466514556621 -0.0011898903328098583 -0.0031385529007942926 -0.00024039254874722767 -0.0008463673569128981
leaf_weight=28 20 158 20 26 90 36 55 164 94 693 84 29 27 208 160 86 20 22 20 46 59 25 32
leaf_count=28 20 158 20 26 90 36 55 164 94 693 84 29 27 208 160 86 20 22 20 46 59 25 32
internal_value=-1.91202e-06 0.000184206 -0.000242588 0.000851237 0.00185474 -0.00164974 0.000413534 0.00121147 -5.80006e-06 -0.000236375 0.0004923 -0.00146497 0.0060081 0.000743871 -0.000132833 -0.00259899 -0.00237364 -0.000806557 -0.000424486 -0.000737374 -0.00281703 0 -0.00136837
internal_weight=2202 1954 1190 764 227 167 537 219 1023 787 174 248 53 236 318 106 99 149 95 75 79 61 54
internal_count=2202 1954 1190 764 227 167 537 219 1023 787 174 248 53 236 318 106 99 149 95 75 79 61 54
is_linear=0
shrinkage=0.03


Tree=17
num_leaves=24
num_cat=0
split_feature=11 23 22 31 19 15 15 23 22 26 14 34 11 19 26 15 23 33 29 21 36 19 15
split_gain=0.647657 0.607441 0.608123 0.327412 0.273557 0.275984 0.266209 0.33906 0.24149 0.291152 0.240011 0.228392 0.214161 0.114967 0.0898716 0.0698762 0.0694921 0.0489012 0.043573 0.0199197 0.0183129 0.0168554 0.00185542
threshold=1.0430501383686908 268.27500000000003 281.69400000000007 2.5045350447101576e-08 99.165000915000022 0.01769876857743435 0.015714022597156301 268.49500000000006 240.86050000000003 94.500000000000014 0.017938325398464305 0.0012611011230648503 0.96468640769988168 93.334999085000007 20.500000000000004 0.0227832678603225 266.93500000000006 -3.0716653523760756e-07 0.0016803889221317003 17.564999580000002 5.9050313752154968e-11 89.350002290000006 0.014476618832532201
decision_type=2 2 2 2 2 2 2 2 2 2 2 2 2 2 2 2 2 2 2 2 2 2 2
left_child=1 3 4 8 5 -3 13 15 9 -1 -4 16 -10 21 -9 18 -5 -16 -8 20 -15 -2 -13
right_child=6 2 10 11 -6 -7 7 14 12 -11 -12 22 -14 19 17 -17 -18 -19 -20 -21 -22 -23 -24
leaf_value=0.00072397033153064245 0.0019750771271064872 0.0014933401091298882 0.0015440038196809058 -0.0036999135305070211 -0.0013051996710973807 4.435690192051756e-05 -0.0010318733617377801 0.00093869724860715282 0.0017872015025866446 -0.00082592737025079265 0.0060308176874151005 0.00031993202857959728 0.000196655672954747 -0.00055284016983419225 -0.00013104655691667608 -0.003157658012062311 -0.0015999251715157455 -0.0011940197283402086 -0.0026961133383869309 -0.0011209455068206546 0.00024617691561155535 0.0005029124964235558 0
leaf_weight=152 21 314 25 24 50 196 61 28 103 357 26 23 294 48 73 72 79 105 27 25 44 24 31
leaf_count=152 21 314 25 24 50 196 61 28 103 357 26 23 294 48 73 72 79 105 27 25 44 24 31
internal_value=-1.93595e-06 0.000285822 0.00103773 -0.000145256 0.000733642 0.00094584 -0.00091637 -0.00136196 7.2312e-05 -0.0003557 0.00409492 -0.00139734 0.000627125 7.86029e-05 -0.000525426 -0.00239109 -0.00220841 -0.000784053 -0.00164751 -0.000400092 -0.000143416 0.00133293 0.000131882
internal_weight=2202 1674 611 1063 560 510 528 366 906 509 51 157 397 162 206 160 103 178 88 117 92 45 54
internal_count=2202 1674 611 1063 560 510 528 366 906 509 51 157 397 162 206 160 103 178 88 117 92 45 54
is_linear=0
shrinkage=0.03


end of trees

feature_importances:
USD_Index=44
Close_to_MA_50=41
USDA_WASDE_Stocks=34
Rolling_Std_20=32
CPI_Inflation=30
Daily_Bullish=22
Volume_to_MA_10=18
Planting_Progress_Pct=17
Daily_Bearish=17
Daily_NSS=16
Rolling_Std_10=15
Sentiment_EMA_30d=15
US_10Y_Yield=12
Sentiment_x_Trend=10
RSI_14=9
MACD_Pct=8
Export_Sales=8
Close_to_MA_10=7
Sentiment_EMA_7d=7
Sentiment_EMA_60d=6
VIX=5
Sentiment_Spike=4
Daily_Range_Pct=2
Close_to_EMA_10=2
Close_to_EMA_20=2
Ret_Lag_3=1
Close_to_MA_5=1
Close_to_MA_20=1

parameters:
[boosting: gbdt]
[objective: regression]
[metric: l2]
[tree_learner: serial]
[device_type: cpu]
[data_sample_strategy: bagging]
[data: ]
[valid: ]
[num_iterations: 200]
[learning_rate: 0.03]
[num_leaves: 31]
[num_threads: 20]
[seed: 42]
[deterministic: 0]
[force_col_wise: 0]
[force_row_wise: 0]
[histogram_pool_size: -1]
[max_depth: 5]
[min_data_in_leaf: 20]
[min_sum_hessian_in_leaf: 0.001]
[bagging_fraction: 0.8]
[pos_bagging_fraction: 1]
[neg_bagging_fraction: 1]
[bagging_freq: 0]
[bagging_seed: 400]
[bagging_by_query: 0]
[feature_fraction: 0.8]
[feature_fraction_bynode: 1]
[feature_fraction_seed: 30056]
[extra_trees: 0]
[extra_seed: 12879]
[early_stopping_round: 0]
[early_stopping_min_delta: 0]
[first_metric_only: 0]
[max_delta_step: 0]
[lambda_l1: 0.1]
[lambda_l2: 3]
[linear_lambda: 0]
[min_gain_to_split: 0]
[drop_rate: 0.1]
[max_drop: 50]
[skip_drop: 0.5]
[xgboost_dart_mode: 0]
[uniform_drop: 0]
[drop_seed: 17869]
[top_rate: 0.2]
[other_rate: 0.1]
[min_data_per_group: 100]
[max_cat_threshold: 32]
[cat_l2: 10]
[cat_smooth: 10]
[max_cat_to_onehot: 4]
[top_k: 20]
[monotone_constraints: ]
[monotone_constraints_method: basic]
[monotone_penalty: 0]
[feature_contri: ]
[forcedsplits_filename: ]
[refit_decay_rate: 0.9]
[cegb_tradeoff: 1]
[cegb_penalty_split: 0]
[cegb_penalty_feature_lazy: ]
[cegb_penalty_feature_coupled: ]
[path_smooth: 0]
[interaction_constraints: ]
[verbosity: -1]
[saved_feature_importance_type: 0]
[use_quantized_grad: 0]
[num_grad_quant_bins: 4]
[quant_train_renew_leaf: 0]
[stochastic_rounding: 1]
[linear_tree: 0]
[max_bin: 255]
[max_bin_by_feature: ]
[min_data_in_bin: 3]
[bin_construct_sample_cnt: 200000]
[data_random_seed: 175]
[is_enable_sparse: 1]
[enable_bundle: 1]
[use_missing: 1]
[zero_as_missing: 0]
[feature_pre_filter: 1]
[pre_partition: 0]
[two_round: 0]
[header: 0]
[label_column: ]
[weight_column: ]
[group_column: ]
[ignore_column: ]
[categorical_feature: ]
[forcedbins_filename: ]
[precise_float_parser: 0]
[parser_config_file: ]
[objective_seed: 16083]
[num_class: 1]
[is_unbalance: 0]
[scale_pos_weight: 1]
[sigmoid: 1]
[boost_from_average: 1]
[reg_sqrt: 0]
[alpha: 0.9]
[fair_c: 1]
[poisson_max_delta_step: 0.7]
[tweedie_variance_power: 1.5]
[lambdarank_truncation_level: 30]
[lambdarank_norm: 1]
[label_gain: ]
[lambdarank_position_bias_regularization: 0]
[eval_at: ]
[multi_error_top_k: 1]
[auc_mu_weights: ]
[num_machines: 1]
[local_listen_port: 12400]
[time_out: 120]
[machine_list_filename: ]
[machines: ]
[gpu_platform_id: -1]
[gpu_device_id: -1]
[gpu_device_id_list: ]
[gpu_use_dp: 0]
[num_gpu: 1]

end of parameters

pandas_categorical:[]
