tree
version=v4
num_class=1
num_tree_per_iteration=1
label_index=0
max_feature_idx=36
objective=regression
feature_names=Return Log_Return Ret_Lag_1 Ret_Lag_2 Ret_Lag_3 Ret_Lag_5 Ret_Lag_10 Daily_Range_Pct Close_to_MA_5 Close_to_MA_10 Close_to_MA_20 Close_to_MA_50 Close_to_EMA_10 Close_to_EMA_20 Rolling_Std_10 Rolling_Std_20 RSI_14 MACD_Pct Volume_to_MA_10 USD_Index US_10Y_Yield VIX CPI_Inflation USDA_WASDE_Stocks Precipitation_KeyRegions Temperature_Anomaly_KeyRegions Planting_Progress_Pct Export_Sales News_Volume Daily_Bullish Daily_Bearish Daily_NSS Sentiment_EMA_7d Sentiment_Spike Sentiment_EMA_30d Sentiment_EMA_60d Sentiment_x_Trend
feature_infos=[-0.1068233643220487:0.21776098252243731] [-0.1129709173542847:0.19701391236426749] [-0.1068233643220487:0.21776098252243731] [-0.1068233643220487:0.21776098252243731] [-0.1068233643220487:0.21776098252243731] [-0.1068233643220487:0.21776098252243731] [-0.1068233643220487:0.21776098252243731] [0:0.1318851823118696] [0.84955297096289262:1.2587276011913482] [0.89015151515151514:1.3770631910688531] [0.81774046076777451:1.5471457454170454] [0.74836538144242415:1.7154945173986833] [0.89585158866229841:1.3148350932670614] [0.83851220122397296:1.4389864811421575] [0.0046694959248203003:0.1066195432533204] [0.0065568448117416999:0.079455399387556899] [18.985032428732001:87.668664699449806] [-0.026393370433859701:0.044132612988063702] [0:9.9206634602396004] [79.77999878:114.11000060000001] [0.52000000000000002:4.25] [9.1400003430000005:82.690002440000001] [234.74700000000001:298.83199999999999] [188.61000000000001:321.44999999999999] [0.17253421199999999:4.7756856670000003] [-6.4705817689999998:4.357689594] [1:98] [0:2540376] none [0:0.30918276309967041] [0:0.4869878888130188] [-0.4831667288672179:0.1441703587770462] [-0.39211151726282489:0.10179389835754279] [-0.3623687322120191:0.17165244993272341] [-0.25008564151271168:0.061703163283172199] [-0.16940536886326099:0.043198012471041498] [-0.043454011023259201:0.018651834942300299]
tree_sizes=970 913 914 943 914 913 994 899 1004 1034 835 1305 1023 919 926 1021 1218 978 1194 1106 1255 921 1625 1103 1231 1090 848 1887 920 1652 1103 938 2279

Tree=0
num_leaves=9
num_cat=0
split_feature=2 13 8 7 32 6 22 15
split_gain=0.0072335 0.00861042 0.00604317 0.00479304 0.00252123 0.001678 0.00416204 0.00330242
threshold=0.048163972678254757 1.0804894419226085 1.0388613644628437 0.0036034476362422005 6.4558120557015287e-12 -0.017720183380560698 259.65650000000005 0.024064054149757503
decision_type=2 2 2 2 2 2 2 2
left_child=1 3 -2 4 -1 6 -5 -7
right_child=2 -3 -4 5 -6 7 -8 -9
leaf_value=0.0010814478780379585 0.00024848912221130917 -0.00053102670362480814 0.001443451516855269 0.00024044902288155524 0.00024848912221130917 0.00024133589834874716 0.00062166317873789487 -3.6025133626644006e-06
leaf_weight=23 20 33 20 205 20 1656 91 153
leaf_count=23 20 33 20 205 20 1656 91 153
internal_value=0.000248489 0.000235845 0.000890698 0.000248489 0.000753599 0.000237679 0.000343493 0.000217477
internal_weight=2221 2181 40 2148 43 2105 296 1809
internal_count=2221 2181 40 2148 43 2105 296 1809
is_linear=0
shrinkage=1


Tree=1
num_leaves=9
num_cat=0
split_feature=2 13 23 7 18 26 20 6
split_gain=0.00662065 0.00783891 0.0053716 0.00440627 0.00234051 0.00213269 0.00278343 0.0011342
threshold=0.048163972678254757 1.0804894419226085 268.27500000000003 0.0036034476362422005 8.8478524434918331 84.500000000000014 3.0650000000000004 -0.012964771106827698
decision_type=2 2 2 2 2 2 2 2
left_child=1 3 -2 4 -1 7 -7 -5
right_child=2 -3 -4 5 -6 6 -8 -9
leaf_value=0 0 -0.00074378801296309891 0.0011356275824263044 0.00020950793350286729 0.00085057003302094745 -2.6386442790949805e-05 -0.00040257298167615678 1.9077625882340066e-05
leaf_weight=23 20 33 20 120 20 1491 51 443
leaf_count=23 20 33 20 120 20 1491 51 443
internal_value=0 -1.20794e-05 0.000614419 0 0.000484286 -1.03805e-05 -4.28222e-05 6.93959e-05
internal_weight=2221 2181 40 2148 43 2105 1542 563
internal_count=2221 2181 40 2148 43 2105 1542 563
is_linear=0
shrinkage=0.05


Tree=2
num_leaves=9
num_cat=0
split_feature=2 13 8 7 31 26 20 21
split_gain=0.00605863 0.00714121 0.0055589 0.00407244 0.00233129 0.00195178 0.00252037 0.00215231
threshold=0.048163972678254757 1.0804894419226085 1.0388613644628437 0.0036034476362422005 5.4364733100644439e-12 84.500000000000014 3.0650000000000004 15.375000000000002
decision_type=2 2 2 2 2 2 2 2
left_child=1 3 -2 4 -1 7 -7 -5
right_child=2 -3 -4 5 -6 6 -8 -9
leaf_value=0.00077975923258166485 0 -0.0007096977128013452 0.001118319949499615 -3.6562430905899375e-05 0 -2.5069774329255124e-05 -0.00038356259899619211 0.00014882499924829195
leaf_weight=23 20 33 20 224 20 1491 51 339
leaf_count=23 20 33 20 224 20 1491 51 339
internal_value=0 -1.13053e-05 0.000588009 0 0.000465795 -9.75718e-06 -4.08845e-05 6.64284e-05
internal_weight=2221 2181 40 2148 43 2105 1542 563
internal_count=2221 2181 40 2148 43 2105 1542 563
is_linear=0
shrinkage=0.05


Tree=3
num_leaves=9
num_cat=0
split_feature=18 8 13 24 23 7 13 36
split_gain=0.00424056 0.00236404 0.00632389 0.00553709 0.00198356 0.00356843 0.00196643 0.000869516
threshold=8.8478524434918331 1.0420392978735344 1.0804894419226085 1.5572316355000002 268.49500000000006 0.046806487657151903 0.96847664925683785 1.2135639918593077e-10
decision_type=2 2 2 2 2 2 2 2
left_child=1 2 4 -3 5 -1 -6 -2
right_child=7 3 -4 -5 6 -7 -8 -9
leaf_value=-2.7267508101917868e-05 0 -0.0001347690537282876 -0.000798349868452463 0.00067165700542717822 0.00024803841250038456 -0.0004395336396731276 1.0784004756674896e-05 0.00073955248778119053
leaf_weight=1212 20 26 23 38 107 55 720 20
leaf_count=1212 20 26 23 38 107 55 720 20
internal_value=0 -9.464e-06 -2.08958e-05 0.000278054 -8.84211e-06 -5.00968e-05 4.82904e-05 0.00049193
internal_weight=2221 2181 2117 64 2094 1267 827 40
internal_count=2221 2181 2117 64 2094 1267 827 40
is_linear=0
shrinkage=0.05


Tree=4
num_leaves=9
num_cat=0
split_feature=2 13 8 7 31 26 20 21
split_gain=0.00544493 0.00613859 0.00490227 0.00356785 0.00213884 0.00174776 0.00223599 0.00194959
threshold=0.048163972678254757 1.0804894419226085 1.0388613644628437 0.0036034476362422005 5.4364733100644439e-12 84.500000000000014 3.0650000000000004 15.375000000000002
decision_type=2 2 2 2 2 2 2 2
left_child=1 3 -2 4 -1 7 -7 -5
right_child=2 -3 -4 5 -6 6 -8 -9
leaf_value=0.00073600102036904837 0 -0.00065816037750563642 0.001055424079835496 -3.4637364355116696e-05 0 -2.375931936316621e-05 -0.00036210827404324348 0.0001412104363407175
leaf_weight=23 20 33 20 224 20 1491 51 339
leaf_count=23 20 33 20 224 20 1491 51 339
internal_value=0 -1.06526e-05 0.000557496 0 0.000435816 -9.30692e-06 -3.88675e-05 6.25994e-05
internal_weight=2221 2181 40 2148 43 2105 1542 563
internal_count=2221 2181 40 2148 43 2105 1542 563
is_linear=0
shrinkage=0.05


Tree=5
num_leaves=9
num_cat=0
split_feature=2 13 23 7 18 26 5 21
split_gain=0.00497682 0.00558766 0.00488743 0.00327394 0.00214935 0.00157329 0.00247453 0.00177301
threshold=0.048163972678254757 1.0804894419226085 268.27500000000003 0.0036034476362422005 8.8478524434918331 84.500000000000014 -0.0057271915283360489 15.375000000000002
decision_type=2 2 2 2 2 2 2 2
left_child=1 3 -2 4 -1 7 -7 -5
right_child=2 -3 -4 5 -6 6 -8 -9
leaf_value=0 0 -0.00062799469464355046 0.0010306640092976919 -3.292837990232485e-05 0.00076295246248659883 3.6789421128302088e-05 -8.892782375395155e-05 0.00013421184911201328
leaf_weight=23 20 33 20 224 20 596 946 339
leaf_count=23 20 33 20 224 20 596 946 339
internal_value=0 -1.02274e-05 0.000532952 0 0.000417416 -8.98004e-06 -3.71234e-05 5.9056e-05
internal_weight=2221 2181 40 2148 43 2105 1542 563
internal_count=2221 2181 40 2148 43 2105 1542 563
is_linear=0
shrinkage=0.05


Tree=6
num_leaves=10
num_cat=0
split_feature=2 7 8 18 21 6 20 17 25
split_gain=0.00453558 0.00530254 0.00450883 0.00300176 0.00294754 0.00154155 0.00290084 0.00156352 0.000592238
threshold=0.048163972678254757 0.051654069365740511 1.0388613644628437 8.8478524434918331 26.110000610000004 -0.032550141044365148 2.6350000000000002 0.0033407322869455501 0.57278644300000014
decision_type=2 2 2 2 2 2 2 2 2
left_child=1 3 -2 5 8 6 -1 -7 -3
right_child=2 4 -4 -5 -6 7 -8 -9 -10
leaf_value=0 0 -0.00023634767973844921 0.00098713033007579343 0.00043296669126721102 -0.00092300202330079643 9.860876647469842e-06 0.00059852885440462471 -8.7946190257020168e-05 0
leaf_weight=43 20 30 20 37 21 1470 27 533 20
leaf_count=43 20 30 20 37 21 1470 27 533 20
internal_value=0 -9.55106e-06 0.000508983 2.68694e-06 -0.000426176 -3.19902e-06 0.000218807 -1.37657e-05 -8.27352e-05
internal_weight=2221 2181 40 2110 71 2073 70 2003 50
internal_count=2221 2181 40 2110 71 2073 70 2003 50
is_linear=0
shrinkage=0.05


Tree=7
num_leaves=9
num_cat=0
split_feature=2 10 23 7 31 11 5 23
split_gain=0.00413283 0.00499861 0.00449349 0.00304181 0.00203179 0.00149839 0.00208076 0.00154213
threshold=0.048163972678254757 1.1015538785118439 268.27500000000003 0.0036034476362422005 5.4364733100644439e-12 1.059817298916969 0.0024084867834867504 268.49500000000006
decision_type=2 2 2 2 2 2 2 2
left_child=1 3 -2 4 -1 7 -7 -5
right_child=2 -3 -4 5 -6 6 -8 -9
leaf_value=0.00068090415697682799 0 -0.00064989976910874263 0.00096439318688404147 -2.6112610318328157e-05 0 0 -0.00024243271115424511 6.8714820317566838e-05
leaf_weight=24 20 27 20 1145 20 153 151 661
leaf_count=24 20 27 20 1145 20 153 151 661
internal_value=0 -8.9404e-06 0.000486026 0 0.000397828 -8.86264e-06 -0.000111974 5.88688e-06
internal_weight=2221 2181 40 2154 44 2110 304 1806
internal_count=2221 2181 40 2154 44 2110 304 1806
is_linear=0
shrinkage=0.05


Tree=8
num_leaves=10
num_cat=0
split_feature=2 7 29 25 18 6 22 2 31
split_gain=0.00375877 0.00474013 0.0044063 0.00268545 0.00262499 0.00142123 0.00369742 0.0019327 0.000696986
threshold=0.048163972678254757 0.051654069365740511 6.4852424646559127e-06 0.52089388550000015 8.8478524434918331 -0.017720183380560698 259.65650000000005 -0.021119362567505347 3.9738792390214661e-08
decision_type=2 2 2 2 2 2 2 2 2
left_child=1 4 -2 8 5 6 -1 -7 -3
right_child=2 3 -4 -5 -6 7 -8 -9 -10
leaf_value=0 0 -8.1007268496856942e-05 0.00093848767714402857 0 0.00040528999391244733 0.00012763386614460614 0.00036919094339364996 -4.1035736190096788e-05 -0.00091935066522031176
leaf_weight=203 20 21 20 29 37 177 85 1608 21
leaf_count=203 20 21 20 29 37 177 85 1608 21
internal_value=0 -8.43007e-06 0.000463598 -0.000402464 3.01518e-06 -2.33166e-06 9.72301e-05 -2.1328e-05 -0.000644635
internal_weight=2221 2181 40 71 2110 2073 288 1785 42
internal_count=2221 2181 40 71 2110 2073 288 1785 42
is_linear=0
shrinkage=0.05


Tree=9
num_leaves=10
num_cat=0
split_feature=18 6 4 3 17 18 16 24 17
split_gain=0.00284674 0.00191883 0.00257951 0.00204365 0.00198706 0.00270669 0.00168083 0.00127095 0.000885195
threshold=8.8478524434918331 0.034880096930985656 -0.041089100042674041 0.011827095640099003 -0.0078934137553876987 0.059101926141508457 73.926047730572733 1.6006755215000001 0.00023044156824515003
decision_type=2 2 2 2 2 2 2 2 2
left_child=1 2 -1 7 5 -4 -6 -3 -2
right_child=8 3 4 -5 6 -7 -8 -9 -10
leaf_value=0.00048754434091582277 0 0.00012927519900069847 0.00013348982193499317 -0.00058784920399344203 1.854670479822261e-05 -0.00025347312128620356 -0.0003598975757907691 -0.00029206316642618426 0.00063295661006122837
leaf_weight=24 20 34 41 26 1838 165 26 27 20
leaf_count=24 20 34 41 26 1838 165 26 27 20
internal_value=0 -7.26425e-06 7.68807e-08 -0.000233626 -3.86034e-06 -0.000151722 1.00201e-05 0 0.000403519
internal_weight=2221 2181 2094 87 2070 206 1864 61 40
internal_count=2221 2181 2094 87 2070 206 1864 61 40
is_linear=0
shrinkage=0.05


Tree=10
num_leaves=8
num_cat=0
split_feature=2 10 29 18 6 22 15
split_gain=0.00345711 0.00431254 0.00407673 0.00178728 0.00142389 0.00277079 0.00252125
threshold=0.048163972678254757 1.1015538785118439 6.4852424646559127e-06 8.8478524434918331 -0.016198825735005497 259.65650000000005 0.024064054149757503
decision_type=2 2 2 2 2 2 2
left_child=1 3 -2 4 5 -1 -6
right_child=2 -3 -4 -5 6 -7 -8
leaf_value=0 0 -0.00060329514454739803 0.00090161688676427892 0.00032332495442547262 -4.6436253074951004e-06 0.00029559654200141686 -0.00022043142002642872
leaf_weight=233 20 27 20 39 1627 104 151
leaf_count=233 20 27 20 39 1627 104 151
internal_value=0 -7.93774e-06 0.000444741 0 -6.05138e-06 8.4408e-05 -2.61177e-05
internal_weight=2221 2181 40 2154 2115 337 1778
internal_count=2221 2181 40 2154 2115 337 1778
is_linear=0
shrinkage=0.05


Tree=11
num_leaves=13
num_cat=0
split_feature=2 23 7 21 5 17 3 11 29 19 19 36
split_gain=0.0031396 0.00425504 0.00420054 0.00268729 0.00174022 0.00225861 0.00233473 0.00202778 0.00151337 0.00193312 0.00171975 0.000524419
threshold=0.048163972678254757 268.27500000000003 0.051654069365740511 26.110000610000004 -0.0055983354300065992 0.0037546118208180504 0.015523933768833502 1.0530901751580735 0.00053419050321510005 90.14500046000002 89.979999540000009 -5.4056653427077145e-09
decision_type=2 2 2 2 2 2 2 2 2 2 2 2
left_child=2 -2 4 11 8 6 -6 -7 10 -10 -1 -4
right_child=1 -3 3 -5 5 7 -8 -9 9 -11 -12 -13
leaf_value=-0.00013046157711360138 0 0.00089344752899310357 0 -0.00084628746718711531 -1.411606054752246e-05 -2.3951864265059505e-05 0.00024274067397297972 -0.00029322841124640572 0.00027592811257818537 -0.00012480358729306194 0.00013538426022192886 -0.00020957587719418701
leaf_weight=47 20 20 20 21 841 246 94 133 29 170 550 30
leaf_count=47 20 20 20 21 841 246 94 133 29 170 550 30
internal_value=0 0.000423773 -7.62232e-06 -0.000378636 3.01557e-06 -2.97731e-05 7.07025e-06 -0.000133097 6.3308e-05 -3.84224e-05 0.000105574 -5.10973e-05
internal_weight=2221 40 2181 71 2110 1314 935 379 796 199 597 50
internal_count=2221 40 2181 71 2110 1314 935 379 796 199 597 50
is_linear=0
shrinkage=0.05


Tree=12
num_leaves=10
num_cat=0
split_feature=2 23 7 25 18 5 17 25 14
split_gain=0.00284325 0.0039258 0.00384251 0.00246168 0.00203682 0.00131717 0.0023827 0.00146843 0.000663624
threshold=0.048163972678254757 268.27500000000003 0.051654069365740511 0.57278644300000014 8.8478524434918331 -0.0055983354300065992 0.0037546118208180504 -0.48891043449999999 0.026782359550503353
decision_type=2 2 2 2 2 2 2 2 2
left_child=2 -2 4 8 5 7 -7 -1 -4
right_child=1 -3 3 -5 -6 6 -8 -9 -10
leaf_value=-3.157817688050072e-05 0 0.0008546019806374756 -7.8132388119299249e-05 0 0.00035699542128713808 2.8565837423192336e-06 -0.00014208993949282823 0.00010054242958324968 -0.00086908625457790165
leaf_weight=283 20 20 23 28 37 919 371 500 20
leaf_count=283 20 20 23 28 37 919 371 500 20
internal_value=0 0.000402995 -7.55616e-06 -0.00036238 2.51464e-06 -1.91059e-06 -3.51956e-05 4.64904e-05 -0.000587401
internal_weight=2221 40 2181 71 2110 2073 1290 783 43
internal_count=2221 40 2181 71 2110 2073 1290 783 43
is_linear=0
shrinkage=0.05


Tree=13
num_leaves=9
num_cat=0
split_feature=2 20 10 7 31 17 7 9
split_gain=0.00257017 0.00375699 0.00361312 0.00235893 0.00189917 0.00132221 0.00247686 0.00231206
threshold=0.048163972678254757 2.3050000000000002 1.1015538785118439 0.0036034476362422005 5.4364733100644439e-12 -0.0021009722509403995 0.048200520162140555 0.99653925308700197
decision_type=2 2 2 2 2 2 2 2
left_child=2 -2 3 4 -1 6 -5 -7
right_child=1 -3 -4 5 -6 7 -8 -9
leaf_value=0.00062446467427502365 0.00082630862147198064 0 -0.00055216561319927377 -3.2032243291798384e-05 0 0.0001300414438212935 -0.00044489878021219443 -1.5367456635640609e-05
leaf_weight=24 20 20 27 740 20 357 39 974
leaf_count=24 20 20 27 740 20 357 39 974
internal_value=0 0.000383121 -7.21904e-06 0 0.00035071 -7.423e-06 -6.07234e-05 2.00906e-05
internal_weight=2221 40 2181 2154 44 2110 779 1331
internal_count=2221 40 2181 2154 44 2110 779 1331
is_linear=0
shrinkage=0.05


Tree=14
num_leaves=9
num_cat=0
split_feature=2 29 13 7 31 17 7 9
split_gain=0.00232056 0.00379205 0.00342561 0.00201324 0.00170244 0.00125625 0.00224319 0.00202566
threshold=0.048163972678254757 6.4852424646559127e-06 1.0804894419226085 0.0036034476362422005 5.4364733100644439e-12 -0.0021009722509403995 0.048200520162140555 0.99653925308700197
decision_type=2 2 2 2 2 2 2 2
left_child=2 -2 3 4 -1 6 -5 -7
right_child=1 -3 -4 5 -6 7 -8 -9
leaf_value=0.00059525063838988834 0 0.00081225571055572657 -0.00049077828699308965 -3.0437097644059613e-05 0 0.00012359355520710679 -0.00042424276648965877 -1.2121875080409178e-05
leaf_weight=23 20 20 33 740 20 357 39 969
leaf_count=23 20 20 33 740 20 357 39 969
internal_value=0 0.000363905 -7.0011e-06 0 0.000328247 -6.03498e-06 -5.80984e-05 2.08512e-05
internal_weight=2221 40 2181 2148 43 2105 779 1326
internal_count=2221 40 2181 2148 43 2105 779 1326
is_linear=0
shrinkage=0.05


Tree=15
num_leaves=10
num_cat=0
split_feature=18 7 6 23 3 17 18 9 36
split_gain=0.00209681 0.00172975 0.00229747 0.00297319 0.00376643 0.0012604 0.00260267 0.00153017 0.000952001
threshold=8.8478524434918331 0.065962864273874558 0.028271670365709503 288.89000000000004 -0.00098670383721669963 -0.0078934137553876987 0.059101926141508457 0.99653925308700197 1.2135639918593077e-10
decision_type=2 2 2 2 2 2 2 2 2
left_child=1 2 5 4 -4 6 -1 -7 -2
right_child=8 -3 3 -5 -6 7 -8 -9 -10
leaf_value=0.0001654965635743397 0 0.00041826889571814762 0 7.7832246435335906e-05 -0.00061088771216314178 6.8475535992660612e-05 -0.0002166482523160423 -2.2494372122449593e-05 0.00057183409347603834
leaf_weight=43 20 20 42 35 58 769 169 1045 20
leaf_count=43 20 20 42 35 58 769 169 1045 20
internal_value=0 -6.80536e-06 -1.36244e-05 -0.000211025 -0.000359991 0 -0.000114654 1.33676e-05 0.000345767
internal_weight=2221 2181 2161 135 100 2026 212 1814 40
internal_count=2221 2181 2161 135 100 2026 212 1814 40
is_linear=0
shrinkage=0.05


Tree=16
num_leaves=13
num_cat=0
split_feature=2 8 7 21 2 36 19 36 4 10 36 16
split_gain=0.00206061 0.00374194 0.00322356 0.0024285 0.00163662 0.00195763 0.00197329 0.00180723 0.0010322 0.00127069 0.000402473 0.000290451
threshold=0.048163972678254757 1.0388613644628437 0.051654069365740511 26.110000610000004 -0.020022063757498647 -0.00076136692010724991 94.064998625000015 -0.00035576654440639999 0.017922447133534452 0.92925601082701137 -5.4056653427077145e-09 51.749270976927406
decision_type=2 2 2 2 2 2 2 2 2 2 2 2
left_child=2 -2 4 10 8 6 -6 -7 9 -1 -4 -10
right_child=1 -3 3 -5 5 7 -8 -9 11 -11 -12 -13
leaf_value=0 0 0.00079168410202407318 0 -0.00076878276420757176 0 0.00025326991850280152 -0.00040900877490488113 -7.3661123782977493e-06 0 0.0002448586072257188 -0.00017653414402792061 -0.00017394065655935265
leaf_weight=30 20 20 20 21 61 66 57 1693 24 158 30 21
leaf_count=30 20 20 20 21 61 66 57 1693 24 158 30 21
internal_value=0 0.000343061 -6.4487e-06 -0.000331574 2.58045e-06 -1.05684e-05 -0.000205383 0 0.000128479 0.000184137 -2.04844e-05 0
internal_weight=2221 40 2181 71 2110 1877 118 1759 233 188 50 45
internal_count=2221 40 2181 71 2110 1877 118 1759 233 188 50 45
is_linear=0
shrinkage=0.05


Tree=17
num_leaves=10
num_cat=0
split_feature=4 11 5 33 7 23 15 15 18
split_gain=0.00199514 0.0017783 0.00247593 0.00176675 0.00163115 0.0017796 0.00236802 0.00189052 0.00175587
threshold=-0.041089100042674041 1.1268260414617142 0.0046206612317009508 0.00076851774930480009 0.0036034476362422005 268.49500000000006 0.025965432518694102 0.018355118971538551 8.8478524434918331
decision_type=2 2 2 2 2 2 2 2 2
left_child=-1 4 -3 -4 8 7 -7 -6 -2
right_child=1 2 3 -5 5 6 -8 -9 -10
leaf_value=0.00040506284529692499 0 0 -0.00072194420465605412 0 0 2.7167360188716658e-05 0.00047073975794346024 -0.00012681626955012709 0.00060625730264607988
leaf_weight=27 22 36 26 20 821 786 31 432 20
leaf_count=27 22 36 26 20 821 786 31 432 20
internal_value=0 -5.463e-06 -0.000230299 -0.000467255 1.21664e-06 -2.87024e-06 5.17563e-05 -4.25081e-05 0.000300516
internal_weight=2221 2194 82 46 2112 2070 817 1253 42
internal_count=2221 2194 82 46 2112 2070 817 1253 42
is_linear=0
shrinkage=0.05


Tree=18
num_leaves=12
num_cat=0
split_feature=4 11 5 3 26 20 21 36 17 7 8
split_gain=0.00181665 0.00161515 0.00230107 0.00199384 0.00157156 0.00196137 0.00164581 0.00182977 0.00176576 0.00145669 0.000424254
threshold=-0.041089100042674041 1.1268260414617142 0.0046206612317009508 0.0054742735840009006 84.500000000000014 3.0650000000000004 15.375000000000002 -6.079171689228772e-09 0.0019585979169862004 0.0071895797108557013 0.99284264182308835
decision_type=2 2 2 2 2 2 2 2 2 2 2
left_child=-1 4 -3 -4 6 9 7 -2 -8 -6 -7
right_child=1 2 3 -5 5 10 8 -9 -10 -11 -12
leaf_value=0.00038683501442452937 -0.00019930252094940096 0 0 -0.00072760724429307244 0.00028521173102863265 0 1.5253976217266896e-05 7.6748677291812333e-05 0.00027438662823336127 -2.0032911088550358e-05 -0.00051567791316192604
leaf_weight=27 91 36 21 25 36 27 196 144 151 1445 22
leaf_count=27 91 36 21 25 36 27 196 144 151 1445 22
internal_value=0 -4.88304e-06 -0.000219257 -0.000448101 1.37534e-06 -2.27853e-05 7.32285e-05 -1.03041e-05 0.000143689 -8.68221e-06 -0.000327797
internal_weight=2221 2194 82 46 2112 1530 582 235 347 1481 49
internal_count=2221 2194 82 46 2112 1530 582 235 347 1481 49
is_linear=0
shrinkage=0.05


Tree=19
num_leaves=11
num_cat=0
split_feature=18 7 6 24 14 6 8 15 17 23
split_gain=0.0016769 0.00159126 0.00201687 0.00269318 0.00184887 0.00112566 0.00276094 0.00186117 0.000952089 0.000735968
threshold=8.8478524434918331 0.065962864273874558 0.026079469492130001 1.3148479185000002 0.019943740954924655 -0.017720183380560698 1.010554587326971 0.024064054149757503 0.00023044156824515003 280.73000000000008
decision_type=2 2 2 2 2 2 2 2 2 2
left_child=1 2 5 9 -5 6 -1 -7 -2 -4
right_child=8 -3 3 4 -6 7 -8 -9 -10 -11
leaf_value=0.00019880236726508747 0 0.00040217710555146414 -3.1207108471650053e-05 -2.4740146441961934e-05 -0.00058354259533356233 0 -0.00010041656781056388 -0.00019866818971780686 0.00053168761285158565 0.00026374145097529086
leaf_weight=209 20 20 36 52 46 1577 94 124 20 23
leaf_count=209 20 20 36 52 46 1577 94 124 20 23
internal_value=0 -5.68416e-06 -1.23218e-05 -0.000183213 -0.000346082 0 8.95611e-05 -1.45281e-05 0.000309602 1.03258e-05
internal_weight=2221 2181 2161 157 98 2004 303 1701 40 59
internal_count=2221 2181 2161 157 98 2004 303 1701 40 59
is_linear=0
shrinkage=0.05


Tree=20
num_leaves=13
num_cat=0
split_feature=2 23 7 0 14 2 5 6 9 12 17 4
split_gain=0.00190933 0.00343071 0.00288466 0.00226934 0.00185933 0.00148858 0.00151397 0.0019952 0.00148488 0.00239968 0.00168247 0.0012705
threshold=0.048163972678254757 268.27500000000003 0.051654069365740511 -0.024498346715237197 0.026979301754588503 -0.018675688115292046 0.011958716690636502 0.00054058097552365017 0.95974444857149266 0.98729587049860101 -0.0067969611127515995 0.018780815145282004
decision_type=2 2 2 2 2 2 2 2 2 2 2 2
left_child=2 -2 5 -4 -5 6 7 -1 10 -10 -7 -8
right_child=1 -3 3 4 -6 8 11 -9 9 -11 -12 -13
leaf_value=0 0 0.00075949813739103079 0 -1.1078615216926353e-05 -0.0008748106345402726 0 2.8085210155793521e-05 0.00033949857476470228 -0.00013424126894621554 3.3662780545772518e-06 0.00047151373143833558 -0.00037170481461583658
leaf_weight=91 20 20 24 27 20 64 55 103 387 1361 29 20
leaf_count=91 20 20 24 27 20 64 55 103 387 1361 29 20
internal_value=0 0.000330274 -6.15908e-06 -0.000313734 -0.00050906 2.25505e-06 0.000113303 0.000191567 -1.14173e-05 -2.44218e-05 0.000174052 -2.46188e-05
internal_weight=2221 40 2181 71 47 2110 269 194 1841 1748 93 75
internal_count=2221 40 2181 71 47 2110 269 194 1841 1748 93 75
is_linear=0
shrinkage=0.05


Tree=21
num_leaves=9
num_cat=0
split_feature=2 8 13 7 31 26 5 21
split_gain=0.00170873 0.00342044 0.00270022 0.00139587 0.00152658 0.00131859 0.00186211 0.00150145
threshold=0.048163972678254757 1.0388613644628437 1.0804894419226085 0.0036034476362422005 5.4364733100644439e-12 84.500000000000014 -0.0057271915283360489 15.375000000000002
decision_type=2 2 2 2 2 2 2 2
left_child=2 -2 3 4 -1 7 -7 -5
right_child=1 -3 -4 5 -6 6 -8 -9
leaf_value=0.00052862178603670779 0 0.00074464200570693493 -0.00043525751543509422 -2.4761933352442313e-05 0 3.2989935435779176e-05 -7.5696255311190363e-05 0.00012701282241708769
leaf_weight=23 20 20 33 224 20 596 946 339
leaf_count=23 20 20 33 224 20 596 946 339
internal_value=0 0.000312611 -5.64597e-06 0 0.000273822 -4.39153e-06 -3.04691e-05 5.79813e-05
internal_weight=2221 40 2181 2148 43 2105 1542 563
internal_count=2221 40 2181 2148 43 2105 1542 563
is_linear=0
shrinkage=0.05


Tree=22
num_leaves=17
num_cat=0
split_feature=4 15 5 17 31 25 7 33 14 17 29 24 12 10 4 2
split_gain=0.00166997 0.00145808 0.0030245 0.00475173 0.00297613 0.00244424 0.00228123 0.00193121 0.00191816 0.00235997 0.00184234 0.00118117 0.00107543 0.00163034 0.00138432 0.000294056
threshold=-0.041089100042674041 0.018807414633711352 -0.0055983354300065992 0.0013543130994280502 4.0187425885897823e-06 0.76169537850000013 0.035961317350272602 -1.9968385893176592e-06 0.018962216033825204 0.0029763315261393504 4.601050407817002e-09 1.2530037210000002 0.98709097589769268 0.9727315581427588 0.0032586693213870507 -1.0000000180025095e-35
decision_type=2 2 2 2 2 2 2 2 2 2 2 2 2 2 2 2
left_child=-1 8 3 6 5 -4 -3 -6 12 11 -5 -10 14 -14 -2 -11
right_child=1 2 4 10 7 -7 -8 -9 9 15 -12 -13 13 -15 -16 -17
leaf_value=0.00037103605029551546 0 1.1249569889778562e-06 -0.00027544778967510223 0 -2.1689820180957453e-06 0 -0.00033563536970662733 0.00043650856098247467 0 0.00010582410525575352 0.00046685238186959445 0.00045363280972482504 0.00033543749254868305 9.237016585262062e-06 -0.00024165704104394376 -8.7491268420527714e-05
leaf_weight=27 269 152 293 31 42 101 57 27 29 23 71 67 40 849 88 55
leaf_count=27 269 152 293 31 42 101 57 27 29 23 71 67 40 849 88 55
internal_value=0 -4.52079e-06 -6.14451e-05 4.71955e-05 -0.000144983 -0.000202922 -7.05837e-05 0.000111079 2.30574e-05 0.000177107 0.000331268 0.000340111 0 3.05984e-05 -7.17527e-05 0
internal_weight=2221 2194 774 311 463 394 209 69 1420 174 102 96 1246 889 357 78
internal_count=2221 2194 774 311 463 394 209 69 1420 174 102 96 1246 889 357 78
is_linear=0
shrinkage=0.05


Tree=23
num_leaves=11
num_cat=0
split_feature=4 11 5 3 17 7 17 5 17 29
split_gain=0.00152012 0.00134122 0.00203042 0.00173658 0.00119771 0.00237849 0.00158746 0.00132443 0.0012572 0.000518573
threshold=-0.041089100042674041 1.1268260414617142 0.0046206612317009508 0.0054742735840009006 -0.0021009722509403995 0.048200520162140555 -0.0029306585387327993 -0.019515716190028048 0.0037546118208180504 0.00035439289403345006
decision_type=2 2 2 2 2 2 2 2 2 2
left_child=-1 4 -3 -4 5 6 -2 9 -9 -6
right_child=1 2 3 -5 7 -7 -8 8 -10 -11
leaf_value=0.00035433941046358083 3.2380675852528072e-06 0 0 -0.00067609172771751361 0.00026670495241643688 -0.00042223819727773735 -0.00020986704108623888 5.4374614215088368e-05 -4.8122125546283213e-05 0
leaf_weight=27 646 36 21 25 79 38 92 769 450 38
leaf_count=27 646 36 21 25 79 38 92 769 450 38
internal_value=0 -3.91051e-06 -0.00019945 -0.00041545 1.58952e-06 -4.51189e-05 -1.73224e-05 3.2494e-05 1.24205e-05 0.00019443
internal_weight=2221 2194 82 46 2112 776 738 1336 1219 117
internal_count=2221 2194 82 46 2112 776 738 1336 1219 117
is_linear=0
shrinkage=0.05


Tree=24
num_leaves=13
num_cat=0
split_feature=2 29 7 21 2 6 32 29 4 5 19 25
split_gain=0.00159027 0.0032503 0.00244621 0.00217821 0.00138547 0.00143976 0.00162602 0.00155625 0.00130921 0.00100413 0.000999926 0.000199419
threshold=0.048163972678254757 6.4852424646559127e-06 0.051654069365740511 26.110000610000004 -0.018675688115292046 0.0063126233308426509 -0.27063080644185089 1.9042786867506335e-05 0.017922447133534452 0.011958716690636502 93.61500168000002 0.57278644300000014
decision_type=2 2 2 2 2 2 2 2 2 2 2 2
left_child=2 -2 4 11 8 6 -6 -7 10 -10 -1 -4
right_child=1 -3 3 -5 5 7 -8 -9 9 -11 -12 -13
leaf_value=0 0 0.00072370663194147805 -0.00012291245296541036 -0.00069529949834153148 0.00034943176789965953 0 2.4990902439516405e-06 -0.00016630846799418401 0 -0.00034082747893357328 0.00022994947038027715 0
leaf_weight=55 20 20 30 21 33 321 1224 263 29 20 165 20
leaf_count=55 20 20 30 21 33 321 1224 263 29 20 165 20
internal_value=0 0.000301952 -5.02599e-06 -0.00028845 2.54073e-06 -1.05551e-05 1.63857e-05 -7.68475e-05 0.000109677 -5.57197e-05 0.000169191 0
internal_weight=2221 40 2181 71 2110 1841 1257 584 269 49 220 50
internal_count=2221 40 2181 71 2110 1841 1257 584 269 49 220 50
is_linear=0
shrinkage=0.05


Tree=25
num_leaves=11
num_cat=0
split_feature=18 7 6 24 3 17 18 2 17 36
split_gain=0.00146045 0.00147387 0.00173904 0.00297972 0.00177063 0.00108125 0.00226689 0.00158392 0.000870182 0.000692437
threshold=8.8478524434918331 0.065962864273874558 0.028271670365709503 1.3148479185000002 -0.0043636386716765993 -0.0078934137553876987 0.059101926141508457 -0.021119362567505347 0.00023044156824515003 -2.2703083824014126e-10
decision_type=2 2 2 2 2 2 2 2 2 2
left_child=1 2 5 9 -5 6 -1 -7 -2 -4
right_child=8 -3 3 4 -6 7 -8 -9 -10 -11
leaf_value=0.00015217208951229545 0 0.00038794388895558251 -4.8364156428579e-05 0 -0.00053728068865255643 0.00016812513298694267 -0.00020169039567494913 0 0.00050119733149388236 0.00022129622110099133
leaf_weight=43 20 20 22 27 54 148 169 1666 20 32
leaf_count=43 20 20 22 27 54 148 169 1666 20 32
internal_value=0 -4.73738e-06 -1.12149e-05 -0.000182966 -0.0003784 0 -0.000105539 1.30275e-05 0.000289431 2.6952e-05
internal_weight=2221 2181 2161 135 81 2026 212 1814 40 54
internal_count=2221 2181 2161 135 81 2026 212 1814 40 54
is_linear=0
shrinkage=0.05


Tree=26
num_leaves=8
num_cat=0
split_feature=4 11 7 18 17 11 7
split_gain=0.00139844 0.00122964 0.0011193 0.00145134 0.00109023 0.00196551 0.00150806
threshold=-0.041089100042674041 1.16577566261554 0.0036034476362422005 8.8478524434918331 -0.0021009722509403995 1.0496048500304298 0.029290442388636553
decision_type=2 2 2 2 2 2 2
left_child=-1 2 3 -2 5 -4 -6
right_child=1 -3 4 -5 6 -7 -8
leaf_value=0.0003400517380796373 0 -0.00032151499739848082 -2.234241979894128e-05 0.00052695993086039692 -9.7705533244294133e-06 -0.00033096446891572526 0.00010163172160062852
leaf_weight=27 22 27 702 20 959 59 405
leaf_count=27 22 27 702 20 959 59 405
internal_value=0 -3.5088e-06 0 0.000247586 -4.32553e-06 -5.40199e-05 1.97999e-05
internal_weight=2221 2194 2167 42 2125 761 1364
internal_count=2221 2194 2167 42 2125 761 1364
is_linear=0
shrinkage=0.05


Tree=27
num_leaves=20
num_cat=0
split_feature=25 3 36 3 24 0 14 16 9 5 0 9 23 6 14 14 6 27 6
split_gain=0.00135615 0.00379428 0.00381637 0.00141546 0.00608458 0.00123685 0.00200177 0.00465963 0.00185 0.00233362 0.00182051 0.00122459 0.00114339 0.00238948 0.00126324 0.00113043 0.000809249 0.000701651 0.000425483
threshold=0.73983024450000012 0.022194152136198204 -4.8154607445752553e-09 0.042929848464880661 1.5677541110000002 -0.016295496388613447 0.021131768691372104 65.096912776656367 0.99278261926216949 0.0018584493101258502 -0.0049483974427030489 0.9570042482946387 266.93500000000006 -0.016198825735005497 0.021869441051960654 0.018550130257550455 0.021015262785037354 417297.50000000006 -0.021764775924053344
decision_type=2 2 2 2 2 2 2 2 2 2 2 2 2 2 2 2 2 2 2
left_child=3 12 -3 5 -5 8 10 -8 11 -10 -7 -1 14 18 15 -2 -15 -4 -14
right_child=1 2 17 4 -6 6 7 -9 9 -11 -12 -13 13 16 -16 -17 -18 -19 -20
leaf_value=0.00017055978729652399 -6.6663108313975351e-05 0 0.0009547817762475462 -0.00083716481982264678 0.00014213571146683534 -0.00010751759025399943 -0.00023254293582874788 0.00042219237585623676 0.00061768336659952195 0 3.9600308454288831e-05 -9.0937254729792693e-05 0 -1.3193920654243008e-05 -0.00031058194141308403 0.00023883640036581564 0.00024505352075776142 0.00013334511751222802 0.00057534336299997662
leaf_weight=65 158 28 22 24 21 291 248 23 29 44 732 128 21 235 40 34 30 24 24
leaf_count=65 158 28 22 24 21 291 248 23 29 44 732 128 21 235 40 34 30 24 24
internal_value=0 6.38167e-05 0.000394363 -2.3253e-05 -0.000295671 -1.16434e-05 -3.46147e-05 -0.000154713 8.06566e-05 0.000289623 0 0 7.59001e-06 7.7915e-05 -6.48972e-05 0 0 0.00066265 0.000405016
internal_weight=2221 616 74 1605 45 1560 1294 271 266 73 1023 193 542 310 232 192 265 46 45
internal_count=2221 616 74 1605 45 1560 1294 271 266 73 1023 193 542 310 232 192 265 46 45
is_linear=0
shrinkage=0.05


Tree=28
num_leaves=9
num_cat=0
split_feature=2 23 10 7 31 24 26 14
split_gain=0.00138135 0.00312953 0.00227674 0.00120642 0.00144439 0.00114283 0.00150443 0.00137377
threshold=0.048163972678254757 268.27500000000003 1.1015538785118439 0.0036034476362422005 5.4364733100644439e-12 0.74565608750000012 84.500000000000014 0.011833049248951301
decision_type=2 2 2 2 2 2 2 2
left_child=2 -2 3 4 -1 7 -7 -5
right_child=1 -3 -4 5 -6 6 -8 -9
leaf_value=0.0004943949036856389 0 0.0006991014502810963 -0.00043695829591403415 4.2561720582307312e-05 0 8.4004598516267435e-05 -1.6987560192937436e-05 -0.00019809730929363511
leaf_weight=24 20 20 27 47 20 481 1428 154
leaf_count=24 20 20 27 47 20 481 1428 154
internal_value=0 0.000281906 -4.06651e-06 0 0.000252163 -3.60822e-06 5.93568e-06 -0.000117516
internal_weight=2221 40 2181 2154 44 2110 1909 201
internal_count=2221 40 2181 2154 44 2110 1909 201
is_linear=0
shrinkage=0.05


Tree=29
num_leaves=17
num_cat=0
split_feature=4 15 5 17 6 19 7 25 29 24 4 0 36 6 19 15
split_gain=0.00126616 0.00113787 0.00258256 0.00403882 0.00292459 0.00382523 0.00192508 0.00179978 0.00161217 0.00105791 0.00134263 0.00114176 0.00306725 0.00144456 0.000796959 0.000281511
threshold=-0.041089100042674041 0.018807414633711352 -0.0055983354300065992 0.0013543130994280502 -0.017720183380560698 98.514999390000014 0.035548997122408159 -0.28455002749999997 4.601050407817002e-09 0.74565608750000012 -0.0084070582395206987 0.013595279684770652 -2.2934709089053867e-13 -0.015573577081673199 92.524997710000022 0.014582098187186853
decision_type=2 2 2 2 2 2 2 2 2 2 2 2 2 2 2 2
left_child=-1 9 3 6 7 -6 -3 -4 -5 10 15 13 -13 -11 -12 -2
right_child=1 2 4 8 5 -7 -8 -9 -10 11 14 12 -14 -15 -16 -17
leaf_value=0.00032382214246414755 0.00018641141694927311 3.8444573397395882e-06 -7.6139462302978096e-05 0 -8.1361004476830537e-05 -0.00048304512986827546 -0.00030279419036247183 0.00031266512430682693 0.00043518743356233595 0.00015821816985457239 0 0.00033195466513542935 0 -7.1697771781831187e-06 -0.00025891913329511836 0
leaf_weight=27 24 151 35 31 287 92 58 49 71 145 23 109 117 889 93 20
leaf_count=27 24 151 35 31 287 92 58 49 71 145 23 109 117 889 93 20
internal_value=0 -2.98521e-06 -5.35635e-05 4.61779e-05 -0.000131156 -0.000194984 -6.07472e-05 9.61527e-05 0.000308364 2.11246e-05 -9.00322e-05 3.93789e-05 0.000142859 1.15919e-05 -0.000193233 7.06282e-05
internal_weight=2221 2194 774 311 463 379 209 84 102 1420 160 1260 226 1034 116 44
internal_count=2221 2194 774 311 463 379 209 84 102 1420 160 1260 226 1034 116 44
is_linear=0
shrinkage=0.05


Tree=30
num_leaves=11
num_cat=0
split_feature=2 20 16 2 6 19 32 18 6 15
split_gain=0.00125498 0.00297008 0.00217368 0.000995141 0.00129268 0.00147564 0.00146211 0.000885743 0.000994866 0.000189911
threshold=0.048163972678254757 2.3050000000000002 71.470952172083869 -0.018675688115292046 0.0063126233308426509 98.39500046000002 -0.27063080644185089 0.026144116899607255 1.0000000180025095e-35 0.020043181277691953
decision_type=2 2 2 2 2 2 2 2 2 2
left_child=2 -2 3 7 6 -6 -5 9 -9 -1
right_child=1 -3 -4 4 5 -7 -8 8 -10 -11
leaf_value=0 0.00067663128234689014 0 -0.00036965874049928974 0.00033057316016412287 -1.9579430975077644e-05 -0.00022900787053734486 1.6270998284997895e-06 0 0.00023537030201564889 -0.00015722211311488838
leaf_weight=20 20 20 37 33 468 124 1232 125 121 21
leaf_count=20 20 20 37 33 468 124 1232 125 121 21
internal_value=0 0.000268713 -3.86081e-06 6.3081e-07 -1.04279e-05 -7.2783e-05 1.49133e-05 8.87937e-05 0.000132664 -5.18902e-05
internal_weight=2221 40 2181 2144 1857 592 1265 287 246 41
internal_count=2221 40 2181 2144 1857 592 1265 287 246 41
is_linear=0
shrinkage=0.05


Tree=31
num_leaves=9
num_cat=0
split_feature=8 11 13 7 18 26 5 25
split_gain=0.00124681 0.00381564 0.00296963 0.00179446 0.00138046 0.00135085 0.00137991 0.00109862
threshold=1.0420392978735344 1.0813268138865519 1.0804894419226085 0.0036034476362422005 8.8478524434918331 84.500000000000014 -0.0057271915283360489 -0.62253025449999988
decision_type=2 2 2 2 2 2 2 2
left_child=2 -2 3 4 -1 7 -7 -5
right_child=1 -3 -4 5 -6 6 -8 -9
leaf_value=0 -4.6283661138399361e-05 0.00059816238259164896 -0.00053645118623255549 -1.9638752040614164e-05 0.00057284181913322158 2.1914671455524395e-05 -7.0614665194146807e-05 0.00011036018548646312
leaf_weight=21 32 32 23 188 21 589 944 371
leaf_count=21 32 32 23 188 21 589 944 371
internal_value=0 0.000213668 -5.19094e-06 0 0.00031356 -5.42954e-06 -3.1835e-05 5.78714e-05
internal_weight=2221 64 2157 2134 42 2092 1533 559
internal_count=2221 64 2157 2134 42 2092 1533 559
is_linear=0
shrinkage=0.05


Tree=32
num_leaves=25
num_cat=0
split_feature=25 3 27 15 12 19 27 15 13 19 16 5 17 22 14 24 0 4 19 0 21 24 24 3
split_gain=0.00119103 0.00343485 0.00246415 0.00200046 0.00276356 0.00396475 0.00485907 0.00301948 0.0020098 0.00378532 0.00261706 0.00179453 0.00206283 0.00107225 0.00117185 0.00102437 0.000853117 0.00128713 0.00119526 0.000816376 0.000855422 0.000543872 0.000327442 2.87982e-05
threshold=0.73983024450000012 0.022194152136198204 413730.50000000006 0.018002744541037254 0.99526733160643499 96.795001985000013 406029.00000000006 0.021797378905850553 0.98913672839923816 97.255001070000006 45.185776960159536 0.016044382219328451 0.0035946461768478002 255.26450000000003 0.013555418610112653 0.80537381200000013 0.007851412884454052 0.0032586693213870507 92.814998625000015 0.013893165844307951 16.125000000000004 1.3148479185000002 0.95214601350000005 0.0025409879991503004
decision_type=2 2 2 2 2 2 2 2 2 2 2 2 2 2 2 2 2 2 2 2 2 2 2 2
left_child=3 13 -3 11 8 7 -7 -6 10 -10 -5 16 -13 19 22 -16 17 -1 -18 20 -2 -21 -15 -14
right_child=1 2 -4 4 5 6 -8 -9 9 -11 -12 12 23 14 15 -17 18 -19 -20 21 -22 -23 -24 -25
leaf_value=1.1010341741009992e-05 -0.00016183710280914538 0.00066834355825497042 0 1.4385922048253025e-05 -0.00020216128486559874 -0.00069995742190719513 -6.49629997682728e-05 0.00017351214631839578 0 0.00058163631540970179 -0.00035361129938616634 0.00037473317933088568 0 4.5276162628498333e-05 0 0.00022919377875976331 0.00026101419926931161 -0.00013108800375690751 0 0.00026522089093923567 0 0 -0.0001081967216305202 -5.1638121022497887e-05
leaf_weight=355 167 35 39 189 113 66 91 91 40 38 54 69 21 24 21 140 61 226 167 22 75 30 63 24
leaf_count=355 167 35 39 189 113 66 91 91 40 38 54 69 21 24 21 140 61 226 167 22 75 30 63 24
internal_value=0 6.02671e-05 0.000374748 -2.12963e-05 -8.76558e-05 -0.000182814 -0.000371272 -1.03409e-05 4.62936e-06 0.000233255 -5.03811e-05 2.24619e-05 0.000205762 6.32977e-06 8.99442e-05 0.000173747 0 -3.60915e-05 7.70695e-05 -4.75632e-05 -9.7184e-05 8.516e-05 -1.02059e-05 0
internal_weight=2221 616 74 1605 682 361 157 204 321 78 243 923 114 542 248 161 809 581 228 294 242 52 87 45
internal_count=2221 616 74 1605 682 361 157 204 321 78 243 923 114 542 248 161 809 581 228 294 242 52 87 45
is_linear=0
shrinkage=0.05


end of trees

feature_importances:
Daily_Range_Pct=31
Ret_Lag_1=26
MACD_Pct=21
Ret_Lag_10=19
Volume_to_MA_10=18
Ret_Lag_5=16
Ret_Lag_3=13
USDA_WASDE_Stocks=13
Close_to_EMA_20=11
Rolling_Std_20=11
Precipitation_KeyRegions=11
Ret_Lag_2=10
Close_to_MA_5=10
USD_Index=10
VIX=10
Temperature_Anomaly_KeyRegions=10
Sentiment_x_Trend=10
Rolling_Std_10=9
Daily_Bullish=9
Daily_NSS=9
Close_to_MA_50=8
Planting_Progress_Pct=8
US_10Y_Yield=7
Return=6
Close_to_MA_10=6
Close_to_MA_20=6
RSI_14=5
CPI_Inflation=4
Close_to_EMA_10=3
Export_Sales=3
Sentiment_EMA_7d=3
Sentiment_Spike=2

parameters:
[boosting: gbdt]
[objective: regression]
[metric: l2]
[tree_learner: serial]
[device_type: cpu]
[data_sample_strategy: bagging]
[data: ]
[valid: ]
[num_iterations: 200]
[learning_rate: 0.05]
[num_leaves: 31]
[num_threads: 20]
[seed: 42]
[deterministic: 0]
[force_col_wise: 0]
[force_row_wise: 0]
[histogram_pool_size: -1]
[max_depth: 5]
[min_data_in_leaf: 20]
[min_sum_hessian_in_leaf: 0.001]
[bagging_fraction: 0.8]
[pos_bagging_fraction: 1]
[neg_bagging_fraction: 1]
[bagging_freq: 0]
[bagging_seed: 400]
[bagging_by_query: 0]
[feature_fraction: 0.8]
[feature_fraction_bynode: 1]
[feature_fraction_seed: 30056]
[extra_trees: 0]
[extra_seed: 12879]
[early_stopping_round: 0]
[early_stopping_min_delta: 0]
[first_metric_only: 0]
[max_delta_step: 0]
[lambda_l1: 0.1]
[lambda_l2: 3]
[linear_lambda: 0]
[min_gain_to_split: 0]
[drop_rate: 0.1]
[max_drop: 50]
[skip_drop: 0.5]
[xgboost_dart_mode: 0]
[uniform_drop: 0]
[drop_seed: 17869]
[top_rate: 0.2]
[other_rate: 0.1]
[min_data_per_group: 100]
[max_cat_threshold: 32]
[cat_l2: 10]
[cat_smooth: 10]
[max_cat_to_onehot: 4]
[top_k: 20]
[monotone_constraints: ]
[monotone_constraints_method: basic]
[monotone_penalty: 0]
[feature_contri: ]
[forcedsplits_filename: ]
[refit_decay_rate: 0.9]
[cegb_tradeoff: 1]
[cegb_penalty_split: 0]
[cegb_penalty_feature_lazy: ]
[cegb_penalty_feature_coupled: ]
[path_smooth: 0]
[interaction_constraints: ]
[verbosity: -1]
[saved_feature_importance_type: 0]
[use_quantized_grad: 0]
[num_grad_quant_bins: 4]
[quant_train_renew_leaf: 0]
[stochastic_rounding: 1]
[linear_tree: 0]
[max_bin: 255]
[max_bin_by_feature: ]
[min_data_in_bin: 3]
[bin_construct_sample_cnt: 200000]
[data_random_seed: 175]
[is_enable_sparse: 1]
[enable_bundle: 1]
[use_missing: 1]
[zero_as_missing: 0]
[feature_pre_filter: 1]
[pre_partition: 0]
[two_round: 0]
[header: 0]
[label_column: ]
[weight_column: ]
[group_column: ]
[ignore_column: ]
[categorical_feature: ]
[forcedbins_filename: ]
[precise_float_parser: 0]
[parser_config_file: ]
[objective_seed: 16083]
[num_class: 1]
[is_unbalance: 0]
[scale_pos_weight: 1]
[sigmoid: 1]
[boost_from_average: 1]
[reg_sqrt: 0]
[alpha: 0.9]
[fair_c: 1]
[poisson_max_delta_step: 0.7]
[tweedie_variance_power: 1.5]
[lambdarank_truncation_level: 30]
[lambdarank_norm: 1]
[label_gain: ]
[lambdarank_position_bias_regularization: 0]
[eval_at: ]
[multi_error_top_k: 1]
[auc_mu_weights: ]
[num_machines: 1]
[local_listen_port: 12400]
[time_out: 120]
[machine_list_filename: ]
[machines: ]
[gpu_platform_id: -1]
[gpu_device_id: -1]
[gpu_device_id_list: ]
[gpu_use_dp: 0]
[num_gpu: 1]

end of parameters

pandas_categorical:[]
