tree
version=v4
num_class=1
num_tree_per_iteration=1
label_index=0
max_feature_idx=24
objective=regression
feature_names=Return Log_Return Ret_Lag_1 Ret_Lag_2 Ret_Lag_3 Ret_Lag_5 Ret_Lag_10 Daily_Range_Pct Close_to_MA_5 Close_to_MA_10 Close_to_MA_20 Close_to_MA_50 Close_to_EMA_10 Close_to_EMA_20 Rolling_Std_10 Rolling_Std_20 RSI_14 MACD_Pct Volume_to_MA_10 Global_Industrial_Production_Index USD_Index US_10Y_Yield VIX CPI_Inflation China_PMI
feature_infos=[-0.066940172742521994:0.074641947929079799] [-0.069285956656344794:0.071987534405050499] [-0.066940172742521994:0.074641947929079799] [-0.066940172742521994:0.074641947929079799] [-0.066940172742521994:0.074641947929079799] [-0.066940172742521994:0.074641947929079799] [-0.066940172742521994:0.074641947929079799] [0:0.092802595159413206] [0.91318316788809784:1.0730283848102866] [0.87986156167578455:1.1066018538739253] [0.85692473313438489:1.1552927409995728] [0.79659082927529956:1.1777746655552006] [0.89466740749189477:1.0920323555297982] [0.8686804240890813:1.1281657463110899] [0.0024529130098374001:0.036179077589099801] [0.0057965333731078003:0.029331550672483601] [13.140122716746744:90.832403572489085] [-0.0188041687703022:0.016289486570868299] [0.030548428479792201:9.6792988700484308] [84.561899999999994:104.10039999999999] [88.589996337890597:114.11000061035099] [0.52000000000000002:4.25] [9.1400003433227504:82.690002441406193] [0.0088000000000000005:8.9794] [48:52.600000000000001]
tree_sizes=2260 2692

Tree=0
num_leaves=23
num_cat=0
split_feature=19 7 16 6 16 15 21 3 0 6 22 11 2 8 6 22 3 0 5 17 24 6
split_gain=0.00123445 0.000996794 0.00106939 0.0016023 0.00132272 0.00121911 0.00104867 0.00106854 0.000992648 0.000954522 0.000945917 0.000857444 0.000839608 0.00166062 0.00064157 0.000579578 0.000575855 0.000709459 0.0002073 0.00013906 4.80045e-05 1.57075e-06
threshold=97.244700000000009 0.035006980971525152 48.622893474144732 -0.015211229302174998 29.378506111092651 0.01469646175123695 2.4150000000000005 0.014909815547642901 -0.0060924333431979991 -0.0014927192952425498 20.824999809265055 0.99588230550498336 0.0075185800025462006 1.0117039690904834 0.0047271599868671009 16.960000038146905 0.012669179256762851 0.011105840044012102 0.010631986177242101 0.0023939231524835003 50.150000000000013 0.014499708123364702
decision_type=2 2 2 2 2 2 2 2 2 2 2 2 2 2 2 2 2 2 2 2 2 2
left_child=14 2 3 5 9 20 12 11 -6 -5 -3 -8 15 -14 16 -4 17 18 -1 -9 -2 -16
right_child=1 10 6 4 8 -7 7 19 -10 -11 -12 -13 13 -15 21 -17 -18 -19 -20 -21 -22 -23
leaf_value=0.00071370318756440866 0.00035663256227209586 0.00029338402832252948 0.00029338402832252948 0.00029338402832252948 0.00040103985688226475 0.00071889552219074984 0.00029338402832252948 0.00029338402832252948 0.00028255112397588828 -0.0001626451695305291 -9.5337849999394084e-05 0.00011614579565275232 6.4366184749818336e-05 0.00031374872167083006 0.00029338402832252948 0.00041078244944310415 0.00029338402832252948 0.00029338402832252948 0.00029338402832252948 0.00039899546999610738 0.00029338402832252948 0.00030382816809322729
leaf_weight=45 29 30 254 22 252 44 26 26 395 24 33 285 104 101 45 155 24 25 20 34 31 35
leaf_count=45 29 30 254 22 252 44 26 26 395 24 33 285 104 101 45 155 24 25 20 34 31 35
internal_value=0.000293384 0.000280746 0.000290575 0.000330464 0.000295472 0.000513772 0.000253223 0.000186976 0.00032108 4.87497e-05 8.52387e-05 0.000145313 0.000293384 0.000211007 0.000413026 0.000334736 0.000488881 0.000546602 0.000632913 0.000319851 0.000293384 0.000293384
internal_weight=2039 1845 1782 797 693 104 985 371 647 46 63 311 614 205 194 409 114 90 65 60 60 80
internal_count=2039 1845 1782 797 693 104 985 371 647 46 63 311 614 205 194 409 114 90 65 60 60 80
is_linear=0
shrinkage=1


Tree=1
num_leaves=31
num_cat=0
split_feature=19 7 6 17 13 22 22 21 21 22 3 14 18 21 22 8 3 15 3 15 5 9 6 15 0 13 18 2 0 22
split_gain=0.00114581 0.00112399 0.00117079 0.00108599 0.00108363 0.00179857 0.00200112 0.00144196 0.00125528 0.00124857 0.0016184 0.00108067 0.000804777 0.000800512 0.00143775 0.0006847 0.000657222 0.000631846 0.000539337 0.000500233 0.000481117 0.00044294 0.00036735 0.0003323 0.000297564 0.000253599 0.000236667 0.000346059 0.000153673 7.98067e-05
threshold=98.805550000000011 0.018256077292894603 0.0047271599868671009 -0.0030986529495402493 1.0140656279615852 18.765000343322704 25.734999656677203 2.2050000000000005 3.7150000000000003 10.644999980926451 0.0200410158964224 0.010991704201883952 0.76583355703671041 0.68500000000000016 25.460000038146905 0.99959564595609718 0.010631986177242101 0.0096157441961880526 0.015045645902734451 0.021082282548651504 -0.0012166745555283998 0.99995520009827576 0.014697386324357601 0.019265221436740355 0.0013546929247420503 1.0315927724358449 1.7765158976969719 -0.0058931331031142993 -0.0049047501561490488 20.025000572204554
decision_type=2 2 2 2 2 2 2 2 2 2 2 2 2 2 2 2 2 2 2 2 2 2 2 2 2 2 2 2 2 2
left_child=1 2 3 -1 5 15 11 20 -9 -6 12 -7 23 -3 -15 26 17 -17 28 -13 -8 -4 25 -11 -12 -23 27 -2 -5 -14
right_child=4 13 21 18 9 6 7 8 -10 10 24 19 29 14 -16 16 -18 -19 -20 -21 -22 22 -24 -25 -26 -27 -28 -29 -30 -31
leaf_value=0 -3.3488567546071942e-05 0.00013356913317693397 0.00014639577856238853 0 8.2560017610656079e-05 0 0.00029834499015123583 -0.00027750575850483456 0 -9.9864342551551419e-05 0 0.00024270147905106149 -0.00015681825687352105 0 -0.00040986723264664301 0 0 -0.00018619853513696029 0 0 0 -0.00028048913789461947 0 0 0.00021146894035273755 0 -0.00014239764038989207 5.2468033192864879e-05 0.00032720909912566879 -0.00045759626885714981
leaf_weight=48 187 27 35 22 51 75 21 80 22 109 20 198 113 65 30 47 53 184 28 31 35 23 36 26 22 29 28 238 114 42
leaf_count=48 187 27 35 22 51 75 21 80 22 109 20 198 113 65 30 47 53 184 28 31 35 23 36 26 22 29 28 238 114 42
internal_value=0 6.99302e-05 0.00012123 0.000192159 -1.9867e-05 0 8.07218e-05 -3.96591e-05 -0.000173473 -9.31771e-05 -0.000135355 0.000159606 -0.000184095 -3.01238e-05 -0.000129637 -4.47745e-05 -0.000105818 -0.000144352 0.000253222 0.000213372 0.000115122 0 -6.14259e-05 -4.42475e-05 8.1359e-05 -0.000153831 0 2.92021e-06 0.000295074 -0.000272782
internal_weight=2039 457 335 212 1582 1199 462 158 102 383 332 304 290 122 95 737 284 231 164 229 56 123 88 135 42 52 453 425 136 155
internal_count=2039 457 335 212 1582 1199 462 158 102 383 332 304 290 122 95 737 284 231 164 229 56 123 88 135 42 52 453 425 136 155
is_linear=0
shrinkage=0.05


end of trees

feature_importances:
VIX=7
Ret_Lag_10=6
Ret_Lag_2=5
Return=4
Rolling_Std_20=4
US_10Y_Yield=4
Ret_Lag_1=2
Ret_Lag_5=2
Daily_Range_Pct=2
Close_to_MA_5=2
Close_to_EMA_20=2
RSI_14=2
MACD_Pct=2
Volume_to_MA_10=2
Global_Industrial_Production_Index=2
Close_to_MA_10=1
Close_to_MA_50=1
Rolling_Std_10=1
China_PMI=1

parameters:
[boosting: gbdt]
[objective: regression]
[metric: l2]
[tree_learner: serial]
[device_type: cpu]
[data_sample_strategy: bagging]
[data: ]
[valid: ]
[num_iterations: 200]
[learning_rate: 0.05]
[num_leaves: 31]
[num_threads: 20]
[seed: 42]
[deterministic: 0]
[force_col_wise: 0]
[force_row_wise: 0]
[histogram_pool_size: -1]
[max_depth: 6]
[min_data_in_leaf: 20]
[min_sum_hessian_in_leaf: 0.001]
[bagging_fraction: 0.8]
[pos_bagging_fraction: 1]
[neg_bagging_fraction: 1]
[bagging_freq: 0]
[bagging_seed: 400]
[bagging_by_query: 0]
[feature_fraction: 0.8]
[feature_fraction_bynode: 1]
[feature_fraction_seed: 30056]
[extra_trees: 0]
[extra_seed: 12879]
[early_stopping_round: 0]
[early_stopping_min_delta: 0]
[first_metric_only: 0]
[max_delta_step: 0]
[lambda_l1: 0.1]
[lambda_l2: 1]
[linear_lambda: 0]
[min_gain_to_split: 0]
[drop_rate: 0.1]
[max_drop: 50]
[skip_drop: 0.5]
[xgboost_dart_mode: 0]
[uniform_drop: 0]
[drop_seed: 17869]
[top_rate: 0.2]
[other_rate: 0.1]
[min_data_per_group: 100]
[max_cat_threshold: 32]
[cat_l2: 10]
[cat_smooth: 10]
[max_cat_to_onehot: 4]
[top_k: 20]
[monotone_constraints: ]
[monotone_constraints_method: basic]
[monotone_penalty: 0]
[feature_contri: ]
[forcedsplits_filename: ]
[refit_decay_rate: 0.9]
[cegb_tradeoff: 1]
[cegb_penalty_split: 0]
[cegb_penalty_feature_lazy: ]
[cegb_penalty_feature_coupled: ]
[path_smooth: 0]
[interaction_constraints: ]
[verbosity: -1]
[saved_feature_importance_type: 0]
[use_quantized_grad: 0]
[num_grad_quant_bins: 4]
[quant_train_renew_leaf: 0]
[stochastic_rounding: 1]
[linear_tree: 0]
[max_bin: 255]
[max_bin_by_feature: ]
[min_data_in_bin: 3]
[bin_construct_sample_cnt: 200000]
[data_random_seed: 175]
[is_enable_sparse: 1]
[enable_bundle: 1]
[use_missing: 1]
[zero_as_missing: 0]
[feature_pre_filter: 1]
[pre_partition: 0]
[two_round: 0]
[header: 0]
[label_column: ]
[weight_column: ]
[group_column: ]
[ignore_column: ]
[categorical_feature: ]
[forcedbins_filename: ]
[precise_float_parser: 0]
[parser_config_file: ]
[objective_seed: 16083]
[num_class: 1]
[is_unbalance: 0]
[scale_pos_weight: 1]
[sigmoid: 1]
[boost_from_average: 1]
[reg_sqrt: 0]
[alpha: 0.9]
[fair_c: 1]
[poisson_max_delta_step: 0.7]
[tweedie_variance_power: 1.5]
[lambdarank_truncation_level: 30]
[lambdarank_norm: 1]
[label_gain: ]
[lambdarank_position_bias_regularization: 0]
[eval_at: ]
[multi_error_top_k: 1]
[auc_mu_weights: ]
[num_machines: 1]
[local_listen_port: 12400]
[time_out: 120]
[machine_list_filename: ]
[machines: ]
[gpu_platform_id: -1]
[gpu_device_id: -1]
[gpu_device_id_list: ]
[gpu_use_dp: 0]
[num_gpu: 1]

end of parameters

pandas_categorical:[]
