tree
version=v4
num_class=1
num_tree_per_iteration=1
label_index=0
max_feature_idx=24
objective=regression
feature_names=Return Log_Return Ret_Lag_1 Ret_Lag_2 Ret_Lag_3 Ret_Lag_5 Ret_Lag_10 Daily_Range_Pct Close_to_MA_5 Close_to_MA_10 Close_to_MA_20 Close_to_MA_50 Close_to_EMA_10 Close_to_EMA_20 Rolling_Std_10 Rolling_Std_20 RSI_14 MACD_Pct Volume_to_MA_10 Global_Industrial_Production_Index USD_Index US_10Y_Yield VIX CPI_Inflation China_PMI
feature_infos=[-0.066940172742521994:0.074641947929079799] [-0.069285956656344794:0.071987534405050499] [-0.066940172742521994:0.074641947929079799] [-0.066940172742521994:0.074641947929079799] [-0.066940172742521994:0.074641947929079799] [-0.066940172742521994:0.074641947929079799] [-0.066940172742521994:0.074641947929079799] [0:0.092802595159413206] [0.91318316788809784:1.0730283848102866] [0.87986156167578455:1.1066018538739253] [0.85692473313438489:1.1552927409995728] [0.79659082927529956:1.1777746655552006] [0.89466740749189477:1.0920323555297982] [0.8686804240890813:1.1281657463110899] [0.0024529130098374001:0.036179077589099801] [0.0057965333731078003:0.029331550672483601] [13.140122716746744:90.832403572489085] [-0.0188041687703022:0.016289486570868299] [0.030548428479792201:9.6792988700484308] [84.561899999999994:104.10039999999999] [88.589996337890597:114.11000061035099] [0.52000000000000002:4.25] [9.1400003433227504:82.690002441406193] [0.0088000000000000005:8.9794] [48:52.100000000000001]
tree_sizes=2684 2681 2751 2784 1916 2855 2608 2700 2267 2859 2904 2883 2871

Tree=0
num_leaves=30
num_cat=0
split_feature=19 22 21 15 19 22 19 21 24 20 19 24 24 19 21 20 13 22 16 19 20 16 11 17 21 20 17 20 8
split_gain=2.44061 0.906335 0.700259 0.570917 0.409444 0.377722 0.434532 0.270865 0.261066 0.252319 0.242016 0.183044 0.171642 0.323161 0.134592 0.09771 0.0968919 0.0997116 0.0952367 0.0858138 0.0890142 0.0681374 0.0593006 0.0589488 0.0388254 0.0353204 0.0189537 0.017613 0.0150554
threshold=100.18585 21.449999809265105 3.6500000000000004 0.0097282985083700022 98.805550000000011 11.555000305175751 103.38335000000002 1.8250000000000004 51.650000000000013 106.42000198364201 101.02135000000001 49.95000000000001 51.150000000000013 93.309500000000014 2.8150000000000004 98.215000152587862 1.027049197172538 16.595000267028755 53.055794016897437 99.54525000000001 92.954998016357365 68.563412970306018 0.99512159251524823 0.0017651902238679002 3.0050000000000003 93.13499832153316 0.00018120625177780002 97.655002593994126 1.0047180945456464
decision_type=2 2 2 2 2 2 2 2 2 2 2 2 2 2 2 2 2 2 2 2 2 2 2 2 2 2 2 2 2
left_child=1 3 5 4 -1 10 7 11 19 -9 -2 -7 13 27 -8 23 17 -10 -6 22 -21 -14 -5 -15 -16 -12 -27 -3 -4
right_child=2 12 28 8 18 6 14 9 16 -11 25 -13 21 15 24 -17 -18 -19 -20 20 -22 -23 -24 -25 -26 26 -28 -29 -30
leaf_value=0.017150144306976943 0.016163690215460706 0.01560839353632342 0.015615515791171153 0.012783345286933378 0.012097866099568887 0.012998106880665388 0.014822091536329508 0.010792167577190977 0.013795475715228538 0.012978688480908853 0.011798433255438357 0.011212316102292293 0.016599859428348823 0.013921919047409154 0.013251411860170099 0.01524972878394629 0.012613465641788699 0.015995130145542505 0.014579800053998501 0.01225510280398546 0.014184758814874908 0.014518835369531661 0.011793607585764558 0.01243567520974188 0.012075294332134071 0.013643586051518899 0.012603114523741887 0.017823621662500184 0.014073696991836124
leaf_weight=53 22 20 36 93 25 120 32 554 89 49 26 86 99 81 42 42 35 26 27 39 43 26 161 30 54 29 27 24 20
leaf_count=53 22 20 36 93 25 120 32 554 89 49 26 86 99 81 42 42 35 26 27 39 43 26 161 30 54 29 27 24 20
internal_value=0.0128779 0.0140231 0.0119246 0.0133177 0.0153126 0.0117463 0.0115551 0.0112978 0.0128779 0.0109747 0.013437 0.0122626 0.0153032 0.0147005 0.0131576 0.0140071 0.0139191 0.0143412 0.0133378 0.0124181 0.0132344 0.0162073 0.0121424 0.0134931 0.0126193 0.0127108 0.0130933 0.0169664 0.0151481
internal_weight=2010 913 1097 591 105 1041 937 809 486 603 104 206 322 197 128 153 150 115 52 336 82 125 254 111 96 82 56 44 56
internal_count=2010 913 1097 591 105 1041 937 809 486 603 104 206 322 197 128 153 150 115 52 336 82 125 254 111 96 82 56 44 56
is_linear=0
shrinkage=1


Tree=1
num_leaves=29
num_cat=0
split_feature=19 22 23 23 15 21 23 19 15 24 19 23 13 22 17 23 24 13 19 20 15 22 19 19 13 9 9 22
split_gain=2.29805 0.854618 0.852236 0.634818 0.537839 0.502511 0.396972 0.385547 0.382512 0.245995 0.206163 0.192444 0.0915823 0.0938357 0.090707 0.0839326 0.116582 0.0814963 0.0807838 0.0839424 0.0796308 0.0526928 0.0496098 0.026759 0.0155946 0.00275221 0.000972052 0.000517935
threshold=100.18585 21.449999809265105 8.5004000000000008 0.21195000000000003 0.0097282985083700022 3.6750000000000003 1.7667500000000003 98.805550000000011 0.012384195866547603 51.650000000000013 101.03525 1.3824000000000003 1.027049197172538 16.595000267028755 -0.0032657588580748994 0.27715000000000006 51.45000000000001 1.0018644484139878 99.54525000000001 92.954998016357365 0.017712056141269153 29.550000190734853 99.238900000000015 93.309500000000014 1.027049197172538 1.0113041925962907 1.00000976624204 22.039999961853002
decision_type=2 2 2 2 2 2 2 2 2 2 2 2 2 2 2 2 2 2 2 2 2 2 2 2 2 2 2 2
left_child=1 4 3 27 7 6 10 -1 -8 18 -5 15 13 -11 -13 -3 23 -9 22 -20 -4 25 -6 -17 -18 -16 -7 -2
right_child=2 11 20 5 9 26 8 17 -10 12 -12 14 -14 -15 21 16 24 -19 19 -21 -22 -23 -24 -25 -26 -27 -28 -29
leaf_value=0.0041464493638939332 -0.0039105914304865168 0.0048809916038404805 -0.0050500452376224777 0.0031915013349574544 -0.00053935770057135025 0.0027653404409997166 -0.0016594078342036735 -0.00078757914435118438 -0.00025989063374704289 0.00089035335511968385 0.00014253893332076179 0.0026652667066067804 -0.00025672263240752123 0.0030271758962836532 0.0014099647886323509 0.0028500970564782615 0.0037028908774063185 0.0015160218203440308 -0.00060458132189232852 0.0012685431756544858 -0.0023809279891848561 -0.00058797123755461407 -0.001904932312760502 0.0014108917377223926 0.0020697047624059699 0.00057324226298190368 0.0015500387776664862 -0.0023897736407816408
leaf_weight=53 46 21 43 22 225 29 376 23 341 89 173 29 35 26 31 23 76 29 39 43 24 20 29 76 21 25 23 20
leaf_count=53 46 21 43 22 225 29 376 23 341 89 173 29 35 26 31 23 76 29 39 43 24 20 29 76 21 25 23 20
internal_value=0 0.00111205 -0.000924244 -0.000705233 0.000426859 -0.000504779 -0.000671712 0.00236309 -0.000999275 0 0.000516359 0.00235515 0.00101075 0.00142125 0.00123239 0.00287651 0.00262283 0.000444882 -0.000446321 0.000344972 -0.00418714 0.000619166 -0.000713893 0.00180041 0.00340465 0.00110567 0.0023238 -0.00353706
internal_weight=2010 913 1097 1030 591 964 912 105 717 486 195 322 150 115 105 217 196 52 336 82 67 76 254 99 97 56 52 66
internal_count=2010 913 1097 1030 591 964 912 105 717 486 195 322 150 115 105 217 196 52 336 82 67 76 254 99 97 56 52 66
is_linear=0
shrinkage=0.03


Tree=2
num_leaves=30
num_cat=0
split_feature=19 22 23 23 15 19 20 23 15 24 19 23 23 10 22 16 17 23 24 22 15 20 23 15 19 19 23 10 19
split_gain=2.16604 0.806703 0.803926 0.599059 0.506694 0.363063 0.345946 0.404854 0.269912 0.231834 0.194428 0.181008 0.16036 0.0970552 0.0902469 0.0854478 0.0852986 0.0787342 0.10924 0.0782673 0.0741152 0.058333 0.0505937 0.0498518 0.024986 0.0208641 0.0132596 0.0117159 0.00362317
threshold=100.18585 21.449999809265105 8.5004000000000008 0.21195000000000003 0.0097282985083700022 98.805550000000011 105.65999984741151 1.7667500000000003 0.012384195866547603 51.650000000000013 101.03525 1.3824000000000003 8.2073500000000017 1.020975936710143 16.595000267028755 53.055794016897437 -0.0032657588580748994 0.27715000000000006 51.45000000000001 18.404999732971152 0.017712056141269153 93.084999084472614 1.6552000000000002 0.011723797166507352 93.309500000000014 101.27910000000001 2.5012000000000003 1.0240658728870125 99.238900000000015
decision_type=2 2 2 2 2 2 2 2 2 2 2 2 2 2 2 2 2 2 2 2 2 2 2 2 2 2 2 2 2
left_child=1 4 3 -2 5 -1 7 10 -9 19 -5 17 25 14 -11 -7 -13 -3 24 23 -4 -21 -18 -6 -19 -8 -15 -20 -24
right_child=2 11 20 6 9 15 12 8 -10 13 -12 16 -14 26 -16 -17 22 18 27 21 -22 -23 28 -25 -26 -27 -28 -29 -30
leaf_value=0.0040243596053785744 -0.0034351129753501224 0.0047412176687609059 -0.0049019870485433126 0.0030999191351558848 0 -0.00074013122457724351 0.002482701544713398 -0.0015664039684547106 -0.0003300225309385084 0.00091415743621160511 0.00013828732212324871 0.002587973986379802 -0.00034217655630065845 0.00036033314958457715 0.0030855292013058293 0.0016088092319800384 -0.00032439265448318049 0.0027681567119434473 0.0036959963230924174 -0.00084652069403922986 -0.0023123572196066377 0.00098279903568730394 0.0016341959340092926 -0.00092214863734770914 0.0013691146838858226 0.00096546142718390276 -0.00059904632115593322 0.0023325404563749375 0.00067067558007935686
leaf_weight=53 66 21 43 22 71 25 43 380 286 78 173 29 38 22 25 27 28 23 65 20 24 51 22 194 76 22 25 32 26
leaf_count=53 66 21 43 22 71 25 43 380 286 78 173 29 38 22 25 27 28 23 65 20 24 51 22 194 76 22 25 32 26
internal_value=0 0.00108012 -0.000896817 -0.000684005 0.000414243 0.00229357 -0.000489178 -0.000688116 -0.00104125 0 0.000501837 0.00228793 0.00113557 0.000981157 0.00149464 0.00043025 0.00119742 0.00279392 0.00254704 -0.000433357 -0.00406612 0.000421231 0.000601135 -0.000674323 0.00174858 0.00203704 -8.93238e-05 0.0033052 0.00119785
internal_weight=2010 913 1097 1030 591 105 964 861 666 486 195 322 103 150 103 52 105 217 196 336 67 71 76 265 99 65 47 97 48
internal_count=2010 913 1097 1030 591 105 964 861 666 486 195 322 103 150 103 52 105 217 196 336 67 71 76 265 99 65 47 97 48
is_linear=0
shrinkage=0.03


Tree=3
num_leaves=30
num_cat=0
split_feature=19 21 21 15 19 19 24 21 21 20 24 24 19 24 20 24 21 20 19 11 16 11 13 24 24 21 8 10 20
split_gain=2.04218 0.655143 0.592699 0.406922 0.354158 0.303105 0.21635 0.367074 0.251175 0.265783 0.205956 0.192714 0.253989 0.158628 0.143217 0.134668 0.124062 0.123964 0.0894802 0.0816487 0.08066 0.0778959 0.065328 0.0500924 0.199334 0.0358814 0.0140043 0.00682017 0.000698286
threshold=100.18585 1.2650000000000003 3.6500000000000004 0.0097282985083700022 98.805550000000011 103.38335000000002 50.250000000000007 2.4250000000000003 1.8150000000000002 106.42000198364201 49.95000000000001 51.650000000000013 99.54525000000001 50.600000000000001 93.084999084472614 51.350000000000001 2.8150000000000004 94.354999542236314 98.488550000000018 1.0277908061573675 53.055794016897437 1.0968748409569942 1.0248708863042124 50.850000000000001 51.45000000000001 3.0050000000000003 1.0047180945456464 0.98782945043234804 95.944999694824162
decision_type=2 2 2 2 2 2 2 2 2 2 2 2 2 2 2 2 2 2 2 2 2 2 2 2 2 2 2 2 2
left_child=1 13 5 4 -3 6 8 17 10 -10 -2 12 19 -1 -14 -9 -7 -8 -13 -5 -6 23 -20 -15 -25 27 -4 -18 -27
right_child=2 3 26 11 20 16 7 15 9 -11 -12 18 14 21 -16 -17 25 -19 22 -21 -22 -23 -24 24 -26 28 -28 -29 -30
leaf_value=-3.782157862389629e-05 0.00013723468923635665 0.0039823929379992897 0.0025400244212218535 -0.00021941778725397004 -0.00071878128355512257 0.0018937759072604502 -0.00012887029359251971 -0.00033791300513638325 -0.0021783722391385588 0.00010290119178593157 -0.0019974611450626978 0.0025779986158614193 -0.00038665188535815106 0.0038565412832553998 0.0017816629022565464 -0.0021798536981808229 0.00076349701479609526 0.0017448862964353923 0.0010698834650419568 -0.0013055847455870431 0.0015622686667234767 0.00088399530956521628 -0.00049686094851971699 0.00095642912944255884 0.0032165816252658127 -0.0003328156904038042 0.0010660113601812294 0 -0.00095797566826184898
leaf_weight=21 119 52 36 173 25 32 67 64 400 49 59 30 39 42 76 96 20 55 98 105 27 29 28 60 108 24 20 26 30
leaf_count=21 119 52 36 173 25 32 67 64 400 49 59 30 39 42 76 96 20 55 98 105 27 29 28 60 108 24 20 26 30
internal_value=3.6248e-07 0.00104942 -0.000870164 0.000534711 0.00224878 -0.00103436 -0.00122991 -0.000521059 -0.00154261 -0.00192307 -0.000560779 0.000201052 -0.000146824 0.00232363 0.00102347 -0.00146839 0.000288826 0.000698784 0.00109189 -0.000643623 0.000416136 0.00254292 0.000696925 0.00275252 0.00243757 -0.000208721 0.00209416 0.000360358 -0.000745775
internal_weight=2010 913 1097 653 104 1041 909 282 627 449 178 549 393 260 115 160 132 122 156 278 52 239 126 210 168 100 56 46 54
internal_count=2010 913 1097 653 104 1041 909 282 627 449 178 549 393 260 115 160 132 122 156 278 52 239 126 210 168 100 56 46 54
is_linear=0
shrinkage=0.03


Tree=4
num_leaves=20
num_cat=0
split_feature=21 23 23 23 24 21 15 22 13 23 11 18 15 11 22 24 8 15 22
split_gain=1.63897 0.995549 0.765709 0.486356 0.823884 0.445876 0.305709 0.209835 0.20893 0.185391 0.110622 0.0866115 0.069822 0.0400951 0.0314433 0.0613229 0.012766 0.0120093 0.00242733
threshold=1.1950000000000001 8.5004000000000008 0.23350000000000001 1.7358000000000002 50.350000000000001 3.5600000000000001 0.012146858502606 18.865000724792452 1.0413483572514004 1.3824000000000003 1.079047468442111 0.51218077638143866 0.017712056141269153 0.93620321621072322 24.729999542236254 51.45000000000001 1.0086394884779442 0.010387661296241102 22.039999961853002
decision_type=2 2 2 2 2 2 2 2 2 2 2 2 2 2 2 2 2 2 2
left_child=9 2 13 4 7 6 -5 -4 -6 10 14 -11 -3 -2 15 -1 -7 -12 -15
right_child=1 12 3 5 8 16 -8 -9 -10 11 17 -13 -14 18 -16 -17 -18 -19 -20
leaf_value=0.00079313511570746243 -0.0013965920375295631 -0.0046946504349735648 -0.00037562552939670311 -0.0011048974229381995 0.0036630846055845418 0.0021747098546087119 -7.1858047527113879e-05 0.0013310944996381634 0.00061709436581980793 -0.00075298449615365825 0.0008193052243441343 0.0015679658030134599 -0.0021832413884997365 -0.0036432448457926511 0.0036114237062800469 0.0031586612639102067 0.00088850121090019291 0.0020471440763212738 -0.0021611091075964001
leaf_weight=21 22 43 261 458 89 53 604 85 30 21 32 36 24 47 88 32 21 23 20
leaf_count=21 22 43 261 458 89 53 604 85 30 21 32 36 24 47 88 32 21 23 20
internal_value=7.06065e-07 -0.000323265 -0.000178092 -2.4827e-05 0.000789416 -0.000361162 -0.000520811 3.76376e-05 0.00293173 0.0022548 0.0026968 0.000662915 -0.00388449 -0.0028709 0.00316269 0.00230898 0.00186642 0.00141372 -0.00328322
internal_weight=2010 1757 1690 1601 465 1136 1062 346 119 253 196 57 67 89 141 53 74 55 67
internal_count=2010 1757 1690 1601 465 1136 1062 346 119 253 196 57 67 89 141 53 74 55 67
is_linear=0
shrinkage=0.03


Tree=5
num_leaves=31
num_cat=0
split_feature=19 23 22 23 14 22 23 23 19 23 23 23 23 23 22 11 23 11 22 17 23 23 22 22 11 11 23 17 3 12
split_gain=1.83171 0.695716 0.682168 0.515116 0.352332 0.273039 0.36665 0.235313 0.172226 0.150463 0.143498 0.164832 0.136 0.162555 0.128814 0.121148 0.0996973 0.0914033 0.0800286 0.0792103 0.0686459 0.0539628 0.0458926 0.0450949 0.0426288 0.0324333 0.019632 0.00485057 0.00460977 0.00393094
threshold=100.18585 8.5004000000000008 21.449999809265105 0.21195000000000003 0.0091411697074750015 20.144999504089302 1.7667500000000003 8.2073500000000017 101.03525 1.3824000000000003 1.1741500000000002 2.1743500000000004 1.5337500000000002 1.8413000000000002 11.934999942779502 0.92664820454485064 7.0124500000000003 1.0757743070355275 16.430000305175753 -0.0032657588580748994 0.27715000000000006 8.555200000000001 18.865000724792452 29.550000190734853 0.99543700427391302 1.0989520845310121 1.1741500000000002 -9.1965729867585428e-05 0.0030586351972354008 1.0106973601201035
decision_type=2 2 2 2 2 2 2 2 2 2 2 2 2 2 2 2 2 2 2 2 2 2 2 2 2 2 2 2 2 2
left_child=2 3 4 -2 12 6 8 16 -5 20 22 17 -1 -14 -8 -9 -7 -12 -13 -11 -4 -3 24 29 -6 26 -22 -23 -15 -21
right_child=1 21 9 5 10 7 14 15 -10 19 11 18 13 28 -16 -17 -18 -19 -20 23 25 27 -24 -25 -26 -27 -28 -29 -30 -31
leaf_value=0 -0.00317684057858293 -0.0052416467945212908 0.0043915912359952921 0.00285577961154606 -0.00029525111276889216 0.00019743182724435104 -0.00011681305781976149 0.00028236015420407057 4.5849730962225672e-05 0.0024440769935958088 0.0023366627537179737 -0.0006514388703809643 0.0034843137552434547 0.0012149344539003713 -0.0013616835944173648 -0.0024064292585211141 0.0015716742745831072 0.00042320422238213413 0.00049180492524986748 0.0012925269877596291 0.0018707057830952443 -0.0018861941296075071 0.00046850629796140966 -0.0005809824056819447 -0.0014639529889219835 0.00087172203244907523 0.002823086662709506 -0.0034749875363822165 0.0002778419161384756 0.0004518032717572239
leaf_weight=31 66 22 21 22 59 105 97 23 151 29 47 112 52 20 436 34 96 52 105 31 69 20 20 20 72 20 107 25 21 25
leaf_count=31 66 22 21 22 59 105 97 23 151 29 47 112 52 20 436 34 96 52 105 31 69 20 20 20 72 20 107 25 21 25
internal_value=7.93608e-07 -0.000823575 0.0009944 -0.000625381 0.000381568 -0.000444476 -0.000750851 0.000381976 0.000434782 0.00210524 0 0.000366272 0.0017962 0.00236484 -0.00114139 -0.00128359 0.000873169 0.0013759 -8.47765e-05 0.00110594 0.00256772 -0.00377232 -0.000754901 0.000531261 -0.000966543 0.00233578 0.00247934 -0.00289043 0.000824432 0.000984346
internal_weight=2010 1097 913 1030 591 964 706 258 173 322 467 316 124 93 533 57 201 99 217 105 217 67 151 76 131 196 176 45 41 56
internal_count=2010 1097 913 1030 591 964 706 258 173 322 467 316 124 93 533 57 201 99 217 105 217 67 151 76 131 196 176 45 41 56
is_linear=0
shrinkage=0.03


Tree=6
num_leaves=28
num_cat=0
split_feature=19 23 19 23 23 23 23 15 23 19 24 20 20 15 23 11 17 15 11 19 19 15 11 19 11 11 20
split_gain=1.72745 0.657659 0.515632 0.486373 0.391699 0.528349 0.353522 0.349549 0.335372 0.190959 0.172707 0.161829 0.128139 0.121903 0.118736 0.0822665 0.0733788 0.0633745 0.0608465 0.075617 0.057593 0.0416738 0.0325029 0.0300449 0.0255656 0.0194181 0.00647447
threshold=100.18585 8.5004000000000008 97.244700000000009 0.23350000000000001 1.2339500000000003 1.9056500000000003 1.6705000000000003 0.012720827447150852 2.3367000000000004 98.356050000000025 51.850000000000001 105.65999984741151 91.319999694824162 0.0096205342077297518 1.2593000000000003 1.079047468442111 -0.0015371130846680997 0.017712056141269153 1.0341049439973313 99.481550000000013 101.03525 0.013262320011272951 0.93620321621072322 103.38335000000002 0.99175507194884649 1.0364235512686573 96.395000457763658
decision_type=2 2 2 2 2 2 2 2 2 2 2 2 2 2 2 2 2 2 2 2 2 2 2 2 2 2 2
left_child=2 3 14 22 18 9 20 8 -8 21 12 -9 -7 -11 15 -1 -12 -3 19 24 -5 -6 -2 -22 -4 -16 -20
right_child=1 17 4 6 5 10 7 11 -10 13 16 -13 -14 -15 25 -17 -18 -19 26 -21 23 -23 -24 -25 -26 -27 -28
leaf_value=0.0033739436371546042 -0.0013494245969366443 -0.0044394644368439913 0.00042077967930041868 0.0027738312068192853 -0.00048123219928571153 -0.0017073367825576236 -0.00047318467240184208 -0.00026992871110421366 -0.0021038353657527632 0.0038066821265679137 0.0031045085477828973 0.0011411197447031736 0.00023111589166759344 0.0019207579576399889 0.0019723469200120733 0.0014616502773163742 0.00043331840953656609 -0.0020393498848378655 -0.0020101727517321706 -0.0018644298158734189 0.00027139637276663313 0.0012710547176375982 -0.0030989706109907918 0.0017353397766128181 -0.0004040726549102969 0.00064818840636059552 -0.0007798758715923343
leaf_weight=94 22 43 71 22 20 34 300 267 189 64 24 99 248 88 21 37 20 24 23 21 41 24 67 23 62 42 20
leaf_count=94 22 43 71 22 20 34 300 267 189 64 24 99 248 88 21 37 20 24 23 21 41 24 67 23 62 42 20
internal_value=1.22285e-06 -0.000799297 0.000966179 -0.000606506 0.00058855 0.00102018 -0.000400787 -0.000588068 -0.00111257 0.002249 0.000267595 0.000105643 0 0.00275413 0.00234016 0.00287172 0.00199361 -0.00366647 -0.000539391 -0.000233406 0.00141201 0.0004149 -0.00271963 0.000862258 1.37281e-05 0.00116037 -0.00153685
internal_weight=2010 1097 913 1030 719 522 941 855 489 196 326 366 282 152 194 131 44 67 197 154 86 44 89 64 133 63 43
internal_count=2010 1097 913 1030 719 522 941 855 489 196 326 366 282 152 194 131 44 67 197 154 86 44 89 64 133 63 43
is_linear=0
shrinkage=0.03


Tree=7
num_leaves=29
num_cat=0
split_feature=19 23 21 23 21 23 15 19 15 24 19 23 18 19 21 17 19 16 16 15 24 19 9 10 21 10 9 14
split_gain=1.62753 0.620378 0.513665 0.45865 0.366111 0.406555 0.324857 0.293788 0.284113 0.169808 0.22124 0.143445 0.135334 0.106724 0.103923 0.0806332 0.0669015 0.0638984 0.0626491 0.0589244 0.0565216 0.029699 0.0295385 0.0233646 0.0117914 0.00721901 0.00243655 0.00232167
threshold=100.18585 8.5004000000000008 1.2650000000000003 0.23350000000000001 3.6750000000000003 1.7667500000000003 0.0097282985083700022 98.805550000000011 0.012384195866547603 51.650000000000013 99.54525000000001 1.2593000000000003 0.30096309579022523 101.03525 1.7050000000000003 -0.0035877677925420493 99.238900000000015 53.055794016897437 65.218556109173633 0.017712056141269153 51.45000000000001 100.69815000000001 1.0221587821889884 0.98983825778759427 2.2150000000000003 1.0135844362403763 1.00000976624204 0.0085010982329377007
decision_type=2 2 2 2 2 2 2 2 2 2 2 2 2 2 2 2 2 2 2 2 2 2 2 2 2 2 2 2
left_child=2 3 11 21 5 13 7 27 -7 10 16 18 -13 -5 -12 24 -8 -9 -1 -3 23 -2 -17 -14 -11 -22 -6 -4
right_child=1 19 6 4 26 8 9 17 -10 15 14 12 20 -15 -16 22 -18 -19 -20 -21 25 -23 -24 -25 -26 -27 -28 -29
leaf_value=0.003282013293231527 -0.0033219231923421223 -0.0043093073335899543 0.0028211318494921378 0.0026942343802555746 0.0024457598250359294 -0.0014201340073591777 -0.00041663659234189072 -0.0006624721050835573 -0.00021252421510871498 0.0027508955944086544 -0.00026582872072378032 -0.00062599673183074626 0.0016661577264053952 0.0004433387473012808 0.0015812598472335737 0.00084737545808624963 -0.0018824156817281615 0.0013656613319846134 0.0016174233781361983 -0.0019806165973842143 0.0030565598398447037 -0.00185131896393242 -0.00016264073510551083 0.00028049768498467824 0.0012696626824685012 0.0015595315630946838 0.0012852769253076984 0.004489990474922316
leaf_weight=89 44 43 32 22 29 376 245 25 341 22 38 24 26 150 77 77 33 27 42 24 29 45 32 30 25 20 23 20
leaf_count=89 44 43 32 22 29 376 245 25 341 22 38 24 26 150 77 77 33 27 42 24 29 45 32 30 25 20 23 20
internal_value=1.2838e-06 -0.000775697 0.000937961 -0.000588351 -0.000388474 -0.000535014 0.000481479 0.00201335 -0.000851078 0.000182702 -0.000143461 0.0020667 0.00129599 0.000762494 0.000948025 0.00101917 -0.000607508 0.000339891 0.00278735 -0.00356066 0.00176536 -0.00264052 0.000524801 0.000994416 0.00206837 0.00254894 0.00202301 0.00359221
internal_weight=2010 1097 913 1030 941 889 653 104 717 549 393 260 129 172 115 156 278 52 131 67 105 89 109 56 47 49 52 52
internal_count=2010 1097 913 1030 941 889 653 104 717 549 393 260 129 172 115 156 278 52 131 67 105 89 109 56 47 49 52 52
is_linear=0
shrinkage=0.03


Tree=8
num_leaves=24
num_cat=0
split_feature=19 23 24 23 21 19 15 23 19 23 24 21 19 24 12 11 15 19 11 23 11 15 15
split_gain=1.53432 0.695707 0.612602 0.524902 0.421144 0.326484 0.246638 0.555922 0.243072 0.255231 0.191401 0.118953 0.116974 0.100593 0.139608 0.0838285 0.0547568 0.0339933 0.0293435 0.021046 0.0172358 0.00482864 0.00300982
threshold=98.882750000000016 8.5004000000000008 50.350000000000001 0.23350000000000001 2.2950000000000004 101.02135000000001 0.012384195866547603 2.5551000000000008 99.54525000000001 1.8413000000000002 50.850000000000001 3.3950000000000005 99.238900000000015 51.45000000000001 1.016274530984566 0.95871117028491271 0.017712056141269153 98.805550000000011 0.93620321621072322 2.8090000000000006 1.0650758395265187 0.013012955368944052 0.015222605741773702
decision_type=2 2 2 2 2 2 2 2 2 2 2 2 2 2 2 2 2 2 2 2 2 2 2
left_child=2 3 15 18 10 8 7 -7 12 -10 20 -8 -5 22 -15 -1 -3 21 -2 -6 -4 -17 -12
right_child=1 16 4 5 19 6 11 -9 9 -11 13 -13 -14 14 -16 17 -18 -19 -20 -21 -22 -23 -24
leaf_value=0.00081004495856254097 -0.0012537408230583304 -0.0041829663946462625 0.003992213417901032 -0.00010936233732688303 0 -0.00049947911261108717 -0.00016045449333614668 -0.0031219115046964541 0.0024877462067574158 0.00041094873771892421 0.0011087854321312242 0.0016706910268403589 -0.0019408736061304807 0.0029645618686195588 0.0010495565013145095 -0.00064176728010177609 -0.0019235749221593141 -1.5637572487401333e-05 -0.0029253963952411569 -0.0012233055543952754 0.0022208731429917473 -0.0015911101463328425 0.00034124193260712282
leaf_weight=37 22 43 66 132 31 357 275 92 64 334 60 35 42 115 59 24 24 36 67 20 20 35 20
leaf_count=37 22 43 66 132 31 357 275 92 64 334 60 35 42 115 59 24 24 36 67 20 20 35 20
internal_value=1.66813e-06 -0.000488458 0.0013992 -0.000343903 0.00199567 -0.000191384 -0.000600384 -0.00104923 0.000346193 0.000757823 0.00237766 4.13487e-05 -0.000577159 0.00192417 0.00234207 -0.000346775 -0.00345794 -0.00083232 -0.00256403 -0.000489988 0.00364502 -0.00127207 0.000960518
internal_weight=2010 1487 523 1420 391 1331 759 449 572 398 340 310 174 254 174 132 67 95 89 51 86 59 80
internal_count=2010 1487 523 1420 391 1331 759 449 572 398 340 310 174 254 174 132 67 95 89 51 86 59 80
is_linear=0
shrinkage=0.03


Tree=9
num_leaves=31
num_cat=0
split_feature=19 22 23 23 15 21 23 15 19 24 23 19 10 21 17 22 16 23 24 15 20 15 21 11 15 23 10 12 19 9
split_gain=1.44789 0.556326 0.551732 0.407642 0.341102 0.333556 0.376023 0.252048 0.250823 0.169821 0.116758 0.0926486 0.0835292 0.0690037 0.0671082 0.0607539 0.0569153 0.0565899 0.0699846 0.0508544 0.0468723 0.0427155 0.0415716 0.0270736 0.0214473 0.0102348 0.00979035 0.00663484 0.00456276 0.00298018
threshold=100.18585 21.449999809265105 8.5004000000000008 0.23350000000000001 0.0097282985083700022 3.6750000000000003 1.7667500000000003 0.012384195866547603 98.805550000000011 51.650000000000013 1.3824000000000003 101.03525 1.020975936710143 2.0550000000000002 -0.0032657588580748994 18.404999732971152 53.055794016897437 0.27715000000000006 51.45000000000001 0.017712056141269153 93.084999084472614 0.011723797166507352 1.1250000000000002 0.93620321621072322 0.011267492801366552 2.5012000000000003 1.0240658728870125 1.0018914527311658 98.753400000000013 1.0113041925962907
decision_type=2 2 2 2 2 2 2 2 2 2 2 2 2 2 2 2 2 2 2 2 2 2 2 2 2 2 2 2 2 2
left_child=1 4 3 23 8 6 11 -8 28 15 17 -5 13 -11 -12 21 -10 -3 24 -4 -17 -6 -16 -2 -19 -14 -20 -7 -1 -24
right_child=2 10 19 5 9 27 7 -9 16 12 14 -13 25 -15 22 20 -18 18 26 -21 -22 -23 29 -25 -26 -27 -28 -29 -30 -31
leaf_value=0.0025031513452770248 -0.001217763899218129 0.0039633226787502114 -0.0040603294382400984 0.0025455339952655458 0 0.0023796996975377683 -0.0013460353380775501 -0.00020777539711643679 -0.00062695668537456257 0.0027061297690066004 0.0022334915060549972 0.00044218285344556487 0.00021469733522921474 0.00079440839553254717 -0.00036655435669396457 -0.00075884551554918284 0.0012853397731004015 0.00048843800543626353 0.003043898453089324 -0.0018681759535521267 0.00087653188910021874 -0.00082242923002816574 0.0013199495886469126 -0.0028389251274673049 0.0017145327859262409 -0.00060061886881549776 0.001838434057140892 0.0011221921649640022 0.0040937318112701168 0.00044297936694717715
leaf_weight=30 22 21 43 22 71 30 376 341 25 25 29 150 22 78 28 20 27 26 65 24 51 194 27 67 73 25 32 22 23 21
leaf_count=30 22 21 43 22 71 30 376 341 25 25 29 150 22 78 28 20 27 26 65 24 51 194 27 67 73 25 32 22 23 21
internal_value=1.40443e-06 0.000884962 -0.000731358 -0.000554483 0.000331004 -0.000365835 -0.00050584 -0.000809909 0.00187298 0 0.00188824 0.000741716 0.000830726 0.00130882 0.00100074 -0.000379885 0.00031488 0.00229735 0.00208441 -0.00335822 0.000370054 -0.000592725 0.000468494 -0.00248951 0.00143063 -0.000159959 0.00269965 0.00193549 0.00331199 0.00101437
internal_weight=2010 913 1097 1030 591 941 889 717 105 486 322 172 150 103 105 336 52 217 196 67 71 265 76 89 99 47 97 52 53 48
internal_count=2010 913 1097 1030 591 941 889 717 105 486 322 172 150 103 105 336 52 217 196 67 71 265 76 89 99 47 97 52 53 48
is_linear=0
shrinkage=0.03


Tree=10
num_leaves=31
num_cat=0
split_feature=21 24 21 21 15 21 20 20 24 11 24 24 20 20 24 10 11 11 24 15 24 24 15 22 20 20 15 12 24 13
split_gain=1.15103 0.40988 0.549208 0.484476 0.36282 0.170933 0.167312 0.158193 0.156756 0.151895 0.138457 0.136276 0.0909944 0.176696 0.0882072 0.075435 0.0584006 0.0568577 0.0401837 0.0358784 0.0343105 0.136572 0.030029 0.0146273 0.0139982 0.0120194 0.00791609 0.00702538 0.00620679 0.00337858
threshold=1.1950000000000001 50.250000000000007 2.3950000000000005 3.5600000000000001 0.010180659791603252 1.8750000000000002 95.084999084472614 91.319999694824162 51.850000000000001 1.0341049439973313 51.850000000000001 50.600000000000001 106.42000198364201 100.24999999999952 49.850000000000001 0.9853510083071334 1.0989520845310121 0.96424846430492661 51.250000000000007 0.019457620985397203 50.850000000000001 51.45000000000001 0.014714662113125202 12.505000114440902 92.954998016357365 93.084999084472614 0.013734204913431951 0.99981864160172429 49.95000000000001 1.0227526418424528
decision_type=2 2 2 2 2 2 2 2 2 2 2 2 2 2 2 2 2 2 2 2 2 2 2 2 2 2 2 2 2 2
left_child=11 3 4 5 6 9 -3 19 15 14 -9 -1 13 -7 -2 24 20 -10 -17 -6 -13 25 -14 -8 -4 -22 -5 -28 -11 -23
right_child=1 2 8 26 7 12 23 10 17 28 -12 16 22 -15 -16 18 -18 -19 -20 -21 21 29 -24 -25 -26 -27 27 -29 -30 -31
leaf_value=-0.00023609333704023255 0.00051204521863324121 0.00050856684409081928 -5.4033407713107473e-05 0.00076632987588111845 -0.00030008059197007245 -0.001005954554660311 0.0023631204689239581 0.00044150314273586094 -0.0010878893713399691 -0.0010428796401247382 0.002524999453740961 0.0032136952922094701 -0.00075202157534658913 -0.0024543700277928869 -0.00051517568906921389 5.9931895908581588e-05 0.00057609297035055029 -0.0035959128631012777 -0.00093815039953691528 -0.0020673614974532806 4.6509389458224166e-05 0.0028703899204179091 0.00073730478422450168 0.0037863144596084592 0.00073345702001727947 0.001088585443154443 0.0024420903587920799 0.001220265494049366 -0.0022422954957932229 0.0017778578499524757
leaf_weight=22 135 34 25 20 31 441 40 240 23 23 33 42 20 97 166 40 26 20 155 20 24 80 27 40 44 31 26 28 29 28
leaf_count=22 135 34 25 20 31 441 40 240 23 23 33 42 20 97 166 40 26 20 155 20 24 80 27 40 44 31 26 28 29 28
internal_value=2.00381e-06 -0.000269249 0.000261722 -0.000662967 0.000945699 -0.000849843 0.00239936 0.000419185 -0.000704276 -0.00031552 0.000712599 0.00189122 -0.00116605 -0.00127674 -4.43582e-05 -0.000412429 0.0021069 -0.00237781 -0.000718848 -0.00107725 0.00228275 0.00200644 3.8585e-05 0.00314971 0.000408581 0.000696383 0.00164556 0.0018968 -0.00179808 0.00263357
internal_weight=2010 1757 745 1012 438 938 114 324 307 353 273 253 585 538 301 264 231 43 195 51 205 163 47 80 69 55 74 54 52 108
internal_count=2010 1757 745 1012 438 938 114 324 307 353 273 253 585 538 301 264 231 43 195 51 205 163 47 80 69 55 74 54 52 108
is_linear=0
shrinkage=0.03


Tree=11
num_leaves=31
num_cat=0
split_feature=19 23 22 23 21 14 23 14 19 24 23 10 23 23 23 23 17 20 24 23 22 19 22 10 17 17 22 3 7 19
split_gain=1.30783 0.502388 0.500858 0.378177 0.304388 0.267705 0.264212 0.155899 0.107535 0.105009 0.101904 0.0958968 0.092455 0.115729 0.0711 0.111194 0.0613878 0.0508638 0.107755 0.0454098 0.0398178 0.019586 0.0195207 0.0141239 0.00979716 0.00521995 0.00516551 0.00466361 0.00161028 0.00147121
threshold=100.18585 8.5004000000000008 21.449999809265105 0.21195000000000003 3.6750000000000003 0.0091411697074750015 1.7667500000000003 0.0117521833335131 101.03525 51.850000000000001 1.3824000000000003 1.0184550306873967 1.5337500000000002 1.8413000000000002 1.0669000000000002 2.1743500000000004 -0.0032657588580748994 97.604999542236314 51.45000000000001 8.555200000000001 29.550000190734853 95.784900000000007 17.025000572204554 1.0240658728870125 -9.1965729867585428e-05 0.005019667306641851 22.039999961853002 0.0030586351972354008 0.013476767380662901 98.853950000000012
decision_type=2 2 2 2 2 2 2 2 2 2 2 2 2 2 2 2 2 2 2 2 2 2 2 2 2 2 2 2 2 2
left_child=2 3 5 26 6 12 8 -8 -5 14 17 -11 -1 -14 22 -16 -12 18 21 -3 29 -4 -7 -20 -21 -19 -2 -15 -6 -18
right_child=1 19 10 4 28 9 7 -9 -10 11 16 -13 13 27 15 -17 20 25 23 24 -22 -23 -24 -25 -26 -27 -28 -29 -30 -31
leaf_value=2.7073722827481101e-05 -0.003055505027479314 -0.0045332058506167448 0.0014032156739578864 0.002407183506566545 0.002216738925874233 -0.0011132105241900914 -0.0011970841668075844 -0.00029688440552482815 0.00019133251636180672 0.0025544347688555716 0.0021409352883696555 -6.9470140949955995e-05 0.0029672143952393874 0.0010748378647757427 0.00070165415470008782 -0.00042304934157088962 0.0011380162055382593 0.0034108166513698445 0.0029924104120243678 -0.0014209543010219932 -0.00059393363294657313 0.00030485538597143177 -6.9732712442055331e-05 0.0015230106814642962 -0.0029833689965307708 0.0019655048332136611 -0.0016716221441913925 0.00018050882139306683 0.0011440954544814303 0.0004363232282921672
leaf_weight=31 46 22 42 22 29 73 371 346 173 25 29 20 52 20 137 183 30 41 54 20 20 36 29 22 25 22 20 21 23 26
leaf_count=31 46 22 42 22 29 73 371 346 173 25 29 20 52 20 137 183 30 41 54 20 20 36 29 22 25 22 20 21 23 26
internal_value=2.2626e-06 -0.000694081 0.000842069 -0.00052515 -0.000369655 0.000316124 -0.000500194 -0.000767875 0.000467638 -7.53405e-06 0.00179413 0.00134688 0.00154937 0.0020192 -0.000161897 4.98043e-05 0.000960516 0.00217748 0.00180793 -0.00320105 0.000449177 0.000944531 -0.000849219 0.00263132 -0.00240017 0.00299158 -0.00271213 0.0007034 0.00182944 0.000878232
internal_weight=2010 1097 913 1030 964 591 912 717 195 467 322 45 124 93 422 320 105 217 154 67 76 78 102 76 45 63 66 41 52 56
internal_count=2010 1097 913 1030 964 591 912 717 195 467 322 45 124 93 422 320 105 217 154 67 76 78 102 76 45 63 66 41 52 56
is_linear=0
shrinkage=0.03


Tree=12
num_leaves=31
num_cat=0
split_feature=19 22 23 23 14 23 21 11 24 19 19 23 20 23 23 16 21 23 23 23 17 19 13 20 8 17 17 20 2 11
split_gain=1.23381 0.475064 0.475016 0.361168 0.294088 0.28114 0.329972 0.14772 0.0968156 0.185564 0.0901876 0.0900828 0.0847316 0.0838328 0.108903 0.0812933 0.0677004 0.0421109 0.0371534 0.0335768 0.0245391 0.023088 0.0139655 0.0129291 0.0112408 0.0108663 0.0087743 0.00856015 0.00484451 0.00457446
threshold=100.18585 19.734999656677203 8.5004000000000008 0.23350000000000001 0.0091411697074750015 1.6705000000000003 3.6500000000000004 1.0287204935813175 51.150000000000013 93.309500000000014 99.54525000000001 1.0261000000000002 91.319999694824162 1.5337500000000002 1.8413000000000002 70.059874722822727 1.7750000000000001 8.555200000000001 1.4908000000000003 1.4393000000000002 0.0031212895508586501 100.69815000000001 1.0074944920591022 97.274997711181626 1.0047180945456464 0.0026629363568110502 -9.1965729867585428e-05 97.655002593994126 0.0026802694036557003 0.94843656109285457
decision_type=2 2 2 2 2 2 2 2 2 2 2 2 2 2 2 2 2 2 2 2 2 2 2 2 2 2 2 2 2 2
left_child=1 4 3 21 13 19 7 -7 9 27 18 23 -13 -1 -15 -10 -14 -4 -11 -5 -21 -2 -12 -6 -8 -25 -19 -3 -16 -23
right_child=2 8 17 5 11 6 24 -9 15 10 22 12 16 14 28 -17 -18 26 -20 20 -22 29 -24 25 -26 -27 -28 -29 -30 -31
leaf_value=2.264619162306189e-05 -0.0029415701339642209 0.0018989051846521239 -0.0044031226395264914 7.7206555256535377e-05 -0.0015299621347237276 -0.00045982913032991941 0.0020843279368772702 -0.0015380547488603043 0.0026469398714473536 0.00062215278070380006 0.0022733707948037504 -0.0012984555071840682 0.00079019278960787377 0.002909887025025315 0.0010491825328873738 0.00082162233998921391 -0.00011392286485423655 -0.0013803556004006949 -0.00046697248311908414 0.00208603280743714 0.00059752832294907422 -0.00089752015077762981 0.00088583717539744537 -0.001034158578807754 0.00078078514028207533 0 -0.0028973102085292335 0.0036105826932191845 0.0001436567469998928 -0.0020662385027110574
leaf_weight=29 44 20 22 21 36 656 36 143 115 95 32 35 120 51 20 35 182 20 36 42 23 21 22 20 20 21 25 24 20 24
leaf_count=29 44 20 22 21 36 656 36 143 115 95 32 35 120 51 20 35 182 20 36 42 23 21 22 20 20 21 25 24 20 24
internal_value=2.63259e-06 0.000818368 -0.000673674 -0.000509316 0.000234353 -0.000331563 -0.000498915 -0.000658235 0.00163055 0.00120429 0.000757227 -0.00013895 6.5151e-05 0.00153755 0.00198221 0.00224916 0.00023685 -0.00311161 0.000298854 0.00128435 0.00162182 -0.0023308 0.00178901 -0.00106007 0.00169327 -0.000549449 -0.00233299 0.0029587 0.000684137 -0.00161742
internal_weight=2010 913 1097 1030 534 941 855 799 379 229 185 414 337 120 91 150 302 67 131 86 65 89 54 77 56 41 45 44 40 45
internal_count=2010 913 1097 1030 534 941 855 799 379 229 185 414 337 120 91 150 302 67 131 86 65 89 54 77 56 41 45 44 40 45
is_linear=0
shrinkage=0.03


end of trees

feature_importances:
CPI_Inflation=70
Global_Industrial_Production_Index=54
China_PMI=36
Rolling_Std_20=32
US_10Y_Yield=29
VIX=27
USD_Index=26
Close_to_MA_50=23
MACD_Pct=15
Close_to_MA_20=10
Close_to_EMA_20=8
RSI_14=8
Close_to_MA_10=5
Rolling_Std_10=5
Close_to_MA_5=4
Close_to_EMA_10=4
Ret_Lag_2=2
Volume_to_MA_10=2
Ret_Lag_1=1
Daily_Range_Pct=1

parameters:
[boosting: gbdt]
[objective: regression]
[metric: l2]
[tree_learner: serial]
[device_type: cpu]
[data_sample_strategy: bagging]
[data: ]
[valid: ]
[num_iterations: 200]
[learning_rate: 0.03]
[num_leaves: 31]
[num_threads: 20]
[seed: 42]
[deterministic: 0]
[force_col_wise: 0]
[force_row_wise: 0]
[histogram_pool_size: -1]
[max_depth: 6]
[min_data_in_leaf: 20]
[min_sum_hessian_in_leaf: 0.001]
[bagging_fraction: 0.8]
[pos_bagging_fraction: 1]
[neg_bagging_fraction: 1]
[bagging_freq: 0]
[bagging_seed: 400]
[bagging_by_query: 0]
[feature_fraction: 0.8]
[feature_fraction_bynode: 1]
[feature_fraction_seed: 30056]
[extra_trees: 0]
[extra_seed: 12879]
[early_stopping_round: 0]
[early_stopping_min_delta: 0]
[first_metric_only: 0]
[max_delta_step: 0]
[lambda_l1: 0.1]
[lambda_l2: 1]
[linear_lambda: 0]
[min_gain_to_split: 0]
[drop_rate: 0.1]
[max_drop: 50]
[skip_drop: 0.5]
[xgboost_dart_mode: 0]
[uniform_drop: 0]
[drop_seed: 17869]
[top_rate: 0.2]
[other_rate: 0.1]
[min_data_per_group: 100]
[max_cat_threshold: 32]
[cat_l2: 10]
[cat_smooth: 10]
[max_cat_to_onehot: 4]
[top_k: 20]
[monotone_constraints: ]
[monotone_constraints_method: basic]
[monotone_penalty: 0]
[feature_contri: ]
[forcedsplits_filename: ]
[refit_decay_rate: 0.9]
[cegb_tradeoff: 1]
[cegb_penalty_split: 0]
[cegb_penalty_feature_lazy: ]
[cegb_penalty_feature_coupled: ]
[path_smooth: 0]
[interaction_constraints: ]
[verbosity: -1]
[saved_feature_importance_type: 0]
[use_quantized_grad: 0]
[num_grad_quant_bins: 4]
[quant_train_renew_leaf: 0]
[stochastic_rounding: 1]
[linear_tree: 0]
[max_bin: 255]
[max_bin_by_feature: ]
[min_data_in_bin: 3]
[bin_construct_sample_cnt: 200000]
[data_random_seed: 175]
[is_enable_sparse: 1]
[enable_bundle: 1]
[use_missing: 1]
[zero_as_missing: 0]
[feature_pre_filter: 1]
[pre_partition: 0]
[two_round: 0]
[header: 0]
[label_column: ]
[weight_column: ]
[group_column: ]
[ignore_column: ]
[categorical_feature: ]
[forcedbins_filename: ]
[precise_float_parser: 0]
[parser_config_file: ]
[objective_seed: 16083]
[num_class: 1]
[is_unbalance: 0]
[scale_pos_weight: 1]
[sigmoid: 1]
[boost_from_average: 1]
[reg_sqrt: 0]
[alpha: 0.9]
[fair_c: 1]
[poisson_max_delta_step: 0.7]
[tweedie_variance_power: 1.5]
[lambdarank_truncation_level: 30]
[lambdarank_norm: 1]
[label_gain: ]
[lambdarank_position_bias_regularization: 0]
[eval_at: ]
[multi_error_top_k: 1]
[auc_mu_weights: ]
[num_machines: 1]
[local_listen_port: 12400]
[time_out: 120]
[machine_list_filename: ]
[machines: ]
[gpu_platform_id: -1]
[gpu_device_id: -1]
[gpu_device_id_list: ]
[gpu_use_dp: 0]
[num_gpu: 1]

end of parameters

pandas_categorical:[]
