tree
version=v4
num_class=1
num_tree_per_iteration=1
label_index=0
max_feature_idx=24
objective=regression
feature_names=Return Log_Return Ret_Lag_1 Ret_Lag_2 Ret_Lag_3 Ret_Lag_5 Ret_Lag_10 Daily_Range_Pct Close_to_MA_5 Close_to_MA_10 Close_to_MA_20 Close_to_MA_50 Close_to_EMA_10 Close_to_EMA_20 Rolling_Std_10 Rolling_Std_20 RSI_14 MACD_Pct Volume_to_MA_10 Global_Industrial_Production_Index USD_Index US_10Y_Yield VIX CPI_Inflation China_PMI
feature_infos=[-0.066940172742521994:0.074641947929079799] [-0.069285956656344794:0.071987534405050499] [-0.066940172742521994:0.074641947929079799] [-0.066940172742521994:0.074641947929079799] [-0.066940172742521994:0.074641947929079799] [-0.066940172742521994:0.074641947929079799] [-0.066940172742521994:0.074641947929079799] [0:0.092802595159413206] [0.91318316788809784:1.0730283848102866] [0.87986156167578455:1.1066018538739253] [0.85692473313438489:1.1552927409995728] [0.79659082927529956:1.1777746655552006] [0.89466740749189477:1.0920323555297982] [0.8686804240890813:1.1281657463110899] [0.0024529130098374001:0.036179077589099801] [0.0057965333731078003:0.029331550672483601] [13.140122716746744:90.832403572489085] [-0.0188041687703022:0.016289486570868299] [0.030548428479792201:9.6792988700484308] [84.561899999999994:104.10039999999999] [88.589996337890597:114.11000061035099] [0.52000000000000002:4.25] [9.1400003433227504:82.690002441406193] [0.0088000000000000005:8.9794] [48:52.100000000000001]
tree_sizes=2415 2136 2311 2420 1475 2778 2380 2231 2319 2248 2008 2423 2424

Tree=0
num_leaves=27
num_cat=0
split_feature=21 19 20 15 21 19 22 24 19 20 21 11 24 19 19 20 24 20 24 22 16 9 15 19 11 11
split_gain=11.2643 3.52189 3.11662 2.05141 1.29749 1.68789 0.662318 0.48185 0.331684 0.320135 0.255107 0.239391 0.226203 0.224689 0.213653 0.104016 0.0952268 0.093646 0.0624025 0.0566376 0.04003 0.0328776 0.0271839 0.011834 0.00480591 0.00264279
threshold=1.1950000000000001 100.45905 105.60499954223552 0.010263929881382602 1.6850000000000003 103.34875000000001 20.220000267028755 51.750000000000007 100.25970000000002 92.75500106811522 1.8050000000000004 1.0820506859727186 50.150000000000013 101.23795000000001 99.910550000000015 95.084999084472614 51.45000000000001 95.895000457763658 49.750000000000007 18.654999732971152 53.724878530139527 1.0166052368473284 0.011541598529730801 99.481550000000013 0.99218052688208214 0.99106273765445219
decision_type=2 2 2 2 2 2 2 2 2 2 2 2 2 2 2 2 2 2 2 2 2 2 2 2 2 2
left_child=11 3 4 10 18 6 -6 8 12 21 15 16 -5 20 23 -2 22 -7 24 -20 -4 -9 -1 -12 -3 -11
right_child=1 2 13 7 5 17 -8 9 -10 25 14 -13 -14 -15 -16 -17 -18 -19 19 -21 -22 -23 -24 -25 -26 -27
leaf_value=0.034721722573986147 0.033962030014701328 0.033011348045640661 0.033279350576589289 0.031570393406734502 0.028001619111567295 0.030237230662904162 0.025675818406851507 0.031901148132227761 0.027118974548245252 0.035308685177550918 0.032959383857689775 0.034955026109324189 0.030254730509699488 0.035663196616286814 0.035367893489353444 0.037167751121746778 0.038411947855809231 0.031698828355787766 0.030258260463273144 0.032130457766412227 0.031479823851362089 0.030275986490700929 0.03699559632523005 0.031761242538083982 0.031884873154625362 0.033591182676689035
leaf_weight=20 20 22 39 204 466 82 155 23 22 27 21 52 269 43 40 47 101 72 33 24 22 20 80 31 21 20
leaf_count=20 20 22 39 204 466 82 155 23 22 27 21 52 269 43 40 47 101 72 33 24 22 20 80 31 21 20
internal_value=0.0311569 0.0302879 0.0291056 0.0318403 0.02852 0.0281049 0.0274084 0.0310222 0.0306495 0.0330221 0.0348511 0.037055 0.0308282 0.0339817 0.0337122 0.0363103 0.0375619 0.030939 0.0317059 0.0311015 0.0326944 0.0311569 0.0366103 0.0323266 0.0325584 0.0347063
internal_weight=1976 1723 979 744 875 775 621 585 495 90 159 253 473 104 92 67 201 154 100 57 61 43 100 52 43 47
internal_count=1976 1723 979 744 875 775 621 585 495 90 159 253 473 104 92 67 201 154 100 57 61 43 100 52 43 47
is_linear=0
shrinkage=1


Tree=1
num_leaves=23
num_cat=0
split_feature=21 19 20 23 15 21 19 24 19 20 23 23 13 15 19 13 24 22 24 13 9 19
split_gain=10.6071 3.3162 2.93704 1.94659 1.93523 0.887159 1.1396 0.454731 0.312934 0.302277 0.272797 0.234448 0.217505 0.216001 0.210898 0.150429 0.105687 0.0775154 0.068955 0.0355011 0.0310206 0.00249806
threshold=1.1950000000000001 100.45905 105.60499954223552 8.2272000000000016 0.010263929881382602 1.7550000000000001 103.34875000000001 51.750000000000007 100.25970000000002 92.75500106811522 1.9056500000000003 1.5337500000000002 1.0319300247824679 0.012090352328290152 101.23795000000001 0.9569892997047359 51.45000000000001 18.654999732971152 51.150000000000013 1.0130494170952884 1.0166052368473284 95.784900000000007
decision_type=2 2 2 2 2 2 2 2 2 2 2 2 2 2 2 2 2 2 2 2 2 2
left_child=12 4 3 5 10 17 -7 8 13 20 11 -2 16 -6 19 -5 -1 -3 -13 -4 -9 -14
right_child=1 2 14 15 7 6 -8 9 -10 -11 -12 18 21 -15 -16 -17 -18 -19 -20 -21 -22 -23
leaf_value=0.0053061554461531334 0.0020005124754791793 -0.00024664575094283453 0.0020914610727249005 -0.0039466567973191246 0.0008564937405756601 -0.0031769600256129705 -0.00021081090032145559 0.00072287842002697288 -0.0039220272526144977 0.0034489113753661516 0.00084870651613680578 0.0061390694935213441 0.0030995860273639359 -0.00066766712177258858 0.0043742073760791259 -0.0075183003013548641 0.0071876474656957252 0.0013171221532826418 0.0038922302441633475 0.0004062032635684591 -0.0008557171009441456 0.0047118201951185865
leaf_weight=99 38 78 37 22 106 511 154 23 22 47 30 43 35 367 43 68 93 42 48 24 20 26
leaf_count=99 38 78 37 22 106 511 154 23 22 47 30 43 35 367 43 68 93 42 48 24 20 26
internal_value=0 -0.000842074 -0.00198936 -0.00255784 0.000664204 -0.00206759 -0.00249591 -0.000130267 -0.000492466 0.00181238 0.00358855 0.00419122 0.00572464 -0.000318685 0.00274377 -0.00673116 0.00626557 0.000282242 0.00504172 0.00149404 0 0.00390007
internal_weight=1976 1723 979 875 744 785 665 585 495 90 159 129 253 473 104 90 192 120 91 61 43 61
internal_count=1976 1723 979 875 744 785 665 585 495 90 159 129 253 473 104 90 192 120 91 61 43 61
is_linear=0
shrinkage=0.03


Tree=2
num_leaves=25
num_cat=0
split_feature=19 19 20 23 15 23 24 20 23 15 19 16 24 19 20 11 24 19 16 23 23 16 11 11
split_gain=8.53596 3.07567 2.5592 2.02522 1.6957 0.964517 0.89113 0.642359 0.527839 0.412802 0.396504 0.383949 0.230528 0.197918 0.177824 0.166166 0.115184 0.13587 0.0765024 0.0365507 0.0355143 0.0352052 0.0149573 0.00554502
threshold=100.1632 97.858700000000013 105.60499954223552 8.2272000000000016 0.012961568712193052 1.4393000000000002 49.350000000000001 90.784999847412067 2.1493000000000007 0.0098914345282360514 98.882750000000016 67.625285203069382 51.750000000000007 101.23795000000001 90.975002288818359 0.93517626463241899 51.750000000000007 98.853950000000012 54.075377126335354 1.9643500000000003 1.2593000000000003 53.724878530139527 1.1023996082962271 1.0553446966014506
decision_type=2 2 2 2 2 2 2 2 2 2 2 2 2 2 2 2 2 2 2 2 2 2 2 2
left_child=1 11 3 5 7 -2 19 -3 -8 10 -9 20 -11 21 -6 -5 17 -16 -18 -7 23 -4 -13 -1
right_child=2 4 13 15 14 6 8 9 -10 12 -12 22 -14 -15 16 -17 18 -19 -20 -21 -22 -23 -24 -25
leaf_value=0.0070086100301460204 -0.0044460634005230818 0.0063661596014311442 0.0020017489867284891 -0.0038393525642529125 -0.0023096941428467333 -0.0027027248842641711 -5.6076411274878814e-05 0.0051997233365254939 -0.0017479926909472066 0.00075492416764172962 0.0014441793247539437 0.0032986525214380685 0.0033328310692819153 0.0042459636124020268 -0.0013375806299411842 -0.0073971621354124431 0.0025396623711355709 0.00012649331214839178 0 -0.0047994479835033414 0.0050271120995685863 0.00030202849385450067 0.0015583636317834521 0.0047885414491529044
leaf_weight=75 110 37 39 24 37 23 282 63 416 159 48 26 40 43 85 66 21 160 22 63 73 22 20 22
leaf_count=75 110 37 39 24 37 23 282 63 416 159 48 26 40 43 85 66 21 160 22 63 73 22 20 22
internal_value=3.32987e-07 0.00218306 -0.00177877 -0.00225373 0.00117259 -0.00181265 -0.00143416 0.00262901 -0.00106979 0.00215428 0.00362988 0.00529302 0.00130217 0.00266513 -0.000376512 -0.006534 -0.000110638 -0.000372628 0.00128846 -0.00431069 0.00596957 0.00145188 0.00265509 0.0065897
internal_weight=1976 888 1088 984 672 894 784 347 698 310 111 216 199 104 325 90 288 245 43 86 170 61 46 97
internal_count=1976 888 1088 984 672 894 784 347 698 310 111 216 199 104 325 90 288 245 43 86 170 61 46 97
is_linear=0
shrinkage=0.03


Tree=3
num_leaves=26
num_cat=0
split_feature=21 19 20 15 21 19 24 24 19 20 20 20 24 11 19 20 24 24 24 21 16 9 15 11 11
split_gain=9.42586 2.96788 2.61661 1.74045 1.13221 1.45056 0.481072 0.402007 0.27577 0.271439 0.212082 0.27227 0.207722 0.199383 0.185721 0.0840112 0.0783583 0.0580187 0.0549949 0.0390298 0.0328912 0.027878 0.0272731 0.00421571 0.00281414
threshold=1.1950000000000001 100.45905 105.60499954223552 0.010263929881382602 1.6850000000000003 103.34875000000001 51.550000000000004 51.750000000000007 100.25970000000002 92.75500106811522 94.499999999999957 98.939998626708913 50.150000000000013 1.0820506859727186 101.23795000000001 95.895000457763658 51.45000000000001 49.750000000000007 50.350000000000001 1.4850000000000001 53.724878530139527 1.0166052368473284 0.011541598529730801 0.99106273765445219 0.99218052688208214
decision_type=2 2 2 2 2 2 2 2 2 2 2 2 2 2 2 2 2 2 2 2 2 2 2 2 2
left_child=13 3 4 10 17 6 -6 8 12 21 -2 18 -5 16 20 -7 22 24 -12 -19 -4 -9 -1 -11 -3
right_child=1 2 14 7 5 15 -8 9 -10 23 11 -13 -14 -15 -16 -17 -18 19 -20 -21 -22 -23 -24 -25 -26
leaf_value=0.0031819559122834881 0.0010046669542098242 0.001794298761240814 0.0019431978649925438 0.00041279848928278646 -0.0038380875622932614 -0.00084044352201015555 -0.0015711565904403951 0.00067330227128695695 -0.0036818994487757268 0.0038406200616487437 0.0027357889694103505 0.00071007502581114359 -0.00084800762374393846 0.0034681070175654484 0.0041214799349280924 0.00054494247919152649 0.0066442102669354739 0.00092561920657118944 0.0050208626479974813 -0.00066378412863894092 0.00029336158612125511 -0.0008226018602394366 0.005354111133333019 0.0021789268638406478 0.00074864736675623472
leaf_weight=20 31 22 39 204 512 82 109 23 22 27 23 22 269 52 43 72 101 21 83 36 22 20 80 20 21
leaf_count=20 31 22 39 204 512 82 109 23 22 27 23 22 269 52 43 72 101 21 83 36 22 20 80 20 21
internal_value=8.56835e-07 -0.000792534 -0.00187794 0.000632282 -0.00241461 -0.0028025 -0.00344818 -0.000120892 -0.000461738 0.00170527 0.00340558 0.0039515 -0.000298182 0.00539773 0.00258877 -0.000174039 0.00586244 0.000559829 0.00458328 -2.06274e-05 0.00141089 0 0.00498519 0.00325614 0.00138043
internal_weight=1976 1723 979 744 875 775 621 585 495 90 159 128 473 253 104 154 201 100 106 57 61 43 100 47 43
internal_count=1976 1723 979 744 875 775 621 585 495 90 159 128 473 253 104 154 201 100 106 57 61 43 100 47 43
is_linear=0
shrinkage=0.03


Tree=4
num_leaves=15
num_cat=0
split_feature=21 23 23 23 24 20 24 21 11 11 20 11 23 18
split_gain=8.8763 2.3374 1.76769 1.36045 1.6272 1.57136 1.25947 0.723474 0.444968 0.186755 0.182898 0.0949847 0.0899133 0.0169907
threshold=1.1950000000000001 8.5004000000000008 0.37465000000000009 1.8697500000000002 50.350000000000001 104.475002288818 49.550000000000004 1.5950000000000004 1.0526208023913548 1.0820506859727186 109.67500305175751 0.93517626463241899 1.3824000000000003 0.55559951586062317
decision_type=2 2 2 2 2 2 2 2 2 2 2 2 2 2
left_child=9 2 -2 4 7 6 -5 -4 -6 12 -7 -3 -1 -14
right_child=1 11 3 5 8 10 -8 -9 -10 -11 -12 -13 13 -15
leaf_value=0.0061852170519787683 -0.0042007064762953168 -0.0039344195927614742 0.0027113687630942358 -0.0043153509442130783 0.0046409681567715268 0.0012950107128070795 -0.00092435101963185421 -0.00065018394856695809 0.00062330987203070747 0.0033660269986908395 0.0038348060333946096 -0.0071680691086727644 0.0029729040288366377 0.0050033242500387137
leaf_weight=144 110 22 69 113 107 76 778 324 35 52 44 45 23 34
leaf_count=144 110 22 69 113 107 76 778 324 35 52 44 45 23 34
internal_value=1.83768e-06 -0.000768033 -0.000541862 -0.000277044 0.000942444 -0.00092563 -0.00136213 -4.69898e-05 0.00368296 0.00523906 0.00227506 -0.00622387 0.00568972 0.00430114
internal_weight=1976 1723 1656 1546 535 1011 891 393 142 253 120 67 201 57
internal_count=1976 1723 1656 1546 535 1011 891 393 142 253 120 67 201 57
is_linear=0
shrinkage=0.03


Tree=5
num_leaves=30
num_cat=0
split_feature=19 19 23 23 19 14 19 23 19 23 16 16 23 23 11 23 19 22 10 11 22 23 22 18 11 11 17 11 11
split_gain=7.22712 2.5474 1.55527 1.03005 1.25061 0.979151 0.685888 0.89808 0.525277 0.390669 0.498243 0.328023 0.29373 0.26142 0.291803 0.237912 0.168402 0.117155 0.0890794 0.0880176 0.0777165 0.0657692 0.0365446 0.031869 0.0251557 0.0131214 0.0116384 0.00937511 0.00411066
threshold=100.1632 97.858700000000013 8.5004000000000008 1.4393000000000002 101.40940000000002 0.010615138841655601 103.34875000000001 2.2915000000000005 98.882750000000016 2.0116000000000005 52.086372726084129 67.625285203069382 2.3912500000000003 1.3007500000000001 1.0820506859727186 1.3007500000000001 98.805550000000011 13.355000019073453 1.0084878444771224 0.93517626463241899 19.275000572204554 1.9056500000000003 19.734999656677203 0.50707739090803405 0.99045725398167839 1.1023996082962271 0.0023077560248819006 1.0348572884497018 0.98334893218860386
decision_type=2 2 2 2 2 2 2 2 2 2 2 2 2 2 2 2 2 2 2 2 2 2 2 2 2 2 2 2 2
left_child=1 11 3 -2 9 8 7 -6 15 -5 -11 23 13 16 -15 -3 -7 21 24 -4 -8 -10 -20 -1 -14 -13 -17 -25 -19
right_child=2 5 19 4 6 12 20 -9 17 10 -12 25 18 14 -16 26 -18 28 22 -21 -22 -23 -24 27 -26 -27 -28 -29 -30
leaf_value=0.003896924079686869 -0.0040758205727749576 0.0018434436387227224 -0.0038215189770511959 0.0041934747106355166 -0.0015286622454803369 -0.0013205087841051861 -0.00067150973632506433 -0.0045757559002128261 0.0030527733665320182 0.0010983825473724247 -0.0012892162588368106 0.0029975085308154422 0.00054896939302293154 0.0035604364647463496 0.00014558519393072594 0.0056223850147082257 0.00082205274346779328 0.00022716320571635149 -0.0017535640621160872 -0.0069577016674953959 0.00070526573486658257 0.0010706485332993905 -0.00015392801108891547 0.006298342887618962 -0.00038868160207743103 0.0013688167394637796 0.0037469453547021433 0.0048005956312907596 -0.00034233943622426259
leaf_weight=31 110 35 22 22 280 47 97 130 30 195 130 26 38 55 41 51 103 23 60 45 57 47 22 84 72 20 28 55 20
leaf_count=31 110 35 22 22 280 47 97 130 30 195 130 26 38 55 41 51 103 23 60 45 57 47 22 84 72 20 28 55 20
internal_value=2.01682e-06 0.00201056 -0.00163489 -0.00133704 -0.000998942 0.00109037 -0.00187059 -0.0025109 0.00265395 0.000410476 0.000133115 0.00484135 0.000244046 0.000933636 0.00214947 0.00411643 0.00012655 0.00121727 -0.000624206 -0.00604337 -0.000141307 0.0019106 -0.00136756 0.00546722 -3.57113e-05 0.0023974 0.00505032 0.00576566 0
internal_weight=1976 888 1088 1021 911 672 564 410 234 347 325 216 438 246 96 114 150 120 192 67 154 77 82 170 110 46 79 139 43
internal_count=1976 888 1088 1021 911 672 564 410 234 347 325 216 438 246 96 114 150 120 192 67 154 77 82 170 110 46 79 139 43
is_linear=0
shrinkage=0.03


Tree=6
num_leaves=26
num_cat=0
split_feature=19 19 20 23 15 23 24 20 23 15 19 16 24 19 20 11 24 19 16 23 23 18 16 11 11
split_gain=6.81094 2.40049 2.09405 1.66915 1.39406 0.759943 0.727198 0.508077 0.467927 0.322711 0.322948 0.307383 0.181372 0.163995 0.158038 0.140441 0.101353 0.117618 0.0620649 0.0345204 0.031001 0.0374274 0.0280356 0.0119054 0.00436492
threshold=100.1632 97.858700000000013 105.60499954223552 8.2272000000000016 0.012961568712193052 1.4393000000000002 49.350000000000001 90.784999847412067 2.1493000000000007 0.0098914345282360514 98.882750000000016 67.625285203069382 51.750000000000007 101.23795000000001 90.975002288818359 0.92473868526057068 51.750000000000007 98.853950000000012 54.075377126335354 1.9643500000000003 1.2593000000000003 0.51313947758158296 53.724878530139527 1.1023996082962271 1.0553446966014506
decision_type=2 2 2 2 2 2 2 2 2 2 2 2 2 2 2 2 2 2 2 2 2 2 2 2 2
left_child=1 11 3 5 7 -2 19 -3 -8 10 -9 20 -11 22 -6 -5 17 -16 -18 -7 24 -22 -4 -13 -1
right_child=2 4 13 15 14 6 8 9 -10 12 -12 23 -14 -15 16 -17 18 -19 -20 -21 21 -23 -24 -25 -26
leaf_value=0.0062609630956461555 -0.0039546475130561231 0.0057091504092279229 0.001814219375909306 -0.0032039839168163859 -0.0021671897643000667 -0.0023558240868151183 0 0.0046810555652773474 -0.0015876348072515543 0.00070972921980405764 0.0012825741618710579 0.0029109138101339341 0.0030039019920840497 0.0038744392036037015 -0.0012383516076031724 -0.0066240855727876941 0.0023466445957733822 0.00012308674842977508 0 -0.0043417947309790181 0.0027927947121510364 0.0050223208657250952 0.00027483878495379187 0.0013297077480903161 0.0042282158965649816
leaf_weight=75 110 37 39 21 37 23 282 63 416 159 48 26 40 43 85 69 21 160 22 63 22 51 22 20 22
leaf_count=75 110 37 39 21 37 23 282 63 416 159 48 26 40 43 85 69 21 160 22 63 22 51 22 20 22
internal_value=2.47409e-06 0.00195237 -0.00158656 -0.00201638 0.00105893 -0.0016156 -0.00127897 0.00237959 -0.000949324 0.00195547 0.0032628 0.00470044 0.00119858 0.00243205 -0.000344897 -0.00590301 -9.37134e-05 -0.000340168 0.00121814 -0.00387833 0.00530688 0.00443777 0.00132081 0.00233018 0.00587839
internal_weight=1976 888 1088 984 672 894 784 347 698 310 111 216 199 104 325 90 288 245 43 86 170 73 61 46 97
internal_count=1976 888 1088 984 672 894 784 347 698 310 111 216 199 104 325 90 288 245 43 86 170 73 61 46 97
is_linear=0
shrinkage=0.03


Tree=7
num_leaves=24
num_cat=0
split_feature=21 19 21 15 23 21 19 24 19 19 23 24 19 23 13 21 24 24 15 16 17 15 19
split_gain=7.45836 2.39318 1.4805 1.41236 1.04328 0.72857 0.690404 0.332144 0.217362 0.210253 0.201618 0.182592 0.180305 0.173428 0.15085 0.121302 0.077665 0.0546356 0.0533407 0.04592 0.0395996 0.000859857 0.000474979
threshold=1.1950000000000001 100.45905 3.1650000000000005 0.010263929881382602 8.5004000000000008 1.7550000000000001 103.34875000000001 51.750000000000007 99.910550000000015 100.25970000000002 1.9056500000000003 50.150000000000013 101.23795000000001 1.5337500000000002 1.0319300247824679 3.2650000000000001 51.45000000000001 51.650000000000013 0.012490351134730451 46.136724652717227 -0.00044899321538739999 0.012544796375218152 96.353150000000014
decision_type=2 2 2 2 2 2 2 2 2 2 2 2 2 2 2 2 2 2 2 2 2 2 2
left_child=14 3 4 10 5 18 -7 9 20 11 13 -5 -4 -2 16 -14 -1 -15 -3 -6 -9 -10 -16
right_child=1 2 12 7 19 6 -8 8 21 -11 -12 -13 15 17 22 -17 -18 -19 -20 -21 -22 -23 -24
leaf_value=0.0044267616232205181 0.0016925552993377023 -4.7331182600895834e-05 0 0.00039813791964130003 -0.0041218300973996517 -0.0025935809160688183 -0.00019752984076394173 0.00091540084392763667 0.0022028123502220425 -0.0032252632303406362 0.00070323608250116864 -0.00078378848893593796 0.00073090787582831193 0.0048067060895788834 0.0026199506721817528 0.0038396160551687568 0.0060569193520127454 0.0024498805017633867 0.0012509219876388315 -0.0068961941525340076 -0.00073409090171282351 0.0038670797241585593 0.0040409781802445647
leaf_weight=99 38 80 31 204 23 573 137 29 20 22 30 269 20 70 38 40 93 21 40 35 21 20 23
leaf_count=99 38 80 31 204 23 573 137 29 20 22 30 269 20 70 38 40 93 21 40 35 21 20 23
internal_value=3.0422e-06 -0.000702537 -0.0016773 0.000576614 -0.00205254 -0.00177078 -0.00213639 -0.000101375 0.00155802 -0.000411665 0.0030749 -0.000267942 0.00193431 0.00359372 0.00480389 0.00288153 0.00525921 0.00432797 0.000367388 -0.00593537 0.000162981 0.00318214 0.00326067
internal_weight=1976 1723 979 744 888 830 710 585 90 495 159 473 91 129 253 60 192 91 120 58 50 40 61
internal_count=1976 1723 979 744 888 830 710 585 90 495 159 473 91 129 253 60 192 91 120 58 50 40 61
is_linear=0
shrinkage=0.03


Tree=8
num_leaves=25
num_cat=0
split_feature=21 19 20 23 15 21 19 24 20 15 23 11 23 11 19 11 21 23 11 22 17 12 18 11
split_gain=7.02485 2.25445 2.07284 1.36333 1.33163 0.676854 0.838396 0.3136 0.208221 0.204454 0.189499 0.183474 0.16276 0.145839 0.132717 0.127324 0.0821352 0.0755875 0.0750133 0.0650323 0.0241979 0.0206222 0.0138674 0.00462653
threshold=1.1950000000000001 100.45905 105.60499954223552 8.2272000000000016 0.010263929881382602 1.7550000000000001 103.34875000000001 51.750000000000007 92.75500106811522 0.012090352328290152 1.9056500000000003 0.98940723258080987 1.5337500000000002 1.0820506859727186 101.23795000000001 0.93517626463241899 1.675 1.3824000000000003 1.0207741018712981 18.654999732971152 -0.00044899321538739999 1.0065841670995452 0.55559951586062317 0.99106273765445219
decision_type=2 2 2 2 2 2 2 2 2 2 2 2 2 2 2 2 2 2 2 2 2 2 2 2
left_child=13 4 3 5 10 19 -7 9 20 16 12 -11 -2 17 21 -5 -6 -1 -14 -3 -9 -4 -19 -10
right_child=1 2 14 15 7 6 -8 8 23 11 -12 -13 18 -15 -16 -17 -18 22 -20 -21 -22 -23 -24 -25
leaf_value=0.0055181106799635391 0.0016430805600964678 -0.00012431217382051922 0.0018604578558887753 -0.0032243327620625492 0.0024391596456324414 -0.0026525442265344736 -0.00010660652558604676 0.00067861125042216605 0.0034183555897325277 0.00036109564480022523 0.00068281954944494276 -0.0011129398989751279 0.0049876267431597961 0.0029891977692550085 0.0036546359289098872 -0.0063576165660103757 0.0002891815504912908 0.0025765037465025672 0.0027567022119959193 0.0012997006018602743 -0.00071306920940564439 0.00051801794759064382 0.0044279203765626466 0.0018652099126151627
leaf_weight=144 38 78 34 24 20 511 154 22 27 99 30 287 56 52 43 66 89 23 35 42 21 27 34 20
leaf_count=144 38 78 34 24 20 511 154 22 27 99 30 287 56 52 43 66 89 23 35 42 21 27 34 20
internal_value=3.58196e-06 -0.00068114 -0.00162725 -0.00210517 0.000560294 -0.0016941 -0.00206851 -9.78917e-05 0.00151433 -0.000399533 0.00298615 -0.000727176 0.00348935 0.00466286 0.0023469 -0.00559966 0.000729534 0.00506406 0.00420148 0.000355921 0 0.00133259 0.00378988 0.00287257
internal_weight=1976 1723 979 875 744 785 665 585 90 495 159 386 129 253 104 90 109 201 91 120 43 61 57 47
internal_count=1976 1723 979 875 744 785 665 585 90 495 159 386 129 253 104 90 109 201 91 120 43 61 57 47
is_linear=0
shrinkage=0.03


Tree=9
num_leaves=24
num_cat=0
split_feature=21 19 20 23 15 21 19 24 19 20 23 24 23 11 19 11 11 23 22 16 17 15 11
split_gain=6.61547 2.12474 1.95437 1.28507 1.25509 0.637078 0.788532 0.295731 0.196709 0.196647 0.178119 0.170189 0.152762 0.136472 0.124374 0.119255 0.0697603 0.0694758 0.0613412 0.0250974 0.0228305 0.0135357 0.00379412
threshold=1.1950000000000001 100.45905 105.60499954223552 8.2272000000000016 0.010263929881382602 1.7550000000000001 103.34875000000001 51.750000000000007 100.25970000000002 92.75500106811522 1.9056500000000003 50.150000000000013 1.5337500000000002 1.0820506859727186 101.23795000000001 0.92473868526057068 1.0207741018712981 1.3824000000000003 18.654999732971152 53.724878530139527 -0.00044899321538739999 0.014557629037751752 0.99106273765445219
decision_type=2 2 2 2 2 2 2 2 2 2 2 2 2 2 2 2 2 2 2 2 2 2 2
left_child=13 4 3 5 10 18 -7 8 11 20 12 -6 -2 17 19 -5 -14 -1 -3 -4 -9 -19 -11
right_child=1 2 14 15 7 6 -8 9 -10 22 -12 -13 16 -15 -16 -17 -18 21 -20 -21 -22 -23 -24
leaf_value=0.005353709025424102 0.0015950520700918366 -0.00012063002394208662 0.0017652960947714745 -0.0029285166835073717 0.00039513865984115953 -0.0025731233211579363 -0.00010342896116621446 0.00065913804759443531 -0.0031081849161697468 0.0033194674327969549 0.00066299576126039033 -0.00074596020966807071 0.0048406229921077433 0.0029012138426022711 0.0035474885417656468 -0.0061033094797815594 0.002676298402249813 0.002879405489071851 0.0012616163477420718 0.00029093141102677454 -0.00069264951852065593 0.0047264105643738397 0.0018119181820324488
leaf_weight=144 38 78 39 21 204 511 154 22 22 27 30 269 56 52 43 69 35 36 42 22 21 21 20
leaf_count=144 38 78 39 21 204 511 154 22 22 27 30 269 56 52 43 69 35 36 42 22 21 21 20
internal_value=4.34969e-06 -0.000660076 -0.00157859 -0.00204271 0.000545027 -0.00164345 -0.00200671 -9.38171e-05 -0.000386883 0.00147162 0.00290014 -0.000247692 0.00338823 0.00452587 0.00227993 -0.00543581 0.00407894 0.00491489 0.000344791 0.00129521 0 0.00368136 0.00279157
internal_weight=1976 1723 979 875 744 785 665 585 495 90 159 473 129 253 104 90 91 201 120 61 43 57 47
internal_count=1976 1723 979 875 744 785 665 585 495 90 159 473 129 253 104 90 91 201 120 61 43 57 47
is_linear=0
shrinkage=0.03


Tree=10
num_leaves=21
num_cat=0
split_feature=21 20 21 24 21 22 14 21 11 20 20 24 11 15 17 24 21 15 20 14
split_gain=6.23084 1.0172 1.27216 1.81745 1.05057 0.621535 0.339143 0.22554 0.220138 0.219644 0.153811 0.146433 0.1277 0.105881 0.101287 0.0600697 0.045604 0.0275473 0.0269249 0.0247574
threshold=1.1950000000000001 105.60499954223552 1.7650000000000003 50.350000000000001 2.3950000000000005 13.639999866485551 0.019139907917553701 3.0550000000000002 1.0238699072787931 95.084999084472614 94.905002593994126 51.850000000000001 1.0820506859727186 0.0096791027402766527 0.0037535034917319005 51.45000000000001 1.5950000000000004 0.011541598529730801 109.02500152587852 0.021384893374213253
decision_type=2 2 2 2 2 2 2 2 2 2 2 2 2 2 2 2 2 2 2 2
left_child=12 2 5 6 9 16 7 -4 13 -5 -6 -10 15 -7 18 17 -2 -1 -3 -8
right_child=1 14 3 4 10 8 19 -9 11 -11 -12 -13 -14 -15 -16 -17 -18 -19 -20 -21
leaf_value=0.0023790808608755466 0.003898792926308721 0.0018056154640648384 -0.0022892363909247379 0.00049402352872483194 -0.0019432251383897973 0.0020415268995493535 -0.0035389888161312666 -0.00010316259284794795 -0.0021317953222284194 0.0024269299249096614 -0.00045549923024166422 8.2629475346271023e-05 0.0028158195929707222 0.00026749861389370493 0.00075099798548035313 0.005448122543228023 0.0017633716547861694 0.0043447189507661048 0.003503816998962845 -0.005832985408604145
leaf_weight=20 42 28 587 102 133 35 30 49 56 122 131 46 52 240 35 101 23 80 41 23
leaf_count=20 42 28 587 102 133 35 30 49 56 122 131 46 52 240 35 101 23 80 41 23
internal_value=4.87641e-06 -0.000639901 -0.000826388 -0.00134215 5.29218e-05 0.000540186 -0.00233323 -0.00212595 6.17285e-05 0.00156621 -0.00122082 -0.0011129 0.00439303 0.000510732 0.00221485 0.00477025 0.0032268 0.00400874 0.00289319 -0.00467964
internal_weight=1976 1723 1619 1177 488 442 689 636 377 224 264 102 253 275 104 201 65 100 69 53
internal_count=1976 1723 1619 1177 488 442 689 636 377 224 264 102 253 275 104 201 65 100 69 53
is_linear=0
shrinkage=0.03


Tree=11
num_leaves=26
num_cat=0
split_feature=21 19 20 23 14 21 19 16 23 23 21 24 11 19 11 19 23 24 23 23 24 16 16 18 21
split_gain=5.86888 1.92696 1.74678 1.19011 0.739316 0.566675 0.711095 0.285829 0.245261 0.462444 0.411747 0.136085 0.119456 0.11044 0.106728 0.0884532 0.116815 0.0692154 0.0624826 0.0591294 0.0435765 0.0227621 0.0152279 0.014073 0.0126048
threshold=1.1950000000000001 100.45905 105.60499954223552 8.2272000000000016 0.011637477455576853 1.7250000000000003 103.34875000000001 48.330601284736716 1.9056500000000003 1.5337500000000002 1.6950000000000001 51.750000000000007 1.0820506859727186 101.23795000000001 0.92473868526057068 100.21900000000001 0.88 51.150000000000013 1.3824000000000003 2.5012000000000003 49.750000000000007 54.396468266158372 41.490813045686274 0.55559951586062317 2.4150000000000005
decision_type=2 2 2 2 2 2 2 2 2 2 2 2 2 2 2 2 2 2 2 2 2 2 2 2 2
left_child=12 4 3 5 8 20 -7 11 9 10 -2 22 18 21 -5 16 -9 -11 -1 24 -3 -4 -6 -20 -10
right_child=1 2 13 14 7 6 -8 15 19 17 -12 -13 -14 -15 -16 -17 -18 -19 23 -21 -22 -23 -24 -25 -26
leaf_value=0.0050474700771529091 0.0038028332837696729 0.001067990157045782 0.0016322011238496218 -0.0028059283124536954 0.00081724715974934863 -0.0024016910415276551 -6.1661897224539353e-05 0.0010690557356415823 0.0012196060091870405 0.0047584515159780332 -0.00039925638155546042 0.0028262357513109842 0.0027329388705064667 0.0033487036080861636 -0.0058347168624401091 -0.0025696674460221241 -0.00079706723363734248 0.0028045904265075433 0.0022946909944294019 -0.00069311369347851721 -8.5169218019365281e-05 0.00019279645644460937 5.2660342413626276e-05 0.0040649454515959537 0.00012052954950592139
leaf_weight=144 28 51 41 21 46 522 154 32 40 43 72 26 52 43 69 22 259 60 23 29 58 20 66 34 21
leaf_count=144 28 51 41 21 46 522 154 32 40 43 72 26 52 43 69 22 259 60 23 29 58 20 66 34 21
internal_value=5.24192e-06 -0.000620482 -0.00149525 -0.00193412 0.000527029 -0.00154979 -0.00187392 -0.000229676 0.00169881 0.00227739 0.000773628 0.000893865 0.00426407 0.00215185 -0.00519957 -0.000735863 -0.000578625 0.00368704 0.00462985 0.000350133 0.000431914 0.00121937 0.000397689 0.00345424 0.000897669
internal_weight=1976 1723 979 875 744 785 676 451 293 203 100 138 253 104 90 313 291 103 201 90 109 61 112 57 61
internal_count=1976 1723 979 875 744 785 676 451 293 203 100 138 253 104 90 313 291 103 201 90 109 61 112 57 61
is_linear=0
shrinkage=0.03


Tree=12
num_leaves=26
num_cat=0
split_feature=21 19 20 23 14 21 19 11 23 23 21 11 24 19 11 20 19 24 23 24 24 21 16 13 21
split_gain=5.52888 1.85125 1.64701 1.12175 0.711416 0.534126 0.654894 0.284341 0.235624 0.435534 0.388339 0.128833 0.11134 0.103464 0.100006 0.0762425 0.0917628 0.0665173 0.0559035 0.0507457 0.0429521 0.0271505 0.0212108 0.0177272 0.0117048
threshold=1.155 100.45905 105.60499954223552 8.2272000000000016 0.011637477455576853 1.6850000000000003 103.34875000000001 0.98305767460780091 1.9056500000000003 1.5337500000000002 1.6950000000000001 1.0820506859727186 51.750000000000007 101.23795000000001 0.93517626463241899 91.319999694824162 100.21900000000001 51.150000000000013 2.5012000000000003 49.750000000000007 51.45000000000001 1.5850000000000002 54.396468266158372 0.96382858083635758 2.4150000000000005
decision_type=2 2 2 2 2 2 2 2 2 2 2 2 2 2 2 2 2 2 2 2 2 2 2 2 2
left_child=11 4 3 5 8 19 -7 12 9 10 -2 20 23 22 -5 21 -17 -11 24 -3 -1 -9 -4 -6 -10
right_child=1 2 13 14 7 6 -8 15 18 17 -12 -13 -14 -15 -16 16 -18 -19 -20 -21 -22 -23 -24 -25 -26
leaf_value=0.0038945038858417074 0.0036926822199903685 0.0012849460442296481 0.0015844009629384214 -0.0029042898490279907 0.0013432887674055317 -0.0023020225295491072 -5.9823971945086439e-05 -0.00080258014238699196 0.0011839102122126284 0.0046189424083991478 -0.00038744278068571312 0.0026524977078134161 0.0030267764614975968 0.0032505256269465795 -0.0057269814005538591 -0.00026356630673899902 -0.0021921197676868175 0.002731994941372138 -0.00067301339685800488 -2.2601599560685227e-05 0.0052320026876975078 -0.0025160529921948904 0.00018728797462037099 0.00024506319125700221 0.00011707802608196453
leaf_weight=96 28 43 41 24 21 531 154 25 40 43 72 52 22 43 66 278 24 64 29 57 97 24 20 61 21
leaf_count=96 28 43 41 24 21 531 154 25 40 43 72 52 22 43 66 278 24 64 29 57 97 24 20 61 21
internal_value=5.74028e-06 -0.000590495 -0.00145055 -0.00187675 0.000525629 -0.00150346 -0.00180313 -0.000214351 0.00166625 0.00222412 0.000750539 0.00421579 0.00114631 0.00209049 -0.00504742 -0.000628143 -0.000433459 0.00355383 0.000339842 0.000517096 0.00460569 -0.00173537 0.00118513 0.000575256 0.000872839
internal_weight=1976 1731 979 875 752 785 685 455 297 207 100 245 104 104 90 351 302 107 90 100 193 49 61 82 61
internal_count=1976 1731 979 875 752 785 685 455 297 207 100 245 104 104 90 351 302 107 90 100 193 49 61 82 61
is_linear=0
shrinkage=0.03


end of trees

feature_importances:
Global_Industrial_Production_Index=52
CPI_Inflation=46
China_PMI=38
Close_to_MA_50=37
US_10Y_Yield=33
USD_Index=30
Rolling_Std_20=19
RSI_14=16
VIX=9
Close_to_EMA_20=5
Rolling_Std_10=5
MACD_Pct=5
Volume_to_MA_10=5
Close_to_MA_10=3
Close_to_MA_20=1
Close_to_EMA_10=1

parameters:
[boosting: gbdt]
[objective: regression]
[metric: l2]
[tree_learner: serial]
[device_type: cpu]
[data_sample_strategy: bagging]
[data: ]
[valid: ]
[num_iterations: 200]
[learning_rate: 0.03]
[num_leaves: 31]
[num_threads: 20]
[seed: 42]
[deterministic: 0]
[force_col_wise: 0]
[force_row_wise: 0]
[histogram_pool_size: -1]
[max_depth: 6]
[min_data_in_leaf: 20]
[min_sum_hessian_in_leaf: 0.001]
[bagging_fraction: 0.8]
[pos_bagging_fraction: 1]
[neg_bagging_fraction: 1]
[bagging_freq: 0]
[bagging_seed: 400]
[bagging_by_query: 0]
[feature_fraction: 0.8]
[feature_fraction_bynode: 1]
[feature_fraction_seed: 30056]
[extra_trees: 0]
[extra_seed: 12879]
[early_stopping_round: 0]
[early_stopping_min_delta: 0]
[first_metric_only: 0]
[max_delta_step: 0]
[lambda_l1: 0.1]
[lambda_l2: 1]
[linear_lambda: 0]
[min_gain_to_split: 0]
[drop_rate: 0.1]
[max_drop: 50]
[skip_drop: 0.5]
[xgboost_dart_mode: 0]
[uniform_drop: 0]
[drop_seed: 17869]
[top_rate: 0.2]
[other_rate: 0.1]
[min_data_per_group: 100]
[max_cat_threshold: 32]
[cat_l2: 10]
[cat_smooth: 10]
[max_cat_to_onehot: 4]
[top_k: 20]
[monotone_constraints: ]
[monotone_constraints_method: basic]
[monotone_penalty: 0]
[feature_contri: ]
[forcedsplits_filename: ]
[refit_decay_rate: 0.9]
[cegb_tradeoff: 1]
[cegb_penalty_split: 0]
[cegb_penalty_feature_lazy: ]
[cegb_penalty_feature_coupled: ]
[path_smooth: 0]
[interaction_constraints: ]
[verbosity: -1]
[saved_feature_importance_type: 0]
[use_quantized_grad: 0]
[num_grad_quant_bins: 4]
[quant_train_renew_leaf: 0]
[stochastic_rounding: 1]
[linear_tree: 0]
[max_bin: 255]
[max_bin_by_feature: ]
[min_data_in_bin: 3]
[bin_construct_sample_cnt: 200000]
[data_random_seed: 175]
[is_enable_sparse: 1]
[enable_bundle: 1]
[use_missing: 1]
[zero_as_missing: 0]
[feature_pre_filter: 1]
[pre_partition: 0]
[two_round: 0]
[header: 0]
[label_column: ]
[weight_column: ]
[group_column: ]
[ignore_column: ]
[categorical_feature: ]
[forcedbins_filename: ]
[precise_float_parser: 0]
[parser_config_file: ]
[objective_seed: 16083]
[num_class: 1]
[is_unbalance: 0]
[scale_pos_weight: 1]
[sigmoid: 1]
[boost_from_average: 1]
[reg_sqrt: 0]
[alpha: 0.9]
[fair_c: 1]
[poisson_max_delta_step: 0.7]
[tweedie_variance_power: 1.5]
[lambdarank_truncation_level: 30]
[lambdarank_norm: 1]
[label_gain: ]
[lambdarank_position_bias_regularization: 0]
[eval_at: ]
[multi_error_top_k: 1]
[auc_mu_weights: ]
[num_machines: 1]
[local_listen_port: 12400]
[time_out: 120]
[machine_list_filename: ]
[machines: ]
[gpu_platform_id: -1]
[gpu_device_id: -1]
[gpu_device_id_list: ]
[gpu_use_dp: 0]
[num_gpu: 1]

end of parameters

pandas_categorical:[]
