tree
version=v4
num_class=1
num_tree_per_iteration=1
label_index=0
max_feature_idx=24
objective=regression
feature_names=Return Log_Return Ret_Lag_1 Ret_Lag_2 Ret_Lag_3 Ret_Lag_5 Ret_Lag_10 Daily_Range_Pct Close_to_MA_5 Close_to_MA_10 Close_to_MA_20 Close_to_MA_50 Close_to_EMA_10 Close_to_EMA_20 Rolling_Std_10 Rolling_Std_20 RSI_14 MACD_Pct Volume_to_MA_10 Global_Industrial_Production_Index USD_Index US_10Y_Yield VIX CPI_Inflation China_PMI
feature_infos=[-0.066940172742521994:0.074641947929079799] [-0.069285956656344794:0.071987534405050499] [-0.066940172742521994:0.074641947929079799] [-0.066940172742521994:0.074641947929079799] [-0.066940172742521994:0.074641947929079799] [-0.066940172742521994:0.074641947929079799] [-0.066940172742521994:0.074641947929079799] [0:0.092802595159413206] [0.91318316788809784:1.0730283848102866] [0.87986156167578455:1.1066018538739253] [0.85692473313438489:1.1552927409995728] [0.79659082927529956:1.1777746655552006] [0.89466740749189477:1.0920323555297982] [0.8686804240890813:1.1281657463110899] [0.0024529130098374001:0.036179077589099801] [0.0057965333731078003:0.029331550672483601] [13.140122716746744:90.832403572489085] [-0.0188041687703022:0.016289486570868299] [0.030548428479792201:9.6792988700484308] [84.561899999999994:104.10039999999999] [88.589996337890597:114.11000061035099] [0.52000000000000002:4.25] [9.1400003433227504:82.690002441406193] [0.0088000000000000005:8.9794] [48:52.100000000000001]
tree_sizes=2825 2342 2516 2491 1973 2788 2527 2426 2432 2815 2647 2418 2822 1993 2838 2772 2684 2865 2882 2867 2521 2754 2549 2844 2365 2859

Tree=0
num_leaves=31
num_cat=0
split_feature=19 24 21 21 22 21 19 21 11 15 11 19 21 19 16 20 24 20 11 15 11 11 24 18 16 17 15 9 11 9
split_gain=1.26763 0.396612 0.310656 0.31779 0.300918 0.34879 0.164204 0.184804 0.206615 0.169193 0.127547 0.116488 0.0980703 0.097389 0.0798835 0.0560643 0.0466831 0.0383845 0.03219 0.0297364 0.0290532 0.0190473 0.0166121 0.0165877 0.0160191 0.0138805 0.0114053 0.00857795 0.00456154 0.00400773
threshold=98.941250000000011 50.350000000000001 2.0650000000000004 1.7150000000000001 11.494999885559052 3.5600000000000001 103.38335000000002 2.2550000000000003 1.0266024598691681 0.021095912372158153 1.0740103019101441 98.853950000000012 2.9050000000000007 101.02135000000001 34.130481617115521 98.084999084472614 51.45000000000001 91.124999999999957 1.013528447601413 0.01346198031342285 1.0551401401935585 1.0080628016087851 49.95000000000001 0.51941221475532318 46.136724652717227 -0.00049519623576714988 0.011342056701104003 0.99905574225818417 1.0106225538358504 1.0073819208928689
decision_type=2 2 2 2 2 2 2 2 2 2 2 2 2 2 2 2 2 2 2 2 2 2 2 2 2 2 2 2 2 2
left_child=1 11 3 10 13 6 7 8 -6 -9 16 14 22 15 -1 20 -3 -12 -15 -4 28 -7 -8 -16 -25 -14 -20 -13 -2 -23
right_child=4 2 19 -5 5 21 12 9 -10 -11 17 27 25 18 23 -17 -18 -19 26 -21 -22 29 -24 24 -26 -27 -28 -29 -30 -31
leaf_value=0.0090906836999005806 0.0096192870989732053 0.0098372953810933958 0.0088409892797592718 0.013254868354673866 0.0081122226627210643 0.010183703284859191 0.0101101370968112 0.0068687802230237103 0.0067658388757284998 0.0095055326875342697 0.0082985877667554869 0.010058166554223183 0.0082985877667554869 0.0088861228331400758 0.00659641613624038 0.0083196833344387853 0.010885456935241332 0.0095529937763524919 0.0082985877667554869 0.0075058927703557134 0.0087249576530686532 0.0093149552169810024 0.0088656421812562791 0.0082985877667554869 0.0072970679893964996 0.0074965572938405153 0.0072777578027753776 0.0088689435646986808 0.010756960284419007 0.00852110919663694
leaf_weight=26 28 95 22 32 448 31 24 470 135 21 36 21 24 31 28 30 123 47 22 36 20 31 35 20 36 45 27 23 31 22
leaf_count=26 28 95 22 32 448 31 24 470 135 21 36 21 24 31 28 30 123 47 22 36 20 31 35 20 36 45 27 23 31 22
internal_value=0.00829859 0.00953361 0.0100406 0.0103936 0.00784173 0.00767625 0.00754388 0.00742229 0.00779323 0.00698988 0.010064 0.00826282 0.00853973 0.00894925 0.00772252 0.0095311 0.0104515 0.00899709 0.00818808 0.00806377 0.00994761 0.00952171 0.00944363 0.00725941 0.00766759 0.00780438 0.00768355 0.00952968 0.0102981 0.00905121
internal_weight=2020 545 391 333 1475 1286 1202 1074 583 491 301 154 128 189 110 109 218 83 80 58 79 84 59 84 56 69 49 44 59 53
internal_count=2020 545 391 333 1475 1286 1202 1074 583 491 301 154 128 189 110 109 218 83 80 58 79 84 59 84 56 69 49 44 59 53
is_linear=0
shrinkage=1


Tree=1
num_leaves=25
num_cat=0
split_feature=19 23 23 24 21 21 24 22 22 19 24 17 19 22 13 23 13 23 13 15 19 15 15 9
split_gain=1.19366 0.526323 0.388209 0.37337 0.292689 0.299309 0.265738 0.203563 0.229637 0.180615 0.115232 0.13109 0.110076 0.0999347 0.0785783 0.0940303 0.0642595 0.0375117 0.0302019 0.0280803 0.023457 0.0215487 0.012421 0.00786745
threshold=98.941250000000011 8.5004000000000008 0.23350000000000001 50.350000000000001 2.0650000000000004 1.7150000000000001 51.850000000000001 21.345000267028755 11.494999885559052 101.27910000000001 50.150000000000013 -0.004553064007197999 98.853950000000012 20.025000572204554 1.01462893865417 1.2593000000000003 0.97232753851107212 1.1259500000000002 0.97131060721442009 0.01346198031342285 103.34875000000001 0.014226851010991602 0.012052271733287353 0.99905574225818417
decision_type=2 2 2 2 2 2 2 2 2 2 2 2 2 2 2 2 2 2 2 2 2 2 2 2
left_child=3 2 13 12 5 14 7 8 -4 -9 11 -3 16 18 21 -16 -1 22 -2 -6 -8 -5 -18 -14
right_child=1 10 6 4 19 -7 20 9 -10 -11 -12 -13 23 -15 15 -17 17 -19 -20 -21 -22 -23 -24 -25
leaf_value=0.00052456957647882519 -0.0015742565721739081 -0.0017817165785194704 0.00063281536203656675 0.0027231496475491816 0.00052683698207787847 0.0048120979622683739 -0.0032949569354886591 0.0011721319269086552 -0.00052025792013040589 -0.0004477024353547456 -0.0010554186293738894 -0.0054804319578409194 0.0017091909054328094 -0.00039789888069033624 0.0019973079592917721 0.00054454123463569591 0 -0.0020048316499361625 -0.0034072668808837274 -0.0007695568859568526 -0.0013749229526147245 0.0015963741766847669 -0.0008972322728135623 0.00055395804484578552
leaf_weight=31 23 20 189 76 22 32 22 181 816 90 23 24 21 24 83 93 25 25 42 36 21 49 29 23
leaf_count=31 23 20 189 76 22 32 22 181 816 90 23 24 21 24 83 93 25 25 42 36 21 49 29 23
internal_value=0 -0.000442588 -0.000315474 0.00119918 0.00169108 0.00203372 -0.000182774 -0.000101197 -0.000300016 0.000623482 -0.00302584 -0.00394282 -3.32433e-05 -0.00222491 0.00171345 0.00125402 -0.000559008 -0.00102295 -0.0028378 -0.000226379 -0.00247801 0.00232144 -0.000485646 0.00119772
internal_weight=2020 1475 1408 545 391 333 1319 1276 1005 271 67 44 154 89 301 176 110 79 65 58 43 125 54 44
internal_count=2020 1475 1408 545 391 333 1319 1276 1005 271 67 44 154 89 301 176 110 79 65 58 43 125 54 44
is_linear=0
shrinkage=0.03


Tree=2
num_leaves=27
num_cat=0
split_feature=19 23 23 24 24 22 11 22 22 19 19 24 11 19 23 16 11 23 23 10 15 20 11 24 16 12
split_gain=1.12627 0.497351 0.366552 0.351797 0.251157 0.227287 0.265412 0.191405 0.216169 0.179411 0.170135 0.108308 0.148832 0.10407 0.094004 0.0721654 0.0445237 0.0387047 0.032894 0.0261874 0.0241702 0.0234091 0.0221066 0.0167077 0.0101778 0.00542378
threshold=98.941250000000011 8.5004000000000008 0.23350000000000001 50.350000000000001 51.850000000000001 12.759999752044601 1.0714182889906607 21.345000267028755 11.494999885559052 98.753400000000013 101.27910000000001 50.150000000000013 0.93620321621072322 98.853950000000012 0.068200000000000011 34.130481617115521 1.1208535801466712 1.6552000000000002 1.1259500000000002 0.96826747175441608 0.013109467532949502 95.944999694824162 0.96424846430492661 51.650000000000013 46.002978990870425 1.0006282491673586
decision_type=2 2 2 2 2 2 2 2 2 2 2 2 2 2 2 2 2 2 2 2 2 2 2 2 2 2
left_child=3 2 14 13 7 20 9 8 -4 17 -9 12 -3 15 -2 -1 21 -7 24 -16 -5 -8 -6 -11 -17 -15
right_child=1 11 4 5 22 6 16 10 -10 23 -12 -13 -14 25 19 18 -18 -19 -20 -21 -22 -23 -24 -25 -26 -27
leaf_value=0.00075464181961595184 -0.00028520792790526602 -0.0017570590988287458 0.00061393081039086135 0.00054717591877228449 -0.001412289263214916 0.0017340901895268439 0.00043338637313924136 0.001137161180090126 -0.00050466928455031844 0.005306957850402051 -0.00043441893618776468 -0.001025075328641833 -0.0056086757863345353 0.0015808521136641501 -0.0016105082150962614 0 -0.00058062301978601945 0.0029091763725285704 -0.001872491038537451 -0.0032983980524752821 -0.00072792534468680973 0.0016367725456486743 -0.0032903093972376416 0.002971253580812897 -0.00077578763680158824 0.00052262365836015139
leaf_weight=26 22 22 189 20 23 151 52 181 816 21 90 23 22 23 26 20 20 48 27 41 31 28 20 20 37 21
leaf_count=26 22 22 189 20 23 151 52 181 816 21 90 23 22 23 26 20 20 48 27 41 31 28 20 20 37 21
internal_value=0 -0.000430094 -0.000306462 0.00116466 -0.000177446 0.00164214 0.00192236 -9.80711e-05 -0.000290922 0.0024659 0.000604527 -0.00294138 -0.00383138 -3.10669e-05 -0.00216196 -0.000542825 0.000576661 0.00204566 -0.000983869 -0.00272083 -0.000169287 0.000906616 -0.0024089 0.00433689 -0.000486192 0.00116529
internal_weight=2020 1475 1408 545 1319 391 340 1276 1005 240 271 67 44 154 89 110 100 199 84 67 51 80 43 41 57 44
internal_count=2020 1475 1408 545 1319 391 340 1276 1005 240 271 67 44 154 89 110 100 199 84 67 51 80 43 41 57 44
is_linear=0
shrinkage=0.03


Tree=3
num_leaves=27
num_cat=0
split_feature=19 24 21 21 21 19 20 11 20 24 19 19 11 19 19 16 24 24 15 15 11 11 18 16 9 9
split_gain=1.0631 0.331463 0.261503 0.267815 0.251439 0.207766 0.205161 0.212651 0.170906 0.165821 0.139985 0.118836 0.109976 0.0983412 0.0736685 0.0681938 0.0654048 0.0653682 0.0374345 0.0253928 0.0204285 0.016938 0.0154542 0.0138033 0.00678482 0.00444844
threshold=98.941250000000011 50.350000000000001 2.0650000000000004 1.7150000000000001 3.5600000000000001 100.18585 98.674999237060504 0.88253624091484195 91.124999999999957 51.850000000000001 99.043100000000024 100.30730000000001 1.0989520845310121 98.853950000000012 101.38210000000002 34.130481617115521 49.750000000000007 51.650000000000013 0.015236062935920303 0.01346198031342285 0.96424846430492661 1.0080628016087851 0.51941221475532318 46.136724652717227 0.99905574225818417 1.0073819208928689
decision_type=2 2 2 2 2 2 2 2 2 2 2 2 2 2 2 2 2 2 2 2 2 2 2 2 2 2
left_child=1 13 3 12 5 8 9 -8 -2 11 17 -7 18 15 -9 -1 -12 -10 -3 -4 -11 -6 -17 -24 -15 -23
right_child=4 2 19 -5 21 6 7 14 10 20 16 -13 -14 24 -16 22 -18 -19 -20 -21 -22 25 23 -25 -26 -27
leaf_value=0.00073284100686820839 -0.0020132894699251458 0.0020946811806357114 0.000497405638270404 0.0045494446595284073 0.0017841591937904013 -0.0016611508360894565 0.0010442576366714836 -0.0024536896608248031 -0.0011703493585532058 -0.0013716859645210204 0.0016623005210601078 -0.00031639582910671018 0 0.0016164190969006579 -0.00084481760730407334 -0.0015923098245282368 0.00041224477432983656 0.00059645789919886738 0.0011826214403034619 -0.00073322739371576824 -0.0031963006534746715 0.00097272073429485306 0 -0.00090749243148162038 0.00051903795768157572 0.00017596325168446839
leaf_weight=26 30 182 22 32 31 65 21 115 66 23 51 749 36 21 43 28 185 23 83 36 20 31 20 36 23 22
leaf_count=26 30 182 22 32 31 65 21 115 66 23 51 749 36 21 43 28 185 23 83 36 20 31 20 36 23 22
internal_value=0 0.00113141 0.00159489 0.00191882 -0.000417973 -0.000515945 -0.000730764 -0.00166015 0.000102828 -0.00053144 0.000312941 -0.000429365 0.00161508 -2.86851e-05 -0.00204277 -0.000526706 0.000700916 -0.000678871 0.00182582 -0.000215069 -0.00234188 0.00115609 -0.000955894 -0.000562702 0.00113374 0.00070693
internal_weight=2020 545 391 333 1475 1391 1036 179 355 857 325 814 301 154 158 110 236 89 265 58 43 84 84 56 44 53
internal_count=2020 545 391 333 1475 1391 1036 179 355 857 325 814 301 154 158 110 236 89 265 58 43 84 84 56 44 53
is_linear=0
shrinkage=0.03


Tree=4
num_leaves=21
num_cat=0
split_feature=21 23 23 23 23 20 23 10 15 22 23 22 23 22 24 24 24 10 9 15
split_gain=0.725678 0.52905 0.410795 0.223054 0.390559 0.242769 0.215514 0.172468 0.130505 0.125855 0.102733 0.0880653 0.0672949 0.0557002 0.0480681 0.0966332 0.0778468 0.0270394 0.0116497 0.00669223
threshold=1.1950000000000001 8.5004000000000008 0.23350000000000001 1.7358000000000002 1.6852000000000003 102.3749999999995 1.7295500000000004 0.99531251699419787 0.0093819334694710526 18.394999504089302 8.775800000000002 20.025000572204554 8.064700000000002 28.829999923706005 50.850000000000001 51.45000000000001 51.95000000000001 0.96826747175441608 1.017294697462183 0.015236062935920303
decision_type=2 2 2 2 2 2 2 2 2 2 2 2 2 2 2 2 2 2 2 2
left_child=8 2 11 4 9 7 -6 -5 -1 -4 13 17 -7 -3 -10 19 18 -2 -17 -16
right_child=1 10 3 5 6 12 -8 -9 14 -11 -12 -13 -14 -15 15 16 -18 -19 -20 -21
leaf_value=-6.8543780588937032e-05 -0.0015548420962360168 -0.0029466436857526947 -0.0001179273152491571 4.0789435911429225e-05 0.0039556290964747583 0.0012751612759107132 0.00020283882736111988 -0.00075905569685348541 0.0026401362787932159 0.001077073701785738 -0.0045667121562620863 -0.00035865413278341293 2.4731079237452436e-05 -0.00061261177490931011 0.00064318544993109651 0.0031153519297408504 0.00083295404420251286 -0.0032598839487880471 0.0016250416591115618 0
leaf_weight=37 26 21 294 420 42 105 23 552 54 106 22 24 69 24 37 42 40 39 22 21
leaf_count=37 26 21 294 420 42 105 23 552 54 106 22 24 69 24 37 42 40 39 22 21
internal_value=0 -0.000214812 -0.000109119 0 0.000554546 -0.00022379 0.00269637 -0.000410674 0.00150004 0.000193163 -0.00281141 -0.00208158 0.000799419 -0.00180742 0.00178163 0.00146262 0.00201416 -0.00265721 0.00268209 0.000405411
internal_weight=2020 1767 1700 1611 465 1146 65 972 253 400 67 89 174 45 216 162 104 65 64 58
internal_count=2020 1767 1700 1611 465 1146 65 972 253 400 67 89 174 45 216 162 104 65 64 58
is_linear=0
shrinkage=0.03


Tree=5
num_leaves=30
num_cat=0
split_feature=19 23 23 22 22 22 19 23 18 19 22 11 19 23 10 22 10 7 11 14 4 19 23 11 14 10 14 3 9
split_gain=0.961591 0.430263 0.322604 0.208083 0.234999 0.182503 0.194104 0.159311 0.1566 0.149647 0.116863 0.0981746 0.0962078 0.091151 0.0873552 0.0829064 0.065647 0.0532807 0.0467133 0.0605097 0.0304879 0.0252584 0.0213063 0.0207689 0.0202998 0.0182465 0.00418689 0.00289551 0.00134311
threshold=98.941250000000011 8.5004000000000008 0.23350000000000001 21.345000267028755 11.494999885559052 16.105000495910605 98.693900000000014 1.8413000000000002 0.17088724429206212 101.27910000000001 12.824999809265101 1.0714182889906607 101.31265 2.3367000000000004 0.99531251699419787 22.114999771118153 1.015109900732081 0.020199623772225905 0.97977243626605615 0.01792662812729295 -0.00035493083291914998 95.320250000000016 1.3824000000000003 0.99321685855529751 0.016717357088307152 0.96826747175441608 0.013036523157649452 0.00072540534893845011 0.99925597257100274
decision_type=2 2 2 2 2 2 2 2 2 2 2 2 2 2 2 2 2 2 2 2 2 2 2 2 2 2 2 2 2
left_child=5 2 15 4 7 6 23 -4 22 16 27 18 -3 -6 -11 25 -5 -14 24 -20 -12 -13 -7 -1 -10 -2 -23 -8 -25
right_child=1 12 3 9 13 8 10 -9 11 14 20 21 17 -15 -16 -17 -18 -19 19 -21 -22 26 -24 28 -26 -27 -28 -29 -30
leaf_value=0 -0.0015099244529588355 -0.0044356674266898119 0.0022035010440145117 0.0014116695796074863 -0.00028343902055710275 0.00034150004130788149 0.00034272434672786163 0.00010145103946903161 5.9302265298486273e-05 0.00027076809450076768 0.0031820034079719332 0.0013032491049816597 -0.002680989368030658 -0.00091932761996992799 -0.001616117028697558 -0.00014626384863264058 4.0327546070329839e-05 -0.00038753647125226313 0.0023912291742471804 0.00071535322905983778 0.001173425754288804 0.00041058452447759918 -0.00093263901677398408 -0.00043226817533697777 0.001491680429250534 -0.0030049516854977068 -9.8166150559501872e-05 -7.7762032393366085e-05 -0.0011377718838209165
leaf_weight=20 26 22 42 134 482 22 22 147 20 57 23 31 25 377 33 20 47 20 177 29 21 23 20 22 27 43 21 21 46
leaf_count=20 26 22 42 134 482 22 22 147 20 57 23 31 25 377 33 20 47 20 177 29 21 23 20 22 27 43 21 21 46
internal_value=0 -0.000397219 -0.000282066 -0.000160889 -0.000354282 0.00107634 0.000255125 0.000593502 0.00145493 0.000574514 0.0012654 0.00167632 -0.0027333 -0.000566752 -0.000398279 -0.00202286 0.00107424 -0.00175748 0.00196501 0.00217439 0.00233741 0.000649978 -0.000203045 -0.000712958 0.000958592 -0.00251408 0.000104319 7.20885e-05 -0.000962572
internal_weight=2020 1475 1408 1319 1048 545 175 189 370 271 87 328 67 859 90 89 181 45 253 206 44 75 42 88 47 69 44 43 68
internal_count=2020 1475 1408 1319 1048 545 175 189 370 271 87 328 67 859 90 89 181 45 253 206 44 75 42 88 47 69 44 43 68
is_linear=0
shrinkage=0.03


Tree=6
num_leaves=27
num_cat=0
split_feature=19 23 23 24 24 11 20 23 24 20 24 17 24 11 19 23 16 11 15 15 23 13 11 23 16 9
split_gain=0.906925 0.406774 0.304765 0.293218 0.219611 0.183748 0.15302 0.226535 0.112103 0.189961 0.128112 0.0942592 0.093188 0.136741 0.0880181 0.0781546 0.0591949 0.0578898 0.0316057 0.0305558 0.0297253 0.0189451 0.0188394 0.0164691 0.00900986 0.00719389
threshold=98.941250000000011 8.5004000000000008 0.23350000000000001 50.350000000000001 51.850000000000001 1.0989520845310121 102.54500198364202 1.7358000000000002 50.850000000000001 96.115001678466768 51.45000000000001 0.0042621056276794011 50.150000000000013 0.93620321621072322 98.853950000000012 0.068200000000000011 34.130481617115521 1.0471463249484623 0.015653291155580205 0.011263012931805951 1.1259500000000002 0.97131060721442009 0.95436477448514678 1.6552000000000002 46.002978990870425 0.99905574225818417
decision_type=2 2 2 2 2 2 2 2 2 2 2 2 2 2 2 2 2 2 2 2 2 2 2 2 2 2
left_child=3 2 15 14 6 8 7 -4 9 -5 18 -8 13 -3 16 -2 -1 -12 -10 -11 24 -17 -6 -7 -18 -16
right_child=1 12 4 5 22 23 11 -9 10 19 17 -13 -14 -15 25 21 20 -19 -20 -21 -22 -23 -24 -25 -26 -27
leaf_value=0.00065142720773453931 -0.00024226938225151769 -0.0015046073171593572 0.00052267346503050323 0.00023411221993501383 -0.0012263063052669169 0.00035510160084555135 0.0011272870934361577 -0.000462458124043927 0.00081474760554170185 0.0048732444133077349 0.0022738987376307658 -0.00054262825877506385 -0.00087480605365999507 -0.0051779227172550945 0.0015318723305721173 -0.0013854861324653026 0 0.00099912861764823893 -0.00036708030802378014 0.0027923803223773493 -0.0017615530256714139 -0.002935369442900022 -0.002986198059890581 -0.00065557458040504046 -0.00071459959334721414 0.00044553610536968337
leaf_weight=26 22 22 278 23 21 26 133 829 48 20 112 36 23 22 21 23 20 63 30 42 27 44 22 27 37 23
leaf_count=26 22 22 278 23 21 26 133 829 48 20 112 36 23 22 21 23 20 63 30 42 27 44 22 27 37 23
internal_value=0 -0.000385708 -0.000273678 0.00104535 -0.000155831 0.00148137 -8.14684e-05 -0.000212107 0.00173884 0.00272127 0.00138755 0.000752819 -0.00265726 -0.00348218 -4.47552e-05 -0.00196573 -0.000516497 0.00184031 0.000323331 0.00357794 -0.000916702 -0.00247564 -0.0022423 -0.000106821 -0.000441313 0.0010532
internal_weight=2020 1475 1408 545 1319 391 1276 1107 338 85 253 169 67 44 154 89 110 175 78 62 84 67 43 53 57 44
internal_count=2020 1475 1408 545 1319 391 1276 1107 338 85 253 169 67 44 154 89 110 175 78 62 84 67 43 53 57 44
is_linear=0
shrinkage=0.03


Tree=7
num_leaves=26
num_cat=0
split_feature=19 23 23 24 21 21 24 21 19 24 16 17 19 23 16 10 18 23 15 10 19 21 9 16 18
split_gain=0.856138 0.384507 0.287807 0.276206 0.215062 0.231278 0.207594 0.143253 0.151194 0.0875801 0.11506 0.0840653 0.0831866 0.0733682 0.064658 0.0561174 0.0481395 0.0249642 0.0211436 0.0183954 0.0173534 0.00903791 0.00659388 0.00435625 0.00213556
threshold=98.941250000000011 8.5004000000000008 0.23350000000000001 50.350000000000001 2.0650000000000004 1.7150000000000001 51.850000000000001 1.6950000000000001 101.02135000000001 50.150000000000013 37.199501997218853 0.0021621141655849005 98.853950000000012 0.068200000000000011 70.622242650839567 0.97246424548489374 0.30697182396785677 1.1259500000000002 0.01346198031342285 0.96826747175441608 103.34875000000001 0.93500000000000016 0.99905574225818417 33.631230813276098 0.66888025183512811
decision_type=2 2 2 2 2 2 2 2 2 2 2 2 2 2 2 2 2 2 2 2 2 2 2 2 2
left_child=3 2 13 12 5 14 7 11 -9 10 -3 -4 15 -2 16 23 -5 24 -6 -15 -8 -16 -14 -1 -17
right_child=1 9 6 4 18 -7 20 8 -10 -11 -12 -13 22 19 21 17 -18 -19 -20 -21 -22 -23 -24 -25 -26
leaf_value=0.00062475179892498996 -0.00023531731725012395 -0.0015359146973199169 -0.00034240514147996885 0.00044123052952893299 0.00044461507281369489 0.0041782283474775875 -0.0029005070455048391 0.00054490860370879095 -0.00020282946910216455 -0.00084965537925018003 -0.0049548558327166935 -0.001605898156004626 0.0014880050688304682 -0.0014211129289534356 0.00070550508820451795 -0.00082677634026289781 0.0018196052137895546 -0.0019028489456876464 -0.00067397684193644175 -0.0029081563236457962 -0.0011911893618208442 0 0.00043272693594917659 0 -0.00017473241912583553
leaf_weight=20 22 22 163 33 22 32 22 383 658 23 22 72 21 26 31 20 217 22 36 41 21 20 23 21 27
leaf_count=20 22 22 163 33 22 32 22 383 658 23 22 72 21 26 31 20 217 22 36 41 21 20 23 21 27
internal_value=0 -0.000374883 -0.000265896 0.00101553 0.00143872 0.0017326 -0.000151305 -7.89387e-05 6.96548e-05 -0.00258352 -0.00338417 -0.000747394 -4.192e-05 -0.00191028 0.00144969 -0.000501074 0.00165209 -0.00102886 -0.000198491 -0.0024046 -0.00217995 0.000387136 0.00102492 0.000319076 -0.000526142
internal_weight=2020 1475 1408 545 391 333 1319 1276 1041 67 44 235 154 89 301 110 250 69 58 67 43 51 44 41 47
internal_count=2020 1475 1408 545 391 333 1319 1276 1041 67 44 235 154 89 301 110 250 69 58 67 43 51 44 41 47
is_linear=0
shrinkage=0.03


Tree=8
num_leaves=26
num_cat=0
split_feature=19 23 23 24 21 21 24 22 22 19 11 19 19 22 22 17 24 23 20 11 11 11 11 9 22
split_gain=0.807503 0.363418 0.271761 0.260248 0.202598 0.217815 0.196206 0.152122 0.179705 0.136578 0.0910828 0.0854767 0.078767 0.0701831 0.0489579 0.0459662 0.0401699 0.0320051 0.0285704 0.0234403 0.0212173 0.0190349 0.0163646 0.00603291 0.00412768
threshold=98.941250000000011 8.5004000000000008 0.23350000000000001 50.350000000000001 2.0650000000000004 1.7150000000000001 51.850000000000001 21.345000267028755 11.494999885559052 101.27910000000001 1.0740103019101441 101.31265 98.853950000000012 20.025000572204554 29.064999580383255 -0.0036697207059013998 51.45000000000001 1.1259500000000002 91.124999999999957 0.96424846430492661 1.0311395874871663 0.93311887835353224 0.96424846430492661 0.99905574225818417 14.644999980926451
decision_type=2 2 2 2 2 2 2 2 2 2 2 2 2 2 2 2 2 2 2 2 2 2 2 2 2
left_child=3 2 13 12 5 10 7 8 -4 -9 16 -3 15 21 -13 19 -5 24 -12 -1 -6 -2 -8 -14 -17
right_child=1 11 6 4 20 -7 22 9 -10 -11 18 14 23 -15 -16 17 -18 -19 -20 -21 -22 -23 -24 -25 -26
leaf_value=0.00075144526550289365 -0.0011977705327527865 -0.0041163002492293063 0.00057573070944392948 0.001173764369929813 0.00043014844687422739 0.0040566799498417162 -0.0012248167542275041 0.0010270265500846639 -0.00044400599135642081 -0.0003788301723537158 -6.0613928815803008e-05 -0.002604069744925136 0.0014453940232369031 -0.00030375805486226458 -0.00042669886240037159 0 0.0021298734487349242 -0.0019630180561672084 0.00098594427946773052 -0.00053069331197600281 -0.00068333638548695799 -0.0027899342048103397 -0.0028979735097714831 0.00042028604727238422 -0.00070490289611292874
leaf_weight=28 20 22 189 95 23 32 23 181 816 90 36 22 21 24 23 20 123 22 47 20 35 45 20 23 20
leaf_count=28 20 22 189 95 23 32 23 181 816 90 36 22 21 24 23 20 123 22 47 20 35 45 20 23 20
internal_value=0 -0.000364543 -0.000258521 0.000985801 0.00139659 0.00168185 -0.0001471 -7.66788e-05 -0.000248871 0.000549431 0.00140685 -0.0025119 -4.00968e-05 -0.00185649 -0.00158988 -0.000487392 0.00173418 -0.00102774 0.000500983 0.000156068 -0.000191128 -0.00237106 -0.00211939 0.000997456 -0.000404841
internal_weight=2020 1475 1408 545 391 333 1319 1276 1005 271 301 67 154 89 45 110 218 62 83 48 58 65 43 44 40
internal_count=2020 1475 1408 545 391 333 1319 1276 1005 271 301 67 154 89 45 110 218 62 83 48 58 65 43 44 40
is_linear=0
shrinkage=0.03


Tree=9
num_leaves=31
num_cat=0
split_feature=19 23 22 23 23 10 15 24 23 23 11 23 11 15 20 14 22 17 21 11 20 23 16 21 19 11 10 11 11 16
split_gain=0.762801 0.310738 0.254644 0.19683 0.209087 0.229578 0.178427 0.150808 0.14071 0.322819 0.13544 0.095524 0.090289 0.115846 0.0882829 0.0821949 0.0661553 0.049413 0.0439532 0.0404775 0.0290838 0.0270951 0.0201831 0.0201288 0.0178728 0.0152159 0.0143177 0.0134137 0.00904649 0.00860287
threshold=100.18585 8.775800000000002 18.845000267028755 0.23350000000000001 1.6705000000000003 0.99687323499137948 0.011342056701104003 51.650000000000013 1.6777500000000003 1.8413000000000002 1.1030139102451371 8.2272000000000016 0.97253694430076243 0.012592353901390801 105.54999923706002 0.016407406971208804 22.114999771118153 -0.0011083886593317497 2.1350000000000002 0.9950783398292149 96.084999084472614 1.4393000000000002 59.156265069126455 1.7550000000000001 100.07525000000003 1.0299555113274166 0.96826747175441608 0.96636623814837208 1.0347021290184162 57.731824791467254
decision_type=2 2 2 2 2 2 2 2 2 2 2 2 2 2 2 2 2 2 2 2 2 2 2 2 2 2 2 2 2 2
left_child=2 3 6 16 21 14 8 19 20 24 12 -7 13 -4 -6 22 26 -11 -9 23 27 -5 -14 -8 -10 -23 -2 -1 -17 -20
right_child=1 -3 10 4 5 11 7 18 9 17 -12 -13 15 -15 -16 28 -18 -19 29 -21 -22 25 -24 -25 -26 -27 -28 -29 -30 -31
leaf_value=0.00096106211254796525 -0.0013259965529044467 -0.0039981801859710524 -0.0014788007431530525 0 -0.00012134479931461731 -0.00076512585920370055 0.00037353932186379098 0.0019209175908371156 0.004417519059032201 0.0014224400938089403 -0.0004350075938183671 -0.0022546193896357536 0.0021827906519012136 0.0011591073541754406 0.0011837406424049918 0.00086099865169757435 -0.00011209510878792829 -0.00031492299495730549 0.00054035350007881574 -0.00094689517530852985 -0.00078625334372165899 0.0017036601647572671 0.0014462580651537294 -0.0006472029672935605 0.0023450403884053227 0.00042710233626088926 -0.0026869187844409184 0 0 -8.5243999292807909e-05
leaf_weight=21 26 22 20 21 380 433 39 22 23 20 38 45 128 48 52 33 20 44 50 154 28 45 112 29 21 20 43 36 27 20
leaf_count=21 26 22 20 21 380 433 39 22 23 20 38 45 128 48 52 33 20 44 50 154 28 45 112 29 21 20 43 36 27 20
internal_value=0 -0.000529494 0.000641283 -0.000452782 -0.000327323 -0.000463525 0.000185211 -0.000248553 0.000904028 0.00161753 0.00120159 -0.000916027 0.00137943 0.000329586 3.11914e-05 0.00160555 -0.00180423 0.00019538 0.00075214 -0.000678221 0 0.00106816 0.00185895 -2.13698e-05 0.00356914 0.00136875 -0.00224323 0.000377099 0.000528887 0.000320675
internal_weight=2020 1107 913 1085 996 910 507 314 193 108 406 478 368 68 432 300 89 64 92 222 85 86 240 68 44 65 69 57 60 70
internal_count=2020 1107 913 1085 996 910 507 314 193 108 406 478 368 68 432 300 89 64 92 222 85 86 240 68 44 65 69 57 60 70
is_linear=0
shrinkage=0.03


Tree=10
num_leaves=29
num_cat=0
split_feature=21 24 21 20 21 24 21 17 24 10 14 24 15 22 15 24 24 24 11 21 20 20 11 11 14 9 11 10
split_gain=0.512574 0.193471 0.244483 0.2385 0.225046 0.143252 0.141394 0.125972 0.109346 0.104884 0.104575 0.107597 0.104072 0.103444 0.0990833 0.044494 0.082128 0.0656916 0.0363229 0.0272638 0.0179224 0.0169154 0.0154883 0.0148572 0.0104427 0.0103146 0.00858451 0.00541558
threshold=1.1950000000000001 50.250000000000007 2.3950000000000005 90.975002288818359 3.5600000000000001 51.850000000000001 1.8750000000000002 -0.0041579027592880983 49.550000000000004 0.99254259395486166 0.022837640334674003 49.45000000000001 0.0093819334694710526 16.054999351501404 0.010257426115314602 50.850000000000001 51.45000000000001 51.95000000000001 1.0187093935743012 1.6650000000000003 91.319999694824162 90.334999084472614 1.0080628016087851 0.96424846430492661 0.015593897377690803 1.017294697462183 0.98815855766745997 1.0069047088301859
decision_type=2 2 2 2 2 2 2 2 2 2 2 2 2 2 2 2 2 2 2 2 2 2 2 2 2 2 2 2
left_child=12 4 3 21 6 9 8 19 18 20 11 -8 -1 -10 -9 -14 27 25 -2 -5 -4 -3 -6 -7 -24 -18 -11 -17
right_child=1 2 5 7 22 23 10 14 13 26 -12 -13 15 -15 -16 16 17 -19 -20 -21 -22 -23 24 -25 -26 -27 -28 -29
leaf_value=-0.00013435027864302116 0.0019019196650811602 -0.0018699575811624526 0 0.0010454947043742452 0.0016101750576635822 -0.0011837004295084626 -0.00033987483673357727 0.0014288119748492839 -0.00087753530606297122 0 0.00093982796880524042 -0.001253052199657262 0.0023267988074994225 0.00021992611946013046 0.00029573132483290643 0.00059742956677370752 0.0027241983671434395 0.00063256448391461515 0.00016776339629611284 0.0028597528851207563 0.00083702316729392372 -0.00046727879860681361 0.0009393561678516561 -0.0028015906970415795 0 0.0013517379994787599 -0.00073906959086161806 0
leaf_weight=37 27 26 32 20 31 23 184 105 153 21 25 376 54 148 232 22 42 40 25 33 68 22 31 20 22 22 143 36
leaf_count=37 27 26 32 20 31 23 184 105 153 21 25 376 54 148 232 22 42 40 25 33 68 22 31 20 22 22 143 36
internal_value=0 -0.000181139 0.000183544 0.000640798 -0.000449832 -0.000459047 -0.000585301 0.000891423 -0.000101005 -0.000181676 -0.000871744 -0.000959496 0.00126009 -0.000329045 0.000660827 0.00151229 0.00120978 0.00171586 0.00114369 0.00226272 0.000564738 -0.00131094 0.00101671 -0.00205096 0.000590638 0.00232662 -0.000655652 0.000237757
internal_weight=2020 1767 745 438 1022 307 938 390 353 264 585 560 253 301 337 216 162 104 52 53 100 48 84 43 53 64 164 58
internal_count=2020 1767 745 438 1022 307 938 390 353 264 585 560 253 301 337 216 162 104 52 53 100 48 84 43 53 64 164 58
is_linear=0
shrinkage=0.03


Tree=11
num_leaves=26
num_cat=0
split_feature=19 23 23 24 24 21 21 22 22 19 11 24 11 19 19 10 24 20 23 11 21 11 16 16 18
split_gain=0.694754 0.31821 0.233518 0.22045 0.174339 0.171801 0.192277 0.137144 0.153046 0.122415 0.0781786 0.0777299 0.118376 0.0711076 0.0618607 0.0465603 0.036786 0.0260748 0.0211914 0.0189948 0.0177043 0.0136502 0.0031368 0.00312938 0.00200492
threshold=98.941250000000011 8.5004000000000008 0.23350000000000001 50.350000000000001 51.850000000000001 2.0650000000000004 1.7150000000000001 21.345000267028755 11.494999885559052 101.27910000000001 1.0740103019101441 50.150000000000013 0.93620321621072322 98.853950000000012 100.69815000000001 0.97246424548489374 51.45000000000001 91.124999999999957 1.1259500000000002 1.0311395874871663 2.2150000000000003 0.96424846430492661 49.234333488515922 33.631230813276098 0.66888025183512811
decision_type=2 2 2 2 2 2 2 2 2 2 2 2 2 2 2 2 2 2 2 2 2 2 2 2 2
left_child=3 2 14 13 7 6 10 8 -4 -9 16 12 -3 15 -2 23 -5 -12 24 -7 -16 -6 -15 -1 -17
right_child=1 11 4 5 21 19 -8 9 -10 -11 17 -13 -14 22 20 18 -18 -19 -20 -21 -22 -23 -24 -25 -26
leaf_value=0.00054789358630244218 -0.0025466139326492947 -0.0012610308485024649 0.00052827401649402947 0.0010640510867888223 -0.0011496690411586313 0.0004194845822057687 0.0037883356193249879 0.000978159965854242 -0.0004123709539656741 -0.00035158796737182505 -8.0709331461253602e-05 -0.00071361916253226811 -0.0046737950994916585 0.001297956846654415 0 -0.00074903767835348854 0.0019777294547210686 0.00091881734668640999 -0.0017435441169401872 -0.00063444438485506303 -0.0013303361083739076 -0.0027215452779616625 0.00040551731851883234 0 -0.00013137352602539715
leaf_weight=20 44 22 189 95 23 23 32 181 816 90 36 23 22 23 20 20 123 47 22 35 25 20 21 21 27
leaf_count=20 44 22 189 95 23 23 32 181 816 90 36 23 22 23 20 20 123 47 22 35 25 20 21 21 27
internal_value=0 -0.000337854 -0.000238499 0.000914675 -0.000135037 0.00129272 0.00155545 -6.85234e-05 -0.000232142 0.000525848 0.00129637 -0.00234747 -0.00310002 -2.79661e-05 -0.00171996 -0.000454118 0.00159994 0.000453774 -0.000935854 -0.000165633 -0.000808659 -0.00199419 0.000957163 0.000288159 -0.000466839
internal_weight=2020 1475 1408 545 1319 391 333 1276 1005 271 301 67 44 154 89 110 218 83 69 58 45 43 44 41 47
internal_count=2020 1475 1408 545 1319 391 333 1276 1005 271 301 67 44 154 89 110 218 83 69 58 45 43 44 41 47
is_linear=0
shrinkage=0.03


Tree=12
num_leaves=31
num_cat=0
split_feature=19 23 22 23 23 21 17 23 23 11 24 11 14 14 22 17 21 19 11 20 11 13 16 23 22 17 11 19 11 11
split_gain=0.655413 0.275737 0.217334 0.169184 0.198192 0.143308 0.142953 0.138849 0.430714 0.119924 0.0926409 0.0803 0.10407 0.0755163 0.058386 0.0428147 0.0372988 0.0285799 0.0329404 0.0269989 0.0252386 0.0174466 0.0169208 0.0147755 0.0139953 0.0113497 0.00898733 0.00847565 0.0081326 0.00528181
threshold=100.18585 8.775800000000002 18.845000267028755 0.23350000000000001 1.7358000000000002 3.6750000000000003 0.00025954007470240008 1.6852000000000003 1.8413000000000002 1.1020572043452954 51.650000000000013 0.97253694430076243 0.013375327919796303 0.016407406971208804 20.025000572204554 -0.00071901037056754981 2.1350000000000002 98.941250000000011 0.99023739390685106 91.124999999999957 1.0232632732047848 0.97131060721442009 57.055420487968611 1.5337500000000002 12.934999942779502 0.0029261282119876502 0.94138991165109676 103.38335000000002 1.0347021290184162 0.96424846430492661
decision_type=2 2 2 2 2 2 2 2 2 2 2 2 2 2 2 2 2 2 2 2 2 2 2 2 2 2 2 2 2 2
left_child=2 3 7 14 16 6 -6 17 24 11 19 12 -4 22 21 -12 25 18 29 -10 -7 -2 -13 -20 -9 -5 -19 -18 -15 -1
right_child=1 -3 9 4 5 20 -8 8 10 -11 15 13 -14 28 -16 -17 27 26 23 -21 -22 -23 -24 -25 -26 -27 -28 -29 -30 -31
leaf_value=0.00069081038030482629 -0.0011285035202745347 -0.0037586034278830754 -0.0014210876783888255 0.00043202504540518433 -0.0002337949089159842 0.0013180567873414695 -0.0010636037843836815 0.0022749018510398659 -0.0014159565735608337 -0.00040306815599324184 0.0012405420717169784 0.0021055847673533295 0.0010792543485496971 0.00077598103350850144 -0.00024559062970918601 9.8414299738551684e-05 0.0008030918326885362 -0.00025254630097853282 -0.00076638951615358767 -0.00020584327674499689 0 -0.0025863446097734361 0.0014122351888756603 0 0.0042588370421103063 -0.00033739897065795959 -0.0012934002975861611 0.0017483712704852222 0 0
leaf_weight=28 23 22 20 43 448 40 336 22 21 39 64 106 48 33 24 66 60 20 64 112 22 42 133 32 20 24 38 23 27 20
leaf_count=28 23 22 20 43 448 40 336 22 21 39 64 106 48 33 24 66 60 20 64 112 22 42 133 32 20 24 38 23 27 20
internal_value=0 -0.00049051 0.000594732 -0.000418082 -0.000301505 -0.000481847 -0.000594151 0.000172842 0.000580314 0.00111248 0.000112946 0.00128235 0.000290444 0.00149621 -0.00167152 0.000688771 0.00069221 -0.00042745 -0.000172594 -0.000428443 0.000877528 -0.00214086 0.00173974 -0.000506453 0.00336647 0.000111384 -0.000995696 0.00111845 0.000464364 0.000430608
internal_weight=2020 1107 913 1085 996 846 784 507 305 406 263 367 68 299 89 130 150 202 144 133 62 65 239 96 42 67 58 83 60 48
internal_count=2020 1107 913 1085 996 846 784 507 305 406 263 367 68 299 89 130 150 202 144 133 62 65 239 96 42 67 58 83 60 48
is_linear=0
shrinkage=0.03


Tree=13
num_leaves=21
num_cat=0
split_feature=21 23 23 23 23 20 10 23 15 22 17 17 22 24 24 24 18 10 9 10
split_gain=0.432297 0.334908 0.251366 0.159709 0.273381 0.176855 0.14755 0.136726 0.0916489 0.08789 0.0851368 0.071892 0.0547918 0.0427821 0.0751385 0.0585827 0.0294217 0.0175835 0.00913374 0.00506744
threshold=1.1950000000000001 8.5004000000000008 0.23350000000000001 1.7358000000000002 1.6852000000000003 102.3749999999995 0.99531251699419787 1.7295500000000004 0.0093819334694710526 18.394999504089302 0.0042621056276794011 0.0029261282119876502 20.025000572204554 50.850000000000001 51.45000000000001 51.95000000000001 0.80041916178623052 0.96826747175441608 1.017294697462183 1.0069047088301859
decision_type=2 2 2 2 2 2 2 2 2 2 2 2 2 2 2 2 2 2 2 2
left_child=8 2 12 4 9 6 -5 -6 -1 -4 -7 16 17 -10 19 18 -3 -2 -16 -15
right_child=1 11 3 5 7 10 -8 -9 13 -11 -12 -13 -14 14 15 -17 -18 -19 -20 -21
leaf_value=-0.00014735226880599695 -0.0011595077839576535 -0.00059225441091361321 -8.9309759928832042e-05 7.1756939459565651e-05 0.0032721299263973572 0.0010377715260205466 -0.00066807939695691257 0.00024264609074452892 0.002188131917742166 0.00090798154195757558 -0.00052688294917377213 -0.0038115107206228584 -0.00023851761752273883 0.0005223598378487741 0.0025349139252266047 0.0005570323647272477 -0.0023416650436286417 -0.0025738183233886954 0.0012321243624648323 0
leaf_weight=37 26 27 294 420 42 137 552 23 54 106 37 20 24 22 42 40 20 39 22 36
leaf_count=37 26 27 294 420 42 137 552 23 54 106 37 20 24 22 42 40 20 39 22 36
internal_value=0 -0.000166141 -8.16796e-05 2.65845e-06 0.000472817 -0.000185743 -0.000345569 0.00226553 0.00115742 0.000169096 0.000686805 -0.00223235 -0.00162469 0.0013944 0.00109962 0.00158265 -0.00143246 -0.00207969 0.00215908 0.000170497
internal_weight=2020 1767 1700 1611 465 1146 972 65 253 400 174 67 89 216 162 104 47 65 64 58
internal_count=2020 1767 1700 1611 465 1146 972 65 253 400 174 67 89 216 162 104 47 65 64 58
is_linear=0
shrinkage=0.03


Tree=14
num_leaves=31
num_cat=0
split_feature=19 22 21 21 19 18 20 22 21 11 15 21 15 22 11 20 11 15 15 16 15 11 11 21 7 17 22 4 8 17
split_gain=0.598967 0.164409 0.190402 0.146526 0.131257 0.11116 0.114528 0.113071 0.106739 0.153651 0.109207 0.0798008 0.0672515 0.065253 0.0856915 0.0413377 0.0368225 0.0329202 0.0289558 0.0264393 0.0263805 0.0165097 0.0135261 0.0115536 0.0101309 0.010098 0.0081345 0.00481188 0.0045824 0.000892438
threshold=98.941250000000011 11.494999885559052 3.5600000000000001 1.8650000000000004 103.38335000000002 0.30697182396785677 96.514999389648423 28.585000038146905 2.2850000000000006 1.0266024598691681 0.021442058258215501 2.9050000000000007 0.011342056701104003 16.314999580383255 1.0714182889906607 93.844997406005859 0.97977243626605615 0.0098998567079354016 0.011153785040426302 44.712425141071741 0.013024877181991851 1.0016332166823707 1.0080628016087851 2.3650000000000007 0.021818414988595155 -0.00049519623576714988 21.154999732971152 -0.0029374355863109997 1.000793010877379 0.0014248907262069501
decision_type=2 2 2 2 2 2 2 2 2 2 2 2 2 2 2 2 2 2 2 2 2 2 2 2 2 2 2 2 2 2
left_child=3 12 4 5 8 16 13 -8 9 -3 -10 26 15 18 -15 17 -1 -2 -7 -14 -5 -9 -4 -21 -18 -13 -6 -24 -22 -17
right_child=1 2 22 20 11 6 7 21 10 -11 -12 25 19 14 -16 29 24 -19 -20 23 28 -23 27 -25 -26 -27 -28 -29 -30 -31
leaf_value=-0.0010360024904975118 -0.00035324909765738997 -0.00010735820435908116 0.001478899426816497 0.00054946101674894718 0.0014766866696568637 0.00062318627643166095 0.0035497530148100309 0.00067548124205010632 -0.0010887507053930494 -0.0012585163604833286 0.0010680799556763044 9.4089111884823062e-05 0.0006465148848499386 0.0015476390422618186 6.342690167880123e-05 0.0020892428996471257 0.00072988200036010567 0.00098980692676023429 -0.00053285622431430959 0 -0.00016913273824847519 0.0019443462393432852 0 -0.00089891839001793414 0 -0.00057567271338627068 0.00043015689665282318 0.0007486462427837336 -0.00087835217574611297 0.0010114281406360013
leaf_weight=21 24 470 31 21 38 49 36 35 448 136 20 24 25 164 50 25 34 37 29 29 28 24 20 29 20 45 21 33 34 20
leaf_count=21 24 470 31 21 38 49 36 35 448 136 20 24 25 164 50 25 34 37 29 29 28 24 20 29 20 45 21 33 34 20
internal_value=0 -0.000313944 -0.000436638 0.00084904 -0.000534893 0.00105861 0.00126298 0.00219028 -0.000644095 -0.000372294 -0.000988101 0.000356012 0.000503011 0.000944604 0.00121672 0.00100319 0 0.00041583 0.000154097 -0.000104401 -0.000280465 0.00126543 0.000923806 -0.000484391 0.000416208 -0.000301839 0.00116757 0.000522199 -0.000613447 0.00170783
internal_weight=2020 1475 1286 545 1202 462 387 95 1074 606 468 128 189 292 214 106 75 61 78 83 83 59 84 58 54 69 59 53 62 45
internal_count=2020 1475 1286 545 1202 462 387 95 1074 606 468 128 189 292 214 106 75 61 78 83 83 59 84 58 54 69 59 53 62 45
is_linear=0
shrinkage=0.03


Tree=15
num_leaves=30
num_cat=0
split_feature=24 23 23 22 24 23 24 23 23 11 10 15 10 21 23 21 24 24 10 12 23 21 24 15 21 11 21 22 14
split_gain=0.399742 0.504677 0.254718 0.173259 0.170755 0.159194 0.141727 0.104118 0.121695 0.0906063 0.0903831 0.0775924 0.0764923 0.0763153 0.0606294 0.0570303 0.101188 0.0737098 0.0669496 0.055296 0.0503024 0.0502643 0.044991 0.0552954 0.0375668 0.0177854 0.0135572 0.012773 0.0126053
threshold=50.250000000000007 1.8413000000000002 8.775800000000002 17.100000381469652 49.45000000000001 1.6852000000000003 49.550000000000004 0.21195000000000003 2.3367000000000004 1.0989520845310121 1.0223843723024388 0.013221202613234203 1.0443434136193039 1.8750000000000002 5.0351500000000007 2.3750000000000004 51.850000000000001 51.850000000000001 0.99254259395486166 0.99359280698547325 8.064700000000002 1.7050000000000003 50.600000000000001 0.014226851010991602 2.8650000000000007 1.0902212830038258 2.3950000000000005 12.934999942779502 0.013036523157649452
decision_type=2 2 2 2 2 2 2 2 2 2 2 2 2 2 2 2 2 2 2 2 2 2 2 2 2 2 2 2 2
left_child=2 5 3 7 12 9 19 -1 13 22 15 -8 20 -9 -10 16 21 18 -17 -6 -5 -3 -2 -24 25 26 -12 -7 -11
right_child=1 10 -4 4 6 27 11 8 14 28 24 -13 -14 -15 -16 17 -18 -19 -20 -21 -22 -23 23 -25 -26 -27 -28 -29 -30
leaf_value=-0.002361950887313911 0 -0.00041784773310313798 -0.0035438177895772711 0.0015851957885929353 -0.00050523074589935797 0.002070751425364743 -0.00067523638714454468 8.2680744888592635e-05 -0.002691641628121336 0.00031620022103768483 0 0.00023462848270055739 -0.00043628882458950915 -0.00076394584207564297 -0.00057925612216867101 0.00057443640693025566 0.0021071667017880827 -0.001434450752257059 -0.00045454500968006046 -0.0028984893411397933 0 0.00056413627367951896 0.0017535580056849125 0.00065048254846634577 -0.0018141113421787358 -0.0012060932407531072 -0.00073779487944463447 0.0039547875491636143 -0.00062121920654846518
leaf_weight=34 22 69 22 91 20 22 128 158 35 28 61 238 26 221 26 106 29 35 120 23 22 130 164 70 25 24 30 20 21
leaf_count=34 22 69 22 91 20 22 128 158 35 28 61 238 26 221 26 106 29 35 120 23 22 130 164 70 25 24 30 20 21
internal_value=0 0.000436863 -0.000407241 -0.000333391 2.47685e-05 0.00135396 -0.000278544 -0.000752962 -0.000616755 0.00109313 -6.56536e-05 -7.63741e-05 0.000934291 -0.000403815 -0.00186353 0.00012182 0.000471037 -0.000172425 1.52632e-05 -0.00189031 0.00127702 0.000208263 0.00131905 0.00144052 -0.00073797 -0.000464542 -0.000225376 0.00310879 -2.99403e-05
internal_weight=2020 976 1044 1022 548 347 409 474 440 305 629 366 139 379 61 489 228 261 226 43 113 199 256 234 140 115 91 42 49
internal_count=2020 976 1044 1022 548 347 409 474 440 305 629 366 139 379 61 489 228 261 226 43 113 199 256 234 140 115 91 42 49
is_linear=0
shrinkage=0.03


Tree=16
num_leaves=29
num_cat=0
split_feature=19 24 21 21 21 17 20 24 24 20 24 21 20 11 11 19 20 10 24 19 15 20 15 11 24 15 4 9
split_gain=0.534109 0.173823 0.141658 0.131595 0.152635 0.112508 0.098191 0.0916327 0.0823991 0.0889144 0.0806721 0.106104 0.0784414 0.0757604 0.0639267 0.0613932 0.0550964 0.0392868 0.0337725 0.030799 0.0246899 0.0222595 0.0167954 0.0129072 0.0114994 0.0055861 0.00433538 0.00270678
threshold=98.941250000000011 50.350000000000001 3.5600000000000001 2.0650000000000004 1.7150000000000001 0.0027846773157823505 99.084999084472614 50.250000000000007 51.850000000000001 90.935001373290959 49.45000000000001 1.8750000000000002 104.70999908447251 0.89558554027222492 1.0740103019101441 98.853950000000012 94.975002288818359 0.97246424548489374 51.45000000000001 99.043100000000024 0.016311656058840756 91.124999999999957 0.01346198031342285 1.0080628016087851 49.95000000000001 0.015076140770187601 -0.0029374355863109997 0.97452859390114088
decision_type=2 2 2 2 2 2 2 2 2 2 2 2 2 2 2 2 2 2 2 2 2 2 2 2 2 2 2 2
left_child=1 15 5 4 14 7 16 10 9 -9 11 -2 -8 -12 18 17 20 27 -3 -18 -7 -16 -5 -4 -19 -17 -25 -1
right_child=2 3 23 22 -6 6 12 8 -10 -11 13 -13 -14 -15 21 25 19 24 -20 -21 -22 -23 -24 26 -26 -27 -28 -29
leaf_value=0 0.0015699409790070993 0.00090072063669890663 0.0014240890286746433 0.00043650268518325428 0.0033613159351728178 -0.00072217363053878633 -0.0027918080517019216 -0.00068936507624896249 -0.0013575460825231856 0.0004207466157648754 0.00070669194748775369 -0.00028522912212199743 -0.00052799015885604355 -0.00079161491680352996 -0.00012063045675765621 0.0013237876386514732 -0.0010465583957033231 -0.00037409336120502925 0.0017685848251754988 0 -0.0018250127827118643 0.00080406839358852257 -0.00056408471150663547 0 -0.0013299689706287939 0.0003528946681134403 0.00070472891279496261 0.00048753081867471338
leaf_weight=21 34 95 31 22 32 85 38 77 31 353 30 129 28 397 36 20 29 37 123 127 33 47 36 20 32 24 33 20
leaf_count=21 34 95 31 22 32 85 38 77 31 353 30 129 28 397 36 20 29 37 123 127 33 47 36 20 32 24 33 20
internal_value=0 0.000801968 -0.000296247 0.00113775 0.00136775 -0.000370194 -0.00084679 -0.000212505 9.89878e-05 0.00021386 -0.000460723 9.06594e-05 -0.00189839 -0.000677933 0.00113545 -3.30512e-05 -0.000576594 -0.000430134 0.00140993 -0.000180929 -0.00106855 0.000370619 -0.000132739 0.000882939 -0.000872922 0.000880487 0.000490352 0.000246659
internal_weight=2020 545 1475 391 333 1391 340 1051 461 430 590 163 66 427 301 154 274 110 218 156 118 83 58 84 69 44 53 41
internal_count=2020 545 1475 391 333 1391 340 1051 461 430 590 163 66 427 301 154 274 110 218 156 118 83 58 84 69 44 53 41
is_linear=0
shrinkage=0.03


Tree=17
num_leaves=31
num_cat=0
split_feature=19 23 22 23 23 10 15 23 23 20 18 20 23 20 22 19 20 17 21 15 14 20 9 21 17 13 22 19 22 14
split_gain=0.506267 0.229091 0.169173 0.141326 0.170764 0.186967 0.124015 0.0972062 0.226166 0.0769481 0.0762763 0.0678472 0.0573858 0.0507966 0.0551427 0.0492109 0.0456178 0.0387432 0.0309939 0.0260651 0.030488 0.0209654 0.0143524 0.0136164 0.0109448 0.00911314 0.00748851 0.00534792 0.00446914 0.00166761
threshold=100.18585 8.775800000000002 18.845000267028755 0.23350000000000001 1.7358000000000002 0.99687323499137948 0.011342056701104003 1.6777500000000003 1.8413000000000002 109.67500305175751 0.17555512514362967 106.02000045776302 1.8413000000000002 90.975002288818359 16.494999885559054 100.69815000000001 90.235000610351562 -0.0011083886593317497 2.1350000000000002 0.0092587735782045013 0.016407406971208804 96.084999084472614 1.0098012968494305 2.2150000000000003 0.0029261282119876502 0.98550164394430084 12.934999942779502 103.38335000000002 13.295000076293901 0.013912333153368902
decision_type=2 2 2 2 2 2 2 2 2 2 2 2 2 2 2 2 2 2 2 2 2 2 2 2 2 2 2 2 2 2
left_child=2 3 6 15 18 11 7 21 26 -7 22 -6 28 -14 -15 -2 -12 -10 24 -18 -21 25 -4 -17 -5 -1 -9 -20 -8 -30
right_child=1 -3 10 4 5 9 12 8 17 -11 16 -13 13 14 -16 23 19 -19 27 20 -22 -23 -24 -25 -26 -27 -28 -29 29 -31
leaf_value=0.00075101730639114974 -0.0022495688048501808 -0.0034102641170763448 -0.00073203349790336295 0.00044202521499987183 -0.00011043440202913776 -0.00094943339481572716 -0.0012156646373785204 0.0020039721954128015 0.0012373416133757149 0.00081201073144223875 -1.5940262116491787e-05 0.0010471968983094063 -0.0011040007251625261 -6.2682552997452691e-06 0.0011914106283259266 0 0.00013820178002620545 -0.00030128048254021754 0.00077072981969533542 0.0014917161540801509 0.00071698639977590311 -0.00066876204453151795 0.00027505847436883155 -0.0011449367684813645 -0.00030834128430113196 0 0.0036898686513304711 0.0016075235786847768 -0.00072506618564903652 -0.00024959798166170142
leaf_weight=24 44 22 20 43 358 416 26 22 20 21 24 51 26 129 44 20 25 44 60 227 83 28 27 25 24 33 22 23 51 38
leaf_count=24 44 22 20 43 358 416 26 22 20 21 24 51 26 129 44 20 25 44 60 227 83 28 27 25 24 33 22 23 51 38
internal_value=0 -0.00043074 0.000523063 -0.000364478 -0.000257679 -0.000425314 0.000150034 0.000749936 0.00134298 -0.000856277 0.000980004 2.88007e-05 -0.000210381 8.49529e-05 0.000286199 -0.0015102 0.00112926 0.000145024 0.000664475 0.00122003 0.00129691 0 -9.73139e-05 -0.000688858 0.000128538 0.000318911 0.00297685 0.0010547 -0.000743627 -0.00056042
internal_weight=2020 1107 913 1085 996 846 507 193 108 437 406 409 314 199 173 89 359 64 150 335 310 85 47 45 67 57 44 83 115 89
internal_count=2020 1107 913 1085 996 846 507 193 108 437 406 409 314 199 173 89 359 64 150 335 310 85 47 45 67 57 44 83 115 89
is_linear=0
shrinkage=0.03


Tree=18
num_leaves=31
num_cat=0
split_feature=19 24 22 24 22 21 21 21 17 20 24 21 11 15 10 19 19 10 20 15 20 15 10 20 24 11 21 18 11 15
split_gain=0.47879 0.156553 0.137221 0.159669 0.140125 0.136146 0.118048 0.136464 0.117161 0.118858 0.0781342 0.0699309 0.0587784 0.0573628 0.0564638 0.0557398 0.0440488 0.0357927 0.0348977 0.0337316 0.0293443 0.0288062 0.0287551 0.0230247 0.0162907 0.0154939 0.0117588 0.0108206 0.00693833 0.00526555
threshold=98.941250000000011 50.350000000000001 11.444999694824203 49.45000000000001 17.38000011444085 1.8750000000000002 2.0650000000000004 1.7150000000000001 0.0050683596370872013 106.36000061035152 50.250000000000007 2.8450000000000002 1.0714182889906607 0.011342056701104003 1.0443434136193039 98.853950000000012 102.41995000000001 0.97246424548489374 93.844997406005859 0.014226851010991602 108.27000045776302 0.0098998567079354016 0.98496867528101306 91.124999999999957 49.650000000000013 1.0311395874871663 2.3650000000000007 0.42798434443537414 1.013528447601413 0.015076140770187601
decision_type=2 2 2 2 2 2 2 2 2 2 2 2 2 2 2 2 2 2 2 2 2 2 2 2 2 2 2 2 2 2
left_child=1 15 13 4 5 -4 7 12 9 10 -5 24 19 18 20 17 -7 -1 21 -3 -6 -2 -15 -14 -10 -8 -24 -19 -29 -17
right_child=2 6 3 8 14 16 25 -9 11 -11 -12 -13 23 22 -16 29 -18 27 -20 -21 -22 -23 26 -25 -26 -27 -28 28 -30 -31
leaf_value=0.00023208783247641155 -0.00032084997412282971 0.0016818078417279543 0.0014217081625635423 -0.00076446013034449248 0.0015103942166712573 -0.0014665365074532197 0.00040119483903981745 0.0031836220703341739 -0.0015523682261506715 0.0011298243570607154 -0.00018183086890732078 -0.0027293559524484657 -0.00013608916559697766 0.0007291127725038677 -0.00029802659770939495 0.0012662023526749441 -0.0001052535044270501 -0.0014716529142619532 0.0015958455113228411 0.00080249229645966706 0.00021897970309614069 0.00093059914688714519 0 0.00078797177289978957 -0.00044311095268155141 -0.00055204783574057121 -0.00090316292210482067 0 -0.00076716908582502271 0.00032346085432916879
leaf_weight=41 24 128 26 513 84 60 23 32 26 39 375 32 37 23 23 20 41 21 44 86 27 37 28 50 44 35 29 20 28 24
leaf_count=41 24 128 26 513 84 60 23 32 26 39 375 32 37 23 23 20 41 21 44 86 27 37 28 50 44 35 29 20 28 24
internal_value=0 0.000759375 -0.000280413 -0.000391295 0.000262859 -0.000433541 0.00107806 0.00129594 -0.000560224 -0.000448392 -0.000522273 -0.00153323 0.00107545 0.000474579 0.000943424 -3.21366e-05 -0.000949798 -0.000411333 0.00093542 0.00134777 0.00122781 0.000392605 -9.73194e-05 0.000363809 -0.000913436 -0.000122797 -0.000489338 -0.000834366 -0.000469985 0.000837262
internal_weight=2020 545 1475 1290 261 127 391 333 1029 927 888 102 301 185 134 154 101 110 105 214 111 61 80 87 70 58 57 69 48 44
internal_count=2020 545 1475 1290 261 127 391 333 1029 927 888 102 301 185 134 154 101 110 105 214 111 61 80 87 70 58 57 69 48 44
is_linear=0
shrinkage=0.03


Tree=19
num_leaves=31
num_cat=0
split_feature=24 23 23 22 24 23 23 21 10 16 23 11 15 10 20 21 24 21 14 11 23 24 15 11 23 14 15 22 21 15
split_gain=0.322293 0.404417 0.21869 0.150582 0.137381 0.134369 0.132363 0.109013 0.0973681 0.085499 0.0788792 0.0736321 0.065386 0.0602868 0.0599801 0.0707306 0.08058 0.0721353 0.0549535 0.051857 0.0447171 0.0409966 0.050955 0.0363883 0.0321569 0.0101869 0.00863211 0.00662781 0.00457278 0.000274587
threshold=50.250000000000007 1.8413000000000002 8.775800000000002 15.710000038146951 49.45000000000001 1.6852000000000003 2.3367000000000004 1.8750000000000002 0.9926966359285585 63.100105684036414 8.2272000000000016 1.0989520845310121 0.011502480858557151 1.0443434136193039 90.935001373290959 2.3350000000000004 51.850000000000001 1.4350000000000003 0.021162827857646754 0.92255975073056107 2.7947500000000001 50.600000000000001 0.014226851010991602 0.99917074424384944 8.064700000000002 0.013036523157649452 0.013375773754721001 12.934999942779502 2.3750000000000004 0.010631475111768851
decision_type=2 2 2 2 2 2 2 2 2 2 2 2 2 2 2 2 2 2 2 2 2 2 2 2 2 2 2 2 2 2
left_child=2 5 3 6 13 11 7 12 18 14 -10 21 -1 24 23 17 -17 -16 -6 -9 28 -2 -23 29 -5 -13 -25 -7 -11 -3
right_child=1 9 -4 4 8 27 -8 19 10 20 -12 25 -14 -15 15 16 -18 -19 -20 -21 -22 22 -24 26 -26 -27 -28 -29 -30 -31
leaf_value=0.00060006511812597243 0 0.00010969640808512589 -0.0032725273203509653 0.0012060020504039259 -2.1945872856344285e-05 0.0019035238322356472 -0.0024624727914253105 0.00019168380077462641 -0.00041569699271001728 -0.00010763302502737132 -0.0018245448066303109 0.00026903893363637978 -0.00074083295515474834 -0.00043131603170186282 -0.00042002035222394625 0.00012327612477702342 -0.0013857897166666146 0.00097059732525125509 0.0012985288885975022 -0.0012130849345407466 -0.0019874116639190245 0.0015915597809161143 0.00053697541134371124 -0.00039666084357833665 0 -0.0005692248729226941 -0.0014837017349927917 0.0035606916589396337 -0.00072646625754573652 0
leaf_weight=83 22 20 22 112 216 22 38 23 200 39 46 28 52 29 39 216 36 152 31 170 25 164 70 21 22 21 31 20 30 20
leaf_count=83 22 20 22 112 216 22 38 23 200 39 46 28 52 29 39 216 36 152 31 170 25 164 70 21 22 21 31 20 30 20
internal_value=0 0.000392142 -0.000365792 -0.00029715 -2.0171e-05 0.00121314 -0.000784012 -0.000573543 -0.000274328 -5.72195e-05 -0.000697606 0.000972601 5.98627e-05 0.00072723 8.47951e-05 0.000234634 -8.50723e-05 0.000670316 0.000136253 -0.00103009 -0.000889458 0.00117641 0.00129248 -0.000599216 0.00100152 -3.44164e-05 -0.00111708 0.00282687 -0.000426082 1.16564e-05
internal_weight=2020 976 1044 1022 656 347 366 328 493 629 246 305 135 163 535 443 252 191 247 193 94 256 234 92 134 49 52 42 69 40
internal_count=2020 976 1044 1022 656 347 366 328 493 629 246 305 135 163 535 443 252 191 247 193 94 256 234 92 134 49 52 42 69 40
is_linear=0
shrinkage=0.03


Tree=20
num_leaves=27
num_cat=0
split_feature=19 23 23 24 23 20 10 19 24 20 24 11 19 17 24 19 19 16 14 23 17 22 11 9 20 19
split_gain=0.428616 0.218787 0.155504 0.139758 0.137841 0.151573 0.152511 0.114733 0.101062 0.116932 0.10324 0.0914266 0.0712231 0.0599996 0.0530896 0.0526223 0.0447755 0.0330238 0.0203059 0.0200913 0.00845407 0.00726845 0.00676919 0.00459993 0.00261218 0.00253391
threshold=98.941250000000011 8.775800000000002 0.23350000000000001 50.350000000000001 1.7667500000000003 102.79000091552702 0.99325583523286809 99.043100000000024 50.850000000000001 96.115001678466768 51.45000000000001 1.0714182889906607 100.60710000000002 0.00098189131892160021 51.150000000000013 98.853950000000012 100.69815000000001 34.130481617115521 0.010053974072203252 1.1259500000000002 -0.0027297168419769995 21.345000267028755 1.0061091438698251 0.99905574225818417 90.674999237060518 98.753400000000013
decision_type=2 2 2 2 2 2 2 2 2 2 2 2 2 2 2 2 2 2 2 2 2 2 2 2 2 2
left_child=3 2 16 15 7 6 -6 -4 9 -5 18 13 -7 -12 -9 17 -2 -1 -10 22 -20 -18 -19 -17 -13 -11
right_child=1 -3 4 8 5 12 -8 14 10 25 11 24 -14 -15 -16 23 21 19 20 -21 -22 -23 -24 -25 -26 -27
leaf_value=0.00045730324886325335 -0.0021345973086853822 -0.0031786199845576088 -0.00094457302357380576 3.2767282712738955e-05 2.5752497175892852e-05 0.0015926281484979681 -0.00077459502508166948 0.00045994052487850095 0.00079560238293007661 0.0021068731263972989 0.0021289272492361414 -0.00023471591231899092 0.00013954939143314077 0.00081400554464788584 0.0016565496832851997 0.0012044457398270342 -0.0009894774615263138 0 0.00024299267850749724 -0.0013947276787034102 -0.00038511689860880484 -3.7787926607831774e-05 -0.00059499811733621758 0.00030032012914307413 0.00020417315923035718 0.0034231447343315395
leaf_weight=26 44 22 44 24 343 40 540 213 22 42 76 22 141 73 43 21 25 26 20 27 67 20 31 23 25 20
leaf_count=26 44 22 44 24 343 40 540 213 22 42 76 22 141 73 43 21 25 26 20 27 67 20 31 23 25 20
internal_value=0 -0.000265555 -0.000217229 0.000718244 -0.000134999 -0.000296792 -0.00046063 0.000427939 0.00101936 0.00194599 0.00074277 0.00115266 0.000484142 0.00151443 0.00067827 -2.85619e-05 -0.00142863 -0.000397591 0 -0.000699762 -0.000205513 -0.000641738 -0.000300472 0.000815678 0 0.00262669
internal_weight=2020 1475 1453 545 1364 1064 883 300 391 86 305 196 181 149 256 154 89 110 109 84 87 45 57 44 47 62
internal_count=2020 1475 1453 545 1364 1064 883 300 391 86 305 196 181 149 256 154 89 110 109 84 87 45 57 44 47 62
is_linear=0
shrinkage=0.03


Tree=21
num_leaves=30
num_cat=0
split_feature=19 23 22 23 23 10 24 15 19 23 11 20 20 14 15 19 14 11 20 23 21 11 11 21 10 19 19 19 11
split_gain=0.405798 0.188216 0.137476 0.121779 0.142713 0.160103 0.105456 0.114427 0.0935065 0.163825 0.0866199 0.0668842 0.0595005 0.0576908 0.0555203 0.0417441 0.0324517 0.0373973 0.0296481 0.0293277 0.0259937 0.0216209 0.0155769 0.0123034 0.00983672 0.00889643 0.00847512 0.00495287 0.00420882
threshold=100.18585 8.775800000000002 18.845000267028755 0.23350000000000001 1.7358000000000002 0.99687323499137948 51.650000000000013 0.011099622681272002 98.941250000000011 1.6777500000000003 1.1030139102451371 109.67500305175751 96.975002288818359 0.020547688328450501 0.0092587735782045013 100.69815000000001 0.016407406971208804 0.97301956394944822 101.23500061035152 5.2704000000000013 2.1350000000000002 1.0471463249484623 1.0341371371213683 2.2150000000000003 1.0097475206389914 99.62660000000001 100.12380000000002 98.600400000000022 0.96959096282549118
decision_type=2 2 2 2 2 2 2 2 2 2 2 2 2 2 2 2 2 2 2 2 2 2 2 2 2 2 2 2 2
left_child=2 3 6 15 20 13 7 8 9 -1 14 -7 21 -6 -4 -2 17 -16 26 27 24 -8 -18 -17 -5 -10 -14 -9 -22
right_child=1 -3 10 4 5 11 12 19 25 -11 -12 -13 18 -15 16 23 22 -19 -20 -21 28 -23 -24 -25 -26 -27 -28 -29 -30
leaf_value=0.0002636499241227284 -0.0020719824343919751 -0.0030874074581180412 -0.00021224786473127702 0.00045311949171154993 -4.6344951069158922e-05 -0.00086545219193097259 0.0019075372550128534 -0.00042114608990461989 -0.00078442627248546937 0.0032769787982106207 -0.000419413655230668 0.00077330352391370325 -0.00033527388372681875 0.0013846805330411168 0.00014637687172367364 0 0.00082816511507899978 0.001442797780286055 0.0011500321778003127 0.00013969489469980962 0.00033608323187482629 0.00044435535096896018 0 -0.0010569973242684054 -0.00023761604709454393 0 0.0003581130449133723 -0.00086826530640967607 0.0011347539035403834
leaf_weight=59 44 22 26 39 383 416 43 75 28 23 38 21 42 26 28 20 62 224 23 38 21 20 28 25 28 20 22 114 62
leaf_count=59 44 22 26 39 383 416 43 75 28 23 38 21 42 26 28 20 62 224 23 38 21 20 28 25 28 20 22 114 62
internal_value=0 -0.00038554 0.000468393 -0.000325201 -0.000225851 -0.000379328 0.000131467 -0.000142175 0.000553519 0.0011743 0.000880407 -0.000778267 0.00079923 4.04632e-05 0.00102353 -0.00138883 0.00112657 0.00131176 0.000243416 -0.000554428 0.00061667 0.00150411 0.000566363 -0.000625113 0.000121087 -0.000448071 -4.89258e-05 -0.000709777 0.000974802
internal_weight=2020 1107 913 1085 996 846 507 357 130 82 406 437 150 409 368 89 342 252 87 227 150 63 90 45 67 48 64 189 83
internal_count=2020 1107 913 1085 996 846 507 357 130 82 406 437 150 409 368 89 342 252 87 227 150 63 90 45 67 48 64 189 83
is_linear=0
shrinkage=0.03


Tree=22
num_leaves=27
num_cat=0
split_feature=19 23 23 24 24 22 24 20 24 22 11 19 7 20 19 22 10 23 15 10 11 13 11 15 20 15
split_gain=0.383498 0.200825 0.147717 0.133739 0.124779 0.0943347 0.0910898 0.105582 0.0951144 0.0901909 0.0843872 0.0789059 0.0582236 0.0543463 0.0484848 0.0393742 0.0308685 0.0267627 0.0176738 0.0134975 0.0127995 0.00887882 0.00799692 0.00498229 0.00258748 0.000685246
threshold=98.941250000000011 8.5004000000000008 0.23350000000000001 51.850000000000001 50.350000000000001 21.920000076293903 50.850000000000001 96.115001678466768 51.45000000000001 11.444999694824203 1.0714182889906607 101.27910000000001 0.021239020165761954 98.81499862670897 98.853950000000012 22.114999771118153 0.96271657474766237 1.1259500000000002 0.011424220456581652 0.96826747175441608 0.95436477448514678 1.007136210961374 1.0046534443523407 0.015076140770187601 90.674999237060518 0.011263012931805951
decision_type=2 2 2 2 2 2 2 2 2 2 2 2 2 2 2 2 2 2 2 2 2 2 2 2 2 2
left_child=4 2 15 5 14 9 7 -6 18 -4 13 -7 -3 -10 16 19 -1 22 -8 -2 -5 -20 -18 -16 -12 -9
right_child=1 12 3 20 6 11 8 25 10 -11 24 -13 -14 -15 23 -17 17 -19 21 -21 -22 -23 -24 -25 -26 -27
leaf_value=0.00038709533154033127 -0.00086695330590009687 -0.0025411475446253883 0.00043625452187493906 -0.00086033813212998207 2.1434139059856527e-05 0.0008884774840549677 0.00057196386481783441 0.0032317127627985815 0.0018217551073033082 -0.00028868728742877716 -0.00024545765920471315 -0.00024136945277714405 -0.0005143399704247713 0.00044917763139431675 0.0011984662982369107 -1.5838518164985403e-05 8.1251369781966778e-05 -0.0014924434340662426 0.00012843446924351156 -0.002084688128310848 -0.0023293557960702023 -0.00048475367895379242 -0.00055804242020663383 0.00028619171876460316 0.00019044413564440148 0.0020028595233899213
leaf_weight=29 26 42 185 21 24 160 32 20 105 852 22 79 25 44 20 20 23 26 24 43 22 53 32 24 25 42
leaf_count=29 26 42 185 21 24 160 32 20 105 852 22 79 25 44 20 20 23 26 24 43 22 53 32 24 25 42
internal_value=0 -0.000250666 -0.000171285 -8.85411e-05 0.000679914 -3.00482e-05 0.000964436 0.00184511 0.000701092 -0.000156172 0.00109454 0.000503064 -0.00184768 0.00144213 -2.46832e-05 -0.00134963 -0.000379716 -0.000692211 0 -0.00168763 -0.00171597 -0.000255972 -0.000240453 0.000784946 0 0.00249189
internal_weight=2020 1475 1408 1319 545 1276 391 86 305 1037 196 239 67 149 154 89 110 81 109 69 43 77 55 44 47 62
internal_count=2020 1475 1408 1319 545 1276 391 86 305 1037 196 239 67 149 154 89 110 81 109 69 43 77 55 44 47 62
is_linear=0
shrinkage=0.03


Tree=23
num_leaves=31
num_cat=0
split_feature=19 22 24 15 20 19 22 9 19 20 11 21 21 20 15 11 21 14 11 20 11 20 11 11 21 24 19 19 19 22
split_gain=0.362799 0.122755 0.097278 0.102988 0.0941817 0.0964334 0.0957443 0.0863408 0.085072 0.123434 0.0798667 0.0671124 0.0654478 0.054376 0.0515887 0.0385073 0.0339822 0.029407 0.0340426 0.0279437 0.025594 0.0218407 0.0197873 0.014315 0.0123971 0.011668 0.00936178 0.00814607 0.00782596 0.00498476
threshold=100.18585 18.845000267028755 51.650000000000013 0.011099622681272002 110.65499877929652 103.38335000000002 11.934999942779502 1.0021921851450744 98.941250000000011 96.514999389648423 1.1030139102451371 2.9050000000000007 1.9950000000000003 96.975002288818359 0.0092587735782045013 1.0278248835792549 3.4250000000000003 0.016407406971208804 0.97301956394944822 101.23500061035152 1.0059496505913101 92.680000305175767 1.0471463249484623 1.0347021290184162 2.3850000000000002 51.250000000000007 98.402000000000015 99.62660000000001 100.12380000000002 21.154999732971152
decision_type=2 2 2 2 2 2 2 2 2 2 2 2 2 2 2 2 2 2 2 2 2 2 2 2 2 2 2 2 2 2
left_child=1 2 3 8 5 6 15 12 9 -1 14 29 -8 22 -3 24 -9 18 -16 28 21 -5 -4 -19 -2 -13 -22 -10 -15 -7
right_child=4 10 13 20 -6 11 7 16 27 -11 -12 25 -14 19 17 -17 -18 23 -20 -21 26 -23 -24 -25 -26 -27 -28 -29 -30 -31
leaf_value=0.00037825894822266751 0.00093879095701009238 -0.00021866399054932924 0.0018270352649587119 0.00065490372030509885 0.001271026810724288 0.0013499197511432262 0.00015878750050283871 -0.0010938963363357332 -0.00075409293379072621 0.0031248400009104183 -0.00041395185410510746 -0.00064053787585968767 -0.00058777858974682197 -0.00032621150316269854 0.00012973663946443061 -0.00045576725364033436 -1.6577259404584761e-05 0.00077866723781698955 0.0013712835127126892 0.001113342822762206 -0.00040893876333138906 -0.00038973970235240134 0.00041807050979696217 0 0 5.2824400329532525e-05 -0.0010468769644435447 0 0.00033815488008701283 0.00043007466827773238
leaf_weight=62 53 26 43 22 29 38 144 314 28 20 38 35 343 42 28 36 35 63 224 23 59 70 20 27 21 38 76 20 22 21
leaf_count=62 53 26 43 22 29 38 144 314 28 20 38 35 343 42 28 36 35 63 224 23 59 70 20 27 21 38 76 20 22 21
internal_value=0 0.000443077 0.000124314 -0.000138235 -0.000364346 -0.000412257 -0.000519467 -0.000630043 0.000521119 0.00111388 0.000832484 0.000331649 -0.000361007 0.000765826 0.000970095 0.000291988 -0.000994783 0.00106959 0.00124625 0.000232622 -0.000529625 -0.00010332 0.00144014 0.000533711 0.000696987 -0.000243233 -0.00079519 -0.000432354 -4.99928e-05 0.00108514
internal_weight=2020 913 507 357 1107 1078 946 836 130 82 406 132 487 150 368 110 349 342 252 87 227 92 63 90 74 73 135 48 64 59
internal_count=2020 913 507 357 1107 1078 946 836 130 82 406 132 487 150 368 110 349 342 252 87 227 92 63 90 74 73 135 48 64 59
is_linear=0
shrinkage=0.03


Tree=24
num_leaves=25
num_cat=0
split_feature=19 23 23 23 20 20 24 19 21 21 19 23 11 19 19 24 18 11 20 15 21 15 15 20
split_gain=0.343422 0.185691 0.127619 0.11878 0.129942 0.127484 0.111594 0.0997354 0.0867009 0.101585 0.0611554 0.0461484 0.0460155 0.0446611 0.0377874 0.0299166 0.0282926 0.0250656 0.0181035 0.0125969 0.0109845 0.00841087 0.00460938 0.00232814
threshold=98.941250000000011 8.775800000000002 0.23350000000000001 1.7667500000000003 102.79000091552702 98.454998016357365 50.350000000000001 99.043100000000024 2.0650000000000004 1.7150000000000001 100.60710000000002 0.78200000000000014 1.0714182889906607 98.853950000000012 100.69815000000001 51.45000000000001 0.42798434443537414 0.99023739390685106 91.124999999999957 0.01346198031342285 2.2150000000000003 0.013289135382049202 0.015076140770187601 95.240001678466811
decision_type=2 2 2 2 2 2 2 2 2 2 2 2 2 2 2 2 2 2 2 2 2 2 2 2
left_child=6 2 14 7 5 -5 13 21 9 12 -6 -9 15 16 -2 -8 -1 -18 -14 -10 -16 -4 -15 -19
right_child=1 -3 3 4 10 -7 8 11 19 -11 -12 -13 18 22 20 -17 17 23 -20 -21 -22 -23 -24 -25
leaf_value=-0.0012603351279348134 -0.0019393462946017581 -0.0029209267695474881 -0.0013021558308155361 -0.00025858730844961075 0.0014827792885508842 -0.0012596443937241315 0.00067024714380200503 -0.00021129158997656454 0.00037373851424933455 0.0027335579198869788 0.00013361045956598516 0.00081968495648619612 -0.00016417345433116057 0.0011541174425011766 0 0.00148280597507446 0.00046134791928433027 -0.00075599086372149656 0.00065564819170685937 -0.00048873467693055003 -0.0009681319325553397 -0.0002280995908235623 0.0002690665275044739 -8.8747745911989885e-05
leaf_weight=24 44 22 23 745 40 138 93 42 22 32 141 214 37 20 20 121 38 28 50 36 25 21 24 20
leaf_count=24 44 22 23 745 40 138 93 42 22 32 141 214 37 20 20 121 38 28 50 36 25 21 24 20
internal_value=0 -0.000236868 -0.000192184 -0.000117475 -0.000267822 -0.00041968 0.000643746 0.000404906 0.000912819 0.00109974 0.000454762 0.000638703 0.000907633 -2.15491e-05 -0.0012898 0.0011484 -0.000363092 -6.66077e-05 0.000274994 -0.000109952 -0.000561117 -0.000872665 0.000754736 -0.000546682
internal_weight=2020 1475 1453 1364 1064 883 545 300 391 333 181 256 301 154 89 214 110 86 87 58 45 44 44 48
internal_count=2020 1475 1453 1364 1064 883 545 300 391 333 181 256 301 154 89 214 110 86 87 58 45 44 44 48
is_linear=0
shrinkage=0.03


Tree=25
num_leaves=31
num_cat=0
split_feature=19 23 22 24 23 23 11 19 19 19 19 11 20 11 14 20 24 19 24 19 11 20 21 14 21 17 11 23 8 19
split_gain=0.327231 0.159931 0.107728 0.109191 0.0997879 0.125174 0.0969929 0.122967 0.0664373 0.121552 0.105573 0.0627117 0.0554961 0.0430454 0.0503277 0.0418037 0.0691089 0.0353093 0.0338496 0.0333528 0.0287453 0.0246838 0.0231159 0.0203504 0.0103376 0.00926123 0.00921244 0.00730996 0.00597596 0.00293913
threshold=100.18585 8.775800000000002 20.704999923706001 51.650000000000013 0.23350000000000001 1.7358000000000002 1.0275511743012578 101.31265 98.941250000000011 98.753400000000013 98.805550000000011 1.1020572043452954 96.975002288818359 0.9672770025560905 0.013912333153368902 95.844997406005859 51.45000000000001 100.69815000000001 49.250000000000007 99.62660000000001 1.0535178982033637 101.23500061035152 2.1350000000000002 0.011190173704226052 2.2150000000000003 0.0029261282119876502 0.92664820454485064 2.1743500000000004 1.0016911181210528 103.38335000000002
decision_type=2 2 2 2 2 2 2 2 2 2 2 2 2 2 2 2 2 2 2 2 2 2 2 2 2 2 2 2 2 2
left_child=2 4 3 8 17 22 7 -7 9 23 -11 13 20 14 -4 16 -15 -2 -8 26 -5 27 25 -1 -19 -6 -10 -14 -21 -24
right_child=1 -3 11 12 5 6 18 -9 19 10 -12 -13 21 15 -16 -17 -18 24 -20 28 -22 -23 29 -25 -26 -27 -28 -29 -30 -31
leaf_value=0.00015449350231507681 -0.0018824588157236573 -0.0028371088701482539 -0.00096584946928279737 0.0018129577703492822 0.00040888764103146969 0.00037161990298441598 -0.0001652993316579934 -0.00047523281531048142 -0.00010032210253782315 0.0029918498600071124 0.00043205929658974391 -0.0002679708350639741 0.00026015635641411908 0 0.00087284198664128773 0.0016359904319436732 0.0012691563357878476 0 -0.0012039996145275142 0.00021407955308386592 0.00037730274271542349 0.001064893124392256 0.00067835856500829828 -0.00058177341806997615 -0.00094020503906246556 -0.00027787627849727866 -0.00098864859849429466 -0.00035919683340637548 -0.00029074384297044685 0.0013967243600636718
leaf_weight=48 44 22 20 52 43 236 45 430 21 21 55 37 30 61 34 102 99 20 135 39 25 23 60 81 25 24 90 34 41 23
leaf_count=48 44 22 20 52 43 236 45 430 21 21 55 37 30 61 34 102 99 20 135 39 25 23 60 81 25 24 90 34 41 23
internal_value=0 -0.000345851 0.000420972 0.00015509 -0.000290009 -0.000199753 -0.000343683 -0.000170542 -0.000108165 0.000256703 0.001208 0.000832663 0.00080574 0.000971437 0.000132121 0.00113186 0.000783676 -0.00125329 -0.000963247 -0.000514699 0.00139611 0.000239209 0.000589042 -0.000285656 -0.000545332 0.000118296 -0.000849769 -2.31853e-05 -8.00073e-06 0.000927396
internal_weight=2020 1107 913 560 1085 996 846 666 396 205 76 353 164 316 54 262 160 89 180 191 77 87 150 129 45 67 111 64 80 83
internal_count=2020 1107 913 560 1085 996 846 666 396 205 76 353 164 316 54 262 160 89 180 191 77 87 150 129 45 67 111 64 80 83
is_linear=0
shrinkage=0.03


end of trees

feature_importances:
CPI_Inflation=95
Global_Industrial_Production_Index=87
Close_to_MA_50=86
China_PMI=80
US_10Y_Yield=66
USD_Index=55
VIX=53
Rolling_Std_20=49
Close_to_MA_20=31
MACD_Pct=21
Rolling_Std_10=19
RSI_14=19
Close_to_MA_10=16
Volume_to_MA_10=11
Close_to_EMA_20=7
Ret_Lag_3=3
Daily_Range_Pct=3
Close_to_MA_5=2
Close_to_EMA_10=2
Ret_Lag_2=1

parameters:
[boosting: gbdt]
[objective: regression]
[metric: l2]
[tree_learner: serial]
[device_type: cpu]
[data_sample_strategy: bagging]
[data: ]
[valid: ]
[num_iterations: 200]
[learning_rate: 0.03]
[num_leaves: 31]
[num_threads: 20]
[seed: 42]
[deterministic: 0]
[force_col_wise: 0]
[force_row_wise: 0]
[histogram_pool_size: -1]
[max_depth: 6]
[min_data_in_leaf: 20]
[min_sum_hessian_in_leaf: 0.001]
[bagging_fraction: 0.8]
[pos_bagging_fraction: 1]
[neg_bagging_fraction: 1]
[bagging_freq: 0]
[bagging_seed: 400]
[bagging_by_query: 0]
[feature_fraction: 0.8]
[feature_fraction_bynode: 1]
[feature_fraction_seed: 30056]
[extra_trees: 0]
[extra_seed: 12879]
[early_stopping_round: 0]
[early_stopping_min_delta: 0]
[first_metric_only: 0]
[max_delta_step: 0]
[lambda_l1: 0.1]
[lambda_l2: 1]
[linear_lambda: 0]
[min_gain_to_split: 0]
[drop_rate: 0.1]
[max_drop: 50]
[skip_drop: 0.5]
[xgboost_dart_mode: 0]
[uniform_drop: 0]
[drop_seed: 17869]
[top_rate: 0.2]
[other_rate: 0.1]
[min_data_per_group: 100]
[max_cat_threshold: 32]
[cat_l2: 10]
[cat_smooth: 10]
[max_cat_to_onehot: 4]
[top_k: 20]
[monotone_constraints: ]
[monotone_constraints_method: basic]
[monotone_penalty: 0]
[feature_contri: ]
[forcedsplits_filename: ]
[refit_decay_rate: 0.9]
[cegb_tradeoff: 1]
[cegb_penalty_split: 0]
[cegb_penalty_feature_lazy: ]
[cegb_penalty_feature_coupled: ]
[path_smooth: 0]
[interaction_constraints: ]
[verbosity: -1]
[saved_feature_importance_type: 0]
[use_quantized_grad: 0]
[num_grad_quant_bins: 4]
[quant_train_renew_leaf: 0]
[stochastic_rounding: 1]
[linear_tree: 0]
[max_bin: 255]
[max_bin_by_feature: ]
[min_data_in_bin: 3]
[bin_construct_sample_cnt: 200000]
[data_random_seed: 175]
[is_enable_sparse: 1]
[enable_bundle: 1]
[use_missing: 1]
[zero_as_missing: 0]
[feature_pre_filter: 1]
[pre_partition: 0]
[two_round: 0]
[header: 0]
[label_column: ]
[weight_column: ]
[group_column: ]
[ignore_column: ]
[categorical_feature: ]
[forcedbins_filename: ]
[precise_float_parser: 0]
[parser_config_file: ]
[objective_seed: 16083]
[num_class: 1]
[is_unbalance: 0]
[scale_pos_weight: 1]
[sigmoid: 1]
[boost_from_average: 1]
[reg_sqrt: 0]
[alpha: 0.9]
[fair_c: 1]
[poisson_max_delta_step: 0.7]
[tweedie_variance_power: 1.5]
[lambdarank_truncation_level: 30]
[lambdarank_norm: 1]
[label_gain: ]
[lambdarank_position_bias_regularization: 0]
[eval_at: ]
[multi_error_top_k: 1]
[auc_mu_weights: ]
[num_machines: 1]
[local_listen_port: 12400]
[time_out: 120]
[machine_list_filename: ]
[machines: ]
[gpu_platform_id: -1]
[gpu_device_id: -1]
[gpu_device_id_list: ]
[gpu_use_dp: 0]
[num_gpu: 1]

end of parameters

pandas_categorical:[]
