tree
version=v4
num_class=1
num_tree_per_iteration=1
label_index=0
max_feature_idx=24
objective=regression
feature_names=Return Log_Return Ret_Lag_1 Ret_Lag_2 Ret_Lag_3 Ret_Lag_5 Ret_Lag_10 Daily_Range_Pct Close_to_MA_5 Close_to_MA_10 Close_to_MA_20 Close_to_MA_50 Close_to_EMA_10 Close_to_EMA_20 Rolling_Std_10 Rolling_Std_20 RSI_14 MACD_Pct Volume_to_MA_10 Global_Industrial_Production_Index USD_Index US_10Y_Yield VIX CPI_Inflation China_PMI
feature_infos=[-0.066940172742521994:0.074641947929079799] [-0.069285956656344794:0.071987534405050499] [-0.066940172742521994:0.074641947929079799] [-0.066940172742521994:0.074641947929079799] [-0.066940172742521994:0.074641947929079799] [-0.066940172742521994:0.074641947929079799] [-0.066940172742521994:0.074641947929079799] [0:0.092802595159413206] [0.91318316788809784:1.0730283848102866] [0.87986156167578455:1.1066018538739253] [0.85692473313438489:1.1552927409995728] [0.79659082927529956:1.1777746655552006] [0.89466740749189477:1.0920323555297982] [0.8686804240890813:1.1281657463110899] [0.0024529130098374001:0.036179077589099801] [0.0057965333731078003:0.029331550672483601] [13.140122716746744:90.832403572489085] [-0.0188041687703022:0.016289486570868299] [0.030548428479792201:9.6792988700484308] [84.561899999999994:104.10039999999999] [88.589996337890597:114.11000061035099] [0.52000000000000002:4.25] [9.1400003433227504:82.690002441406193] [0.0088000000000000005:8.9794] [49:52.100000000000001]
tree_sizes=2496 2190 2493 2501 1833 2849 2587 2383 2368 2460 2264 2395 2421 1817 2591 2006 2712 2593 2658 2007 2579 2513 2704 2567 2411 2593 2816 2694 2483 1935

Tree=0
num_leaves=28
num_cat=0
split_feature=21 19 20 15 19 21 22 24 21 19 11 19 19 11 20 19 15 24 21 24 15 19 11 24 20 22 11
split_gain=17.8191 5.98185 3.5756 1.39062 1.17735 1.50621 1.49143 0.676481 0.460332 0.40326 0.333363 0.311273 0.219997 0.189202 0.161467 0.137917 0.117759 0.0812259 0.0603002 0.0666534 0.0536214 0.0538606 0.0220482 0.0211705 0.0153826 0.0111246 0.00292502
threshold=1.1950000000000001 100.1632 105.15000152587852 0.012994678855909403 103.38335000000002 1.6650000000000003 11.494999885559052 49.850000000000001 1.7750000000000001 98.870050000000006 1.0343886856637194 99.910550000000015 101.0665 0.9576351624063687 93.055000305175767 98.853950000000012 0.011189229748978902 51.250000000000007 1.5650000000000002 51.150000000000013 0.0088547510741693505 95.960900000000009 1.0168611962789957 50.150000000000013 91.900001525878864 18.090000152587852 1.0020856703167154
decision_type=2 2 2 2 2 2 2 2 2 2 2 2 2 2 2 2 2 2 2 2 2 2 2 2 2 2 2
left_child=9 3 4 7 5 13 -7 25 16 20 14 -10 -4 -3 24 -16 -9 23 -12 -20 -1 -22 -19 -6 -5 -2 -14
right_child=1 2 12 10 17 6 -8 8 11 -11 18 -13 26 -15 15 -17 -18 22 19 -21 21 -23 -24 -25 -26 -27 -28
leaf_value=0.047164297307035419 0.041110222030894913 0.04339353282261442 0.041983860559620695 0.040744603215708997 0.040626588406507819 0.041470272510195479 0.03744212230887288 0.047600034681046274 0.043275253559138957 0.04536106208411219 0.042063685637890959 0.046056321963905883 0.045725805825169427 0.040821031563412304 0.041669246650911158 0.043947051400265565 0.044464723283816329 0.043294635948057818 0.039535464785244057 0.041121672862883887 0.049136090717797981 0.050887929322876765 0.041983860559620695 0.041674044045416747 0.041871956112582105 0.041983860559620695 0.04424467605764066
leaf_weight=20 26 32 21 20 45 98 609 72 111 25 20 58 64 107 30 84 20 22 48 67 109 99 21 44 38 25 20
leaf_count=20 26 32 21 20 45 98 609 72 111 25 20 58 64 107 30 84 20 22 48 67 109 99 21 44 38 25 20
internal_value=0.0419839 0.0408783 0.0395336 0.0432263 0.0389672 0.038556 0.0379947 0.0446341 0.045251 0.0493963 0.0418014 0.0442657 0.0447598 0.0414405 0.0426644 0.043324 0.0469847 0.0416308 0.040683 0.0404183 0.0498089 0.0500229 0.0426525 0.0411019 0.041418 0.0415325 0.0454392
internal_weight=1955 1702 1083 619 978 846 707 312 261 253 307 169 105 139 172 114 92 132 135 115 228 208 43 89 58 51 84
internal_count=1955 1702 1083 619 978 846 707 312 261 253 307 169 105 139 172 114 92 132 135 115 228 208 43 89 58 51 84
is_linear=0
shrinkage=1


Tree=1
num_leaves=24
num_cat=0
split_feature=21 19 20 23 15 23 19 24 23 19 19 20 19 21 24 24 22 21 19 15 19 22 19
split_gain=16.7813 5.62951 3.36842 2.24146 1.3112 1.13641 0.904673 0.638064 0.621081 0.448808 0.377834 0.368798 0.207292 0.19209 0.174491 0.281066 0.154119 0.145583 0.0706152 0.0483118 0.0492054 0.0104944 0.00410625
threshold=1.1950000000000001 100.1632 105.15000152587852 7.366550000000001 0.012994678855909403 1.4393000000000002 101.40940000000002 49.850000000000001 1.9056500000000003 98.693900000000014 98.870050000000006 103.70000076293901 101.0665 2.2150000000000003 49.350000000000001 50.150000000000013 11.494999885559052 2.0650000000000004 99.910550000000015 0.0088547510741693505 95.960900000000009 18.090000152587852 95.320250000000016
decision_type=2 2 2 2 2 2 2 2 2 2 2 2 2 2 2 2 2 2 2 2 2 2 2
left_child=10 4 3 5 7 13 -7 21 9 -9 19 -5 -4 -3 -6 17 -17 -16 -10 -1 22 -2 -21
right_child=1 2 12 11 14 6 -8 8 18 -11 -12 -13 -14 -15 15 16 -18 -19 -20 20 -22 -23 -24
leaf_value=0.0050324243647711618 -0.00084840007686418377 -0.0038191036716347833 0 -0.007359009840836127 -0.0028181101243410786 -0.00014744478548275265 -0.0025466050239942618 0.0012348895579878544 0.00080346150767262572 0.0051981849310398093 0.0032797822600875333 -0.0027656085129710841 0.0033548533355954157 -0.0067003534348571998 0.0021873250639764595 0.001402452603432125 -0.00093036972044269954 -0.00056868361755782232 0.0028874440831797464 0.0074186370536684981 0.008639617930054664 0 0.005382792381509658
leaf_weight=20 26 60 21 107 20 195 543 36 81 124 25 23 84 50 63 28 175 21 20 79 99 25 30
leaf_count=20 26 60 21 107 20 195 543 36 81 124 25 23 84 50 63 28 175 21 20 79 99 25 30
internal_value=0 -0.0010722 -0.00237672 -0.00292654 0.00120551 -0.00235328 -0.0019178 0.0025725 0.0031717 0.00433829 0.00719399 -0.00659655 0.00269541 -0.00520435 -0.000177846 4.87437e-06 -0.000588598 0.00146444 0.00126981 0.00759389 0.00780057 -0.000438292 0.00693961
internal_weight=1955 1702 1083 978 619 848 738 312 261 160 253 130 105 110 307 287 203 84 101 228 208 51 109
internal_count=1955 1702 1083 978 619 848 738 312 261 160 253 130 105 110 307 287 203 84 101 228 208 51 109
is_linear=0
shrinkage=0.03


Tree=2
num_leaves=27
num_cat=0
split_feature=19 19 20 19 15 23 24 23 19 19 23 20 19 20 23 11 24 20 15 22 12 24 15 19 20 19
split_gain=14.6751 3.81626 2.40002 2.89709 2.04258 1.36901 1.33871 0.947965 0.676028 0.626985 0.607836 0.601453 0.599426 0.443432 0.172901 0.157537 0.146472 0.140203 0.108575 0.098764 0.046794 0.0438996 0.131966 0.030761 0.0304665 0.0141855
threshold=99.017550000000014 97.858700000000013 105.65999984741151 100.45905 0.012398644436030901 7.8480500000000006 51.150000000000013 1.4393000000000002 99.910550000000015 103.38335000000002 7.366550000000001 104.04500198364201 98.870050000000006 91.594997406005817 2.6553500000000008 1.0208009147706276 49.750000000000007 99.624999999999957 0.011377392273750101 20.090000152587855 1.0120366744801121 51.45000000000001 0.0094348250416137012 99.62660000000001 101.60499954223602 98.329350000000019
decision_type=2 2 2 2 2 2 2 2 2 2 2 2 2 2 2 2 2 2 2 2 2 2 2 2 2 2
left_child=1 13 3 6 17 7 10 19 23 -9 16 24 14 -1 25 -4 -2 18 -3 -5 -16 22 -15 -8 -7 -6
right_child=2 4 15 5 12 11 8 9 -10 -11 -12 -13 -14 21 20 -17 -18 -19 -20 -21 -22 -23 -24 -25 -26 -27
leaf_value=0.002478023940231651 0.00011971169307121429 0.0052747381828602185 0.0033864336679689587 -0.0063064234860241413 -0.0025644741412252188 -0.0079043412327766422 -0.00089876908981798053 -0.0026000169856533291 0.0040199149161063395 -0.00026687064192684967 -0.0060876657664775853 -0.0013881512639396215 0.0035374263934791089 0.0040351480909369209 0.00059027462990277188 0.00038470597541891041 -0.0014425821792699116 0.0018771962938101394 0.002844769288509269 -0.0035580103039741513 -0.00096214796975255018 0.0087000887269404383 0.0073976028166034 0.00044983426332473753 -0.005547522382262875 -0.0013188694265804119
leaf_weight=20 86 120 77 59 23 59 22 543 86 132 21 22 35 21 65 23 130 22 31 29 22 66 109 44 33 55
leaf_count=20 86 120 77 59 23 59 22 543 86 132 21 22 35 21 65 23 130 22 31 29 22 66 109 44 33 55
internal_value=0 0.00395539 -0.00170567 -0.00206079 0.00209685 -0.00301575 8.6696e-05 -0.00254454 0.00228303 -0.00214926 -0.00131299 -0.00609395 1.37911e-05 0.00712652 -0.000732382 0.00273638 -0.000809048 0.00447386 0.0048176 -0.00548456 0.000157145 0.00757064 0.00691229 0 -0.00715996 -0.00175195
internal_weight=1955 589 1366 1266 373 877 389 763 152 675 237 114 200 216 165 100 216 173 151 88 87 196 130 66 92 78
internal_count=1955 589 1366 1266 373 877 389 763 152 675 237 114 200 216 165 100 216 173 151 88 87 196 130 66 92 78
is_linear=0
shrinkage=0.03


Tree=3
num_leaves=28
num_cat=0
split_feature=21 19 20 15 19 21 24 21 19 19 11 19 19 11 20 21 24 11 21 24 15 19 11 10 20 11 19
split_gain=14.9255 4.99103 2.99312 1.16164 1.03556 1.31967 0.677679 0.569979 0.33993 0.330268 0.293693 0.234497 0.187537 0.176901 0.141167 0.126273 0.0760968 0.0743661 0.0510226 0.0575281 0.0387341 0.0481361 0.0206841 0.0205537 0.0131549 0.00282734 0.0014232
threshold=1.1950000000000001 100.1632 105.15000152587852 0.012994678855909403 103.38335000000002 1.6650000000000003 51.150000000000013 1.7150000000000001 99.910550000000015 98.870050000000006 1.0343886856637194 99.017550000000014 101.0665 0.9576351624063687 93.055000305175767 1.7450000000000003 51.250000000000007 1.0056179083799226 1.5650000000000002 51.150000000000013 0.0088547510741693505 95.960900000000009 1.0168611962789957 0.98360078788211813 92.124999999999957 1.0020856703167154 95.320250000000016
decision_type=2 2 2 2 2 2 2 2 2 2 2 2 2 2 2 2 2 2 2 2 2 2 2 2 2 2 2
left_child=9 3 4 7 5 13 -7 17 11 20 14 -9 -4 -3 24 -16 23 -2 -12 -20 -1 26 -18 -6 -5 -14 -22
right_child=1 2 12 10 16 6 -8 8 -10 -11 18 -13 25 -15 15 -17 22 -19 19 -21 21 -23 -24 -25 -26 -27 -28
leaf_value=0.0047564806171825954 0.0058513364699436356 0.0014466385961171577 0 -0.0010352006619258854 0 -0.0042506820956427875 -0.0021208717684204773 0.0021553416375597657 0.0037040014080071855 0.0031066136572312992 4.0014440859002712e-05 0 0.0034388975954972784 -0.0010432674482516531 0.002666726431594445 0.00049030731939982814 0.0013538963662703398 0.0032734500415390355 -0.0022841282707867119 -0.00080261078870149923 0.0069719709154218426 0.0081629108832031484 0 -0.0010392152853449111 -2.5062254499917954e-05 0.0020379179950271329 0.0050545964789006021
leaf_weight=20 39 32 21 25 23 511 196 87 58 25 20 97 64 107 38 76 22 31 48 67 79 99 21 66 33 20 30
leaf_count=20 39 32 21 25 23 511 196 87 58 25 20 97 64 107 38 76 22 31 48 67 79 99 21 66 33 20 30
internal_value=0 -0.00101069 -0.00223907 0.00113378 -0.00275744 -0.00314297 -0.00366831 0.00242048 0.0016988 0.00678504 -0.000167763 0.0010339 0.00254132 -0.000442384 0.000641553 0.00125875 -0.000258925 0.00481414 -0.00121808 -0.00146121 0.00715994 0.00735283 0.0007315 -0.000773589 -0.00052148 0.00316852 0.00652227
internal_weight=1955 1702 1083 619 978 846 707 312 242 253 307 184 105 139 172 114 132 70 135 115 228 208 43 89 58 84 109
internal_count=1955 1702 1083 619 978 846 707 312 242 253 307 184 105 139 172 114 132 70 135 115 228 208 43 89 58 84 109
is_linear=0
shrinkage=0.03


Tree=4
num_leaves=19
num_cat=0
split_feature=21 23 23 20 23 24 20 15 20 24 21 22 21 11 11 10 15 22
split_gain=14.0591 1.90843 2.18076 1.93456 2.91446 1.90201 0.926222 0.747155 0.553906 0.510727 0.30341 0.185881 0.170696 0.140518 0.0885887 0.0661791 0.0567848 0.0182138
threshold=1.1950000000000001 0.37465000000000009 1.7295500000000004 105.65999984741151 7.366550000000001 49.850000000000001 90.784999847412067 0.011377392273750101 104.04500198364201 50.150000000000013 1.0300000000000002 19.649999618530252 2.2150000000000003 1.0208009147706276 1.0306120435480133 1.0324931291225363 0.0092756498053602511 21.765000343322704
decision_type=2 2 2 2 2 2 2 2 2 2 2 2 2 2 2 2 2 2
left_child=10 12 5 4 6 11 -4 15 -6 -9 16 14 -2 -5 -3 -7 -1 -13
right_child=1 2 3 13 8 7 -8 9 -10 -11 -12 17 -14 -15 -16 -17 -18 -19
leaf_value=0.0050941259514759576 -0.0034826564564079537 -0.0011049902884614706 -0.0038743834456447333 0.0031960554283398846 -0.0067128907192106303 0.0046819650239992043 -0.00081814671370286759 0.0036693655946425032 -0.0012675196976279436 -0.00091338049244644168 0.0035879487995124824 -0.0001482951111891972 -0.0061976313555941855 0.00035326648937189021 -0.0029348997567352408 0.0022622237801551816 0.007316152029337092 0.00088985404960641808
leaf_weight=33 60 105 100 77 113 118 836 34 22 56 34 20 50 23 36 20 186 32
leaf_count=33 60 105 100 77 113 118 836 34 22 56 34 20 50 23 36 20 186 32
internal_value=6.03652e-07 -0.00097987 -0.000711988 -0.00137863 -0.00175329 0.00113402 -0.00115166 0.00298701 -0.0058634 0.00080621 0.00658622 -0.00104366 -0.00478848 0.00258189 -0.00161071 0.00437166 0.00701964 0.000438698
internal_weight=1955 1702 1592 1171 1071 421 936 228 135 90 253 193 110 100 141 138 219 52
internal_count=1955 1702 1592 1171 1071 421 936 228 135 90 253 193 110 100 141 138 219 52
is_linear=0
shrinkage=0.03


Tree=5
num_leaves=31
num_cat=0
split_feature=19 19 19 14 23 19 23 19 23 19 19 19 23 22 17 23 22 19 23 10 19 19 11 19 19 23 23 19 9 19
split_gain=12.3503 3.17569 1.79042 1.06051 0.864649 1.26951 1.36179 1.09734 1.3749 0.793646 0.704905 0.675904 0.369515 0.326743 0.173253 0.157267 0.13899 0.125882 0.118086 0.103623 0.0577896 0.0433407 0.0426133 0.0367396 0.0398565 0.0346783 0.0277573 0.0238828 0.0163269 0.0177949
threshold=99.017550000000014 97.858700000000013 100.1632 0.011160780829740253 1.4393000000000002 101.31265 8.2272000000000016 101.0665 7.366550000000001 100.07525000000003 98.870050000000006 103.38335000000002 1.6552000000000002 19.494999885559054 -0.0051757449810775989 0.15360000000000004 18.845000267028755 99.54525000000001 2.1784000000000003 1.0204183420971711 98.941250000000011 99.910550000000015 1.0408103144156373 95.960900000000009 97.244700000000009 5.2704000000000013 0.78200000000000014 101.38210000000002 1.0096337737683576 98.853950000000012
decision_type=2 2 2 2 2 2 2 2 2 2 2 2 2 2 2 2 2 2 2 2 2 2 2 2 2 2 2 2 2 2
left_child=1 12 9 14 15 7 11 8 -6 17 16 -7 23 -9 -3 -4 19 22 21 -5 -12 -19 26 -1 -25 -20 -2 -8 29 -16
right_child=2 3 4 10 5 6 27 13 -10 -11 20 -13 -14 -15 28 -17 -18 18 25 -21 -22 -23 -24 24 -26 -27 -28 -29 -30 -31
leaf_value=0.0061765602309595451 -0.00091169107245902214 0.0010122191059137029 -0.0029885436629255614 6.9802404973994599e-05 -0.00010285197466744908 -0.002707071626046349 -0.0048156842090513394 -0.0010153452682754268 -0.0052646829564473594 0.0042149674654006954 0.0047276016160331929 -0.00022675315963622544 0.002259431049759899 0.0029439768229865214 0.0051509253146359698 -0.0056488290958440126 0.0012823816680542412 0.00075453133312985293 6.9923187525339672e-05 -0.0015402893678183316 0.0021219103397882503 0.0026076378801039284 -0.0017949226068004088 0.0083802068815989911 0.0055020503881184953 -0.0013166793062220044 0.0001861942029390775 -0.0074441628317038211 0.0032900000449947336 0.0032399707838147874
leaf_weight=109 44 20 44 65 174 431 22 22 63 44 28 132 20 87 63 66 37 44 43 71 22 20 33 65 22 22 31 44 43 24
leaf_count=109 44 20 44 65 174 431 22 22 63 44 28 132 20 87 63 66 37 44 43 71 22 20 33 65 22 22 31 44 43 24
internal_value=5.48673e-07 0.00362971 -0.00156361 0.0019332 -0.00211652 -0.00182334 -0.00262597 -0.000352224 -0.00150394 0.000560587 0.000599737 -0.00213229 0.00652309 0.00211561 0.00387864 -0.00464825 -0.000296341 -0.000120117 0.00049621 -0.00075397 0.00370401 0.00141099 -0.000881608 0.00692925 0.00775728 -0.000366773 -0.000421946 -0.00669773 0.00428564 0.00470066
internal_weight=1955 589 1366 373 1085 975 629 346 237 281 223 563 216 109 150 110 173 237 129 136 50 64 108 196 87 65 75 66 130 87
internal_count=1955 589 1366 373 1085 975 629 346 237 281 223 563 216 109 150 110 173 237 129 136 50 64 108 196 87 65 75 66 130 87
is_linear=0
shrinkage=0.03


Tree=6
num_leaves=28
num_cat=0
split_feature=19 19 20 19 15 24 23 23 19 20 20 19 23 20 23 11 24 20 15 15 24 15 13 20 11 20 18
split_gain=11.6411 2.98907 1.90264 2.38698 1.63872 1.11452 1.10158 0.753671 0.566516 0.551102 0.50544 0.494921 0.491678 0.346472 0.152951 0.12662 0.11793 0.105034 0.0855855 0.0775516 0.0423053 0.117784 0.0417337 0.03286 0.0287419 0.0125621 0.000368753
threshold=99.017550000000014 97.858700000000013 105.65999984741151 100.45905 0.012398644436030901 51.150000000000013 7.8480500000000006 1.4393000000000002 99.910550000000015 92.75500106811522 104.04500198364201 98.870050000000006 7.366550000000001 91.594997406005817 2.6553500000000008 1.0177944620421966 49.750000000000007 99.674999237060504 0.011377392273750101 0.012544796375218152 51.45000000000001 0.010013142358682302 1.0092412832279922 101.60499954223602 1.0874429344763654 98.165000915527315 0.538627991678578
decision_type=2 2 2 2 2 2 2 2 2 2 2 2 2 2 2 2 2 2 2 2 2 2 2 2 2 2 2
left_child=1 13 3 5 17 12 7 19 24 -9 23 14 16 -1 25 -4 -2 18 26 -5 21 -15 -16 -8 -7 -6 -3
right_child=2 4 15 6 11 8 10 9 -10 -11 -12 -13 -14 20 22 -17 -18 -19 -20 -21 -22 -23 -24 -25 -26 -27 -28
leaf_value=0.0021948758327801311 0.00012338559660289821 0.0057938943947183673 0.0030711038178205486 -0.0064233107951379587 -0.0020329409616634897 0.00046305641705015054 -0.00714992958009243 -0.0040417092252023447 0.0037090935563219006 -0.0015614828968269084 -0.0011460725262801609 0.0032139598683764534 -0.0054573662057518964 0.0036312361720204347 0.00079270237589662421 0.00047096525697917161 -0.0012759481749789726 0.0016565837570550765 0.002521602217044915 -0.003967790542517678 0.0077791199684143046 0.0066066391150528024 -0.00049179615945237249 -0.0049113749193082402 -0.00083974067356599406 -0.00093811820776146997 0.004288403002644315
leaf_weight=20 86 28 74 30 45 44 59 96 86 579 22 35 21 24 47 26 130 21 31 58 66 106 40 33 22 33 93
leaf_count=20 86 28 74 30 45 44 59 96 86 579 22 35 21 24 47 26 130 21 31 58 66 106 40 33 22 33 93
internal_value=9.95606e-07 0.00352446 -0.00151754 -0.00183389 0.0018782 0.000114713 -0.00270076 -0.00227739 0.00211905 -0.00192412 -0.00546385 1.08325e-05 -0.00116167 0.00633173 -0.000665815 0.00243613 -0.00070698 0.00400729 0.0042995 -0.00490137 0.00672534 0.00611215 0.00016916 -0.00644067 0 -0.00162546 0.00470601
internal_weight=1955 589 1366 1266 373 389 877 763 152 675 114 200 237 216 165 100 216 173 152 88 196 130 87 92 66 78 121
internal_count=1955 589 1366 1266 373 389 877 763 152 675 114 200 237 216 165 100 216 173 152 88 196 130 87 92 66 78 121
is_linear=0
shrinkage=0.03


Tree=7
num_leaves=26
num_cat=0
split_feature=21 19 21 15 21 15 23 21 19 19 19 16 19 19 17 16 19 21 16 19 15 19 21 17 19
split_gain=11.8006 4.02293 1.39912 0.931686 0.746408 0.6384 0.779177 0.456102 0.278414 0.259807 0.176651 0.161646 0.120999 0.215945 0.103855 0.0822553 0.0889409 0.0675854 0.0503185 0.0411851 0.0308603 0.0484477 0.0118198 0.00967661 0.000522034
threshold=1.1950000000000001 100.1632 3.0650000000000004 0.012994678855909403 1.6650000000000003 0.021551118471779703 8.2272000000000016 1.7150000000000001 99.910550000000015 98.870050000000006 99.017550000000014 61.716879283585328 101.0665 101.31265 -0.0037081140202443997 41.734204145036628 99.017550000000014 1.6250000000000002 48.907610798061356 101.40940000000002 0.0088547510741693505 95.960900000000009 2.0650000000000004 -0.00048617017912339994 95.320250000000016
decision_type=2 2 2 2 2 2 2 2 2 2 2 2 2 2 2 2 2 2 2 2 2 2 2 2 2
left_child=9 3 4 7 14 6 -6 18 10 20 -9 15 -4 -14 -3 -5 -17 -13 -2 -16 -1 24 -19 -15 -22
right_child=1 2 12 11 5 -7 -8 8 -10 -11 -12 17 13 23 19 16 -18 22 -20 -21 21 -23 -24 -25 -26
leaf_value=0.0041844626537391114 0.0053991633477785128 0.0015771454168217521 -0.00051903651264215383 0.0015056893967092036 -0.002550513683526677 0.0022665387395430694 -0.0057453236826518666 0.0019025457858832934 0.0033489681333303454 0.0027475596825735499 1.4168966500378422e-05 0 0.0028948401627035773 0.00045391494217222899 -0.0003266678519949377 0.00055871829840593856 -0.00076812072100941652 -0.0023783509905682875 0.0031697807722773992 -0.001699259785955354 0.006167995046451687 0.0073076247273758041 -0.0011007982516661285 -0.00041713797266129405 0.0044293339516847368
leaf_weight=20 33 20 33 39 720 21 78 87 58 25 97 25 48 21 91 108 77 29 37 28 79 99 29 23 30
leaf_count=20 33 20 33 39 720 21 78 87 58 25 97 25 48 21 91 108 77 29 37 28 79 99 29 23 30
internal_value=1.10498e-06 -0.000897041 -0.00199998 0.00102793 -0.00239014 -0.00273529 -0.00287334 0.00218027 0.00153252 0.00603473 0.000928717 -0.000136724 0.000961704 0.00152497 -0.000330085 0.000272064 0 -0.00126578 0.00432427 -0.0006861 0.00636849 0.00654312 -0.00181991 0 0.00576135
internal_weight=1955 1702 1083 619 958 819 798 312 242 253 184 307 125 92 139 224 185 83 70 119 228 208 58 44 109
internal_count=1955 1702 1083 619 958 819 798 312 242 253 184 307 125 92 139 224 185 83 70 119 228 208 58 44 109
is_linear=0
shrinkage=0.03


Tree=8
num_leaves=26
num_cat=0
split_feature=21 19 20 23 15 23 19 24 23 19 11 19 19 21 11 11 20 23 21 24 15 19 20 22 11
split_gain=11.1165 3.78855 2.28818 1.69936 0.878835 0.807 0.704742 0.435192 0.403357 0.359236 0.243507 0.243368 0.177049 0.146392 0.139139 0.116111 0.0972314 0.11952 0.0705213 0.0540127 0.0274793 0.0439885 0.0105657 0.00756547 2.12945e-05
threshold=1.1950000000000001 100.1632 104.96500015258751 7.366550000000001 0.012994678855909403 1.4393000000000002 101.40940000000002 49.850000000000001 1.9056500000000003 98.693900000000014 1.0266135469813402 98.870050000000006 101.0665 2.1750000000000003 0.95871117028491271 1.0029650730680579 93.055000305175767 1.0789000000000002 1.5550000000000004 51.150000000000013 0.0088547510741693505 95.960900000000009 92.124999999999957 18.090000152587852 1.0020856703167154
decision_type=2 2 2 2 2 2 2 2 2 2 2 2 2 2 2 2 2 2 2 2 2 2 2 2 2
left_child=11 4 3 5 7 13 -7 23 9 -9 16 20 -4 -3 -5 -10 22 -18 -12 -20 -1 -22 -6 -2 -14
right_child=1 2 12 14 10 6 -8 8 15 -11 18 -13 24 -15 -16 -17 17 -19 19 -21 21 -23 -24 -25 -26
leaf_value=0.0040649064012936182 -0.00070870327524608003 -0.0026352564216192277 -8.4237360759288992e-05 -0.0036550386049008618 -0.00085732879724985519 0 -0.0021010563841411885 0.00078561103507574349 0.002286904047176774 0.0043218535771071907 0.0004734231753517752 0.0026683031362123213 0.0029683949499500588 -0.0052233636518674237 -0.0063750206544831546 0.00016583405565623134 -0.00025135267549194394 0.0018823117229145973 -0.0020186397757174239 -0.00067882064737149659 0.0055922219635410738 0.0070905883774906387 0 0 0.0017538295388221739
leaf_weight=20 26 41 23 35 20 195 543 36 41 124 22 25 67 69 90 60 31 73 53 78 109 99 30 25 20
leaf_count=20 26 41 23 35 20 195 543 36 41 124 22 25 67 69 90 60 31 73 53 78 109 99 30 25 20
internal_value=1.8613e-06 -0.000869819 -0.00194017 -0.00240535 0.000998138 -0.00191413 -0.00154639 0.00211734 0.00261246 0.00355465 -0.000132733 0.00585804 0.00213207 -0.00431816 -0.00567229 0.00107025 0.00069589 0.00122141 -0.000985355 -0.0012548 0.00618151 0.00635025 -0.000340879 -0.000360345 0.00274638
internal_weight=1955 1702 1083 973 619 848 738 312 261 160 307 253 110 110 125 101 154 104 153 131 228 208 50 51 87
internal_count=1955 1702 1083 973 619 848 738 312 261 160 307 253 110 110 125 101 154 104 153 131 228 208 50 51 87
is_linear=0
shrinkage=0.03


Tree=9
num_leaves=27
num_cat=0
split_feature=21 19 20 23 15 23 19 24 23 19 11 19 19 21 11 11 20 23 21 24 19 19 15 19 20 22
split_gain=10.4711 3.56727 2.15551 1.60071 0.828329 0.760578 0.663186 0.410464 0.378962 0.337389 0.229018 0.227773 0.167318 0.140084 0.129851 0.110943 0.0915893 0.112798 0.0666888 0.0506514 0.0246421 0.0722344 0.0552715 0.0117602 0.00998358 0.00714358
threshold=1.1950000000000001 100.1632 104.96500015258751 7.366550000000001 0.012994678855909403 1.4393000000000002 101.40940000000002 49.850000000000001 1.9056500000000003 98.693900000000014 1.0266135469813402 98.870050000000006 101.0665 2.2150000000000003 0.96959096282549118 0.99175507194884649 93.055000305175767 1.0789000000000002 1.5550000000000004 51.150000000000013 95.960900000000009 97.244700000000009 0.010148626518050452 93.309500000000014 92.124999999999957 18.090000152587852
decision_type=2 2 2 2 2 2 2 2 2 2 2 2 2 2 2 2 2 2 2 2 2 2 2 2 2 2
left_child=11 4 3 5 7 13 -7 25 9 -9 16 20 -4 -3 -5 -10 24 -18 -12 -20 23 -22 -23 -1 -6 -2
right_child=1 2 12 14 10 6 -8 8 15 -11 18 -13 -14 -15 -16 -17 17 -19 19 -21 21 22 -24 -25 -26 -27
leaf_value=0.0059674542437900191 -0.00068822962061191597 -0.0030063723062516237 -8.1815551064210013e-05 -0.003651752981088626 -0.00083283368710960657 0 -0.0020381405981371938 0.00076267967033325824 0.0026687161400914192 0.0041932351969778533 0.00045983799806107649 0.0025913327974625504 0.0026666193927257238 -0.0054681134802453662 -0.0062299949282949617 0.00037773870233446361 -0.00024404773861169817 0.001826605483025904 -0.0019592020674091245 -0.00065871381251542246 0.0074941521923650384 0.0033857061619955026 0.0063940400648117065 0.0044255398594670826 0 0
leaf_weight=65 26 60 23 38 20 195 543 36 27 124 22 25 87 50 87 74 31 73 53 78 65 21 24 53 30 25
leaf_count=65 26 60 23 38 20 195 543 36 27 124 22 25 87 50 87 74 31 73 53 78 65 21 24 53 30 25
internal_value=1.96915e-06 -0.000843984 -0.00188264 -0.00233416 0.000968504 -0.00185727 -0.00150008 0.00205509 0.00253598 0.00344953 -0.000129124 0.00568565 0.00206936 -0.00419155 -0.00550522 0.00103975 0.000674121 0.00118437 -0.000956227 -0.00121845 0.00599905 0.00662118 0.00515949 0.00534312 -0.000330793 -0.000349714
internal_weight=1955 1702 1083 973 619 848 738 312 261 160 307 253 110 110 125 101 154 104 153 131 228 110 45 118 50 51
internal_count=1955 1702 1083 973 619 848 738 312 261 160 307 253 110 110 125 101 154 104 153 131 228 110 45 118 50 51
is_linear=0
shrinkage=0.03


Tree=10
num_leaves=24
num_cat=0
split_feature=21 21 20 24 20 22 21 11 21 22 22 21 20 11 24 21 20 11 24 24 15 15 14
split_gain=9.87002 1.1975 1.48666 2.35404 1.19709 0.739049 0.472311 0.472028 0.438276 0.313197 0.263965 0.206866 0.192303 0.191901 0.112746 0.299108 0.11028 0.104727 0.061244 0.0990499 0.0384572 0.0327951 0.0182632
threshold=1.1950000000000001 1.7550000000000001 105.65999984741151 50.350000000000001 94.975002288818359 14.840000152587852 2.5350000000000006 1.0094257219072833 2.1350000000000002 10.744999885559052 20.960000038146905 1.0300000000000002 96.975002288818359 1.0047769941734568 49.95000000000001 1.5550000000000004 97.694999694824162 1.0208009147706276 51.850000000000001 50.150000000000013 0.0092756498053602511 0.010920488926049451 0.013816974015045802
decision_type=2 2 2 2 2 2 2 2 2 2 2 2 2 2 2 2 2 2 2 2 2 2 2
left_child=11 5 3 7 6 12 -5 8 -3 -6 -9 20 21 14 16 -16 -7 -4 19 -15 -1 -2 -20
right_child=1 2 17 4 9 13 -8 10 -10 -11 -12 -13 -14 18 15 -17 -18 -19 22 -21 -22 -23 -24
leaf_value=0.0042315062586875526 0.0045211830107229093 -0.00069780932489951005 0.0027331406221402666 -0.0002240041664114133 0.0037991444943689329 0.00085883490983396766 -0.0029307099172796031 -0.0031913980883520009 -0.0027567375918207079 0.00093871509479916159 -0.0057154418638858352 0.003007107337085264 0.00043649139846472639 -0.00023266121987398949 9.6842999775738765e-05 0.0033151969619487466 -0.0015729067930127106 0.0002621711566171143 0.00064308880525641146 -0.0022194538320181889 0.0061340612828890903 0.0023969871060031908 -0.0004640621638391167
leaf_weight=33 41 140 77 125 42 29 112 177 311 211 56 34 22 47 89 37 35 23 20 51 186 22 35
leaf_count=33 41 140 77 125 42 29 112 177 311 211 56 34 22 47 89 37 35 23 20 51 186 22 35
internal_value=2.25615e-06 -0.000819011 -0.0012807 -0.00158159 0 0.000548048 -0.00152267 -0.00271729 -0.0021272 0.00143847 -0.00383269 0.00552043 0.00303558 -6.67063e-05 0.000559339 0.0010842 -0.000428609 0.00220274 -0.000862212 -0.00130888 0.00588155 0.00387532 -3.59595e-06
internal_weight=1955 1702 1274 1174 490 428 237 684 451 253 233 253 85 343 190 126 64 100 153 98 219 63 55
internal_count=1955 1702 1274 1174 490 428 237 684 451 253 233 253 85 343 190 126 64 100 153 98 219 63 55
is_linear=0
shrinkage=0.03


Tree=11
num_leaves=26
num_cat=0
split_feature=21 19 20 23 23 14 19 11 19 22 20 19 19 21 11 22 21 19 24 24 19 19 11 19 11
split_gain=9.2933 3.23381 1.93065 1.45596 0.699458 0.622267 0.583422 0.411848 0.203416 0.188201 0.18209 0.151387 0.149972 0.128996 0.117924 0.113488 0.110863 0.0565696 0.0500714 0.0788411 0.0257768 0.0664559 0.0242126 0.0103161 0.000372503
threshold=1.1950000000000001 100.1632 104.96500015258751 7.366550000000001 1.4393000000000002 0.0094909140430402012 101.40940000000002 1.0234002887575484 98.870050000000006 14.644999980926451 94.774997711181626 101.0665 98.805550000000011 2.2150000000000003 0.95871117028491271 18.234999656677203 1.8050000000000004 100.07525000000003 49.350000000000001 50.150000000000013 95.960900000000009 97.244700000000009 0.99996202838761694 93.309500000000014 1.0020856703167154
decision_type=2 2 2 2 2 2 2 2 2 2 2 2 2 2 2 2 2 2 2 2 2 2 2 2 2
left_child=8 5 3 4 13 10 -6 9 20 12 -2 -4 -7 -3 -5 -11 22 -18 -9 -20 23 -22 -12 -1 -13
right_child=1 2 11 14 6 7 -8 18 -10 15 16 24 -14 -15 -16 -17 17 -19 19 -21 21 -23 -24 -25 -26
leaf_value=0.005609909415245056 0.00060474331624101138 -0.0028543112623642701 -8.4261083509773016e-05 -0.0033615189960304031 0 0.00037036404699425807 -0.0019176544718762705 -0.002083973929286003 0.0024234058474405453 -0.00017735393594616215 0.0052592046078708439 0.0027355742218299868 0.0029911671787472994 -0.0052209850234143877 -0.0058861951109144706 0.0013421749295142945 0.001370703499114444 0.0034552733319997784 0.0012175970479313817 -0.00070273689380729025 0.0070958245044404804 0.0048577484872759031 0.003015285794176161 0.0041418797738022274 0.0015776808873883314
leaf_weight=65 36 60 23 35 195 32 543 20 25 92 26 67 67 50 90 79 42 24 20 157 65 45 24 53 20
leaf_count=65 36 60 23 35 195 32 543 20 25 92 26 67 67 50 90 79 42 24 20 157 65 45 24 53 20
internal_value=2.53154e-06 -0.000794335 -0.00178331 -0.00221071 -0.00175568 0.000931215 -0.00141298 0.000378793 0.00535711 0.00114207 0.00259528 0.00195611 0.00218621 -0.00399444 -0.00523538 0.000510931 0.00317695 0.00221376 -0.000652658 -0.000463275 0.0056537 0.00625929 0.00432119 0.0050161 0.00252444
internal_weight=1955 1702 1083 973 848 619 738 467 253 270 152 110 99 110 125 171 116 66 197 177 228 110 50 118 87
internal_count=1955 1702 1083 973 848 619 738 467 253 270 152 110 99 110 125 171 116 66 197 177 228 110 50 118 87
is_linear=0
shrinkage=0.03


Tree=12
num_leaves=26
num_cat=0
split_feature=21 19 20 23 23 14 20 11 19 22 20 19 19 23 21 22 21 19 24 24 19 19 11 17 19
split_gain=8.75608 3.04798 1.81881 1.37138 0.659319 0.587974 0.567075 0.388057 0.190483 0.177361 0.171578 0.1431 0.140797 0.123194 0.112529 0.10696 0.104041 0.0529991 0.0472217 0.0744147 0.0232156 0.0612569 0.0220066 0.0160693 0.00871398
threshold=1.1950000000000001 100.1632 104.96500015258751 7.366550000000001 1.4393000000000002 0.0094909140430402012 91.854999542236314 1.0234002887575484 98.870050000000006 14.644999980926451 94.774997711181626 101.0665 98.805550000000011 0.15360000000000004 2.9750000000000005 18.234999656677203 1.8050000000000004 100.07525000000003 49.350000000000001 50.150000000000013 95.960900000000009 97.244700000000009 0.99996202838761694 0.0022262462118886003 93.309500000000014
decision_type=2 2 2 2 2 2 2 2 2 2 2 2 2 2 2 2 2 2 2 2 2 2 2 2 2
left_child=8 5 3 4 13 10 -6 9 20 12 -2 -4 -7 -3 23 -11 22 -18 -9 -20 24 -22 -12 -5 -1
right_child=1 2 11 14 6 7 -8 18 -10 15 16 -13 -14 -15 -16 -17 17 -19 19 -21 21 -23 -24 -25 -26
leaf_value=0.0054441622583703561 0.00058709137023401422 -0.0024099670447409152 -8.1838576559675841e-05 -0.0058837526536413597 -0.0037568614747789169 0.00035958982991393321 -0.0010707870312175469 -0.0020244318547525571 0.0023534999110091186 -0.00017209053046897152 0.0051072719875309208 0.0024511957911838018 0.0029027517744933205 -0.0047606785457525681 -0.0025880553398958659 0.0013024130290781612 0.0013305386913463819 0.0033557614463567732 0.0011828085428902081 -0.00068178822938058106 0.0068861751366745341 0.0047151841294708783 0.0029284455484896899 -0.0037756214683706108 0.0040199244610137404
leaf_weight=65 36 44 23 83 80 32 658 20 25 92 26 87 67 66 21 79 42 24 20 157 65 45 24 21 53
leaf_count=65 36 44 23 83 80 32 658 20 25 92 26 87 67 66 21 79 42 24 20 157 65 45 24 21 53
internal_value=3.1119e-06 -0.000770335 -0.0017305 -0.00214538 -0.00170361 0.000904811 -0.00137071 0.000367619 0.00520066 0.00110864 0.00252246 0.00189857 0.00212254 -0.0038776 -0.00508124 0.000495283 0.0030873 0.00215085 -0.000633316 -0.000448784 0.00548811 0.00607555 0.00419819 -0.00552666 0.00486883
internal_weight=1955 1702 1083 973 848 619 738 467 253 270 152 110 99 110 125 171 116 66 197 177 228 110 50 104 118
internal_count=1955 1702 1083 973 848 619 738 467 253 270 152 110 99 110 125 171 116 66 197 177 228 110 50 104 118
is_linear=0
shrinkage=0.03


Tree=13
num_leaves=19
num_cat=0
split_feature=21 23 23 24 20 23 24 15 20 22 11 21 21 24 11 22 11 15
split_gain=8.25079 1.19676 1.47172 1.4606 1.2827 1.62433 0.674718 0.468948 0.364335 0.236177 0.220423 0.171687 0.116495 0.0907391 0.0899821 0.063506 0.0369492 0.0340148
threshold=1.1950000000000001 0.37465000000000009 1.8697500000000002 49.850000000000001 105.65999984741151 7.366550000000001 49.350000000000001 0.011541598529730801 104.04500198364201 12.335000038146902 1.0100190845658277 1.0300000000000002 2.2150000000000003 49.750000000000007 1.0177944620421966 15.610000133514353 1.0388921764735093 0.0092756498053602511
decision_type=2 2 2 2 2 2 2 2 2 2 2 2 2 2 2 2 2 2
left_child=11 12 3 10 5 6 -4 16 -7 -9 13 17 -2 -3 -6 -12 -5 -1
right_child=1 2 4 7 14 8 -8 9 -10 -11 15 -13 -14 -15 -16 -17 -18 -19
leaf_value=0.0038322615340790327 -0.0026770062071011691 0 -0.0035568558859474515 0.0036678092095978735 0.0025572011853009463 -0.0052573592597128524 -0.00071801589533971135 0.0037168153234842147 -0.00082633577279098657 0.0002507994877706681 -0.0031147920328192412 0.0027418142681508986 -0.0049315550362362577 -0.0017201324890748681 0.00034733673425701761 -0.0010893049483625765 0.0018690021168440579 0.0056157261992202077
leaf_weight=33 60 158 84 125 74 113 738 21 22 104 39 34 50 32 26 33 23 186
leaf_count=33 60 158 84 125 74 113 738 21 22 104 39 34 50 32 26 33 23 186
internal_value=3.42837e-06 -0.000747325 -0.00053477 0.000742975 -0.00118443 -0.00152431 -0.00101573 0.00227775 -0.00456871 0.000881777 -0.000847413 0.00504882 -0.00376402 -0.000289222 0.00202147 -0.00225518 0.00342282 0.00537926
internal_weight=1955 1702 1592 535 1057 957 822 273 135 125 262 253 110 190 100 72 148 219
internal_count=1955 1702 1592 535 1057 957 822 273 135 125 262 253 110 190 100 72 148 219
is_linear=0
shrinkage=0.03


Tree=14
num_leaves=28
num_cat=0
split_feature=21 19 20 19 21 22 15 21 19 11 19 11 19 19 20 19 19 11 21 21 22 19 19 15 19 17 11
split_gain=7.76988 2.76102 1.62472 0.792111 0.8359 0.861479 0.653005 0.315102 0.191702 0.188178 0.169894 0.153871 0.130335 0.120552 0.0931727 0.0850842 0.0534698 0.0498216 0.0399554 0.0283635 0.0249345 0.0237713 0.056873 0.0553831 0.00752399 0.000739519 0.000166575
threshold=1.1950000000000001 100.1632 104.96500015258751 103.38335000000002 1.6650000000000003 11.494999885559052 0.012994678855909403 1.7150000000000001 99.910550000000015 1.0343886856637194 98.870050000000006 0.9576351624063687 101.0665 99.017550000000014 92.63499832153316 98.853950000000012 104.09700000000001 1.004427925071109 3.0750000000000006 1.5650000000000002 12.135000228881802 95.960900000000009 97.244700000000009 0.010148626518050452 93.309500000000014 -0.0019153105082918497 1.0020856703167154
decision_type=2 2 2 2 2 2 2 2 2 2 2 2 2 2 2 2 2 2 2 2 2 2 2 2 2 2 2
left_child=10 6 3 4 11 -6 7 17 13 14 21 -3 -4 -9 25 -16 18 -2 -5 -11 -21 24 -23 -24 -1 -8 -14
right_child=1 2 12 16 5 -7 9 8 -10 19 -12 -13 26 -15 15 -17 -18 -19 -20 20 -22 22 23 -25 -26 -27 -28
leaf_value=0.0051173927336931229 0.0044922568911256698 0.0015452889523214913 -9.4652593150385648e-05 -0.00052259014595795088 -0.00014776009998538277 -0.0032138634273089655 -0.00088934714952483779 0.0015916913011248901 0.0028031329483551495 0 0.002200687220606666 -0.00078417720424477002 0.0025156279064112289 2.5314615226863901e-05 -0.0002659365310067577 0.0014044487851236217 0.0015086808316409587 0.0023891911389814181 0.00068101782306496592 -3.4499980255284086e-05 -0.0013376384999308933 0.0065208542421460155 0.0027617255221756001 0.0056101994383335116 0.0037614766599403486 -0.00024377776255562859 0.0014242337079984802
leaf_weight=65 38 32 23 78 98 604 20 87 58 20 25 107 67 97 34 96 20 32 34 21 94 65 21 24 53 22 20
leaf_count=65 38 32 23 78 98 604 20 87 58 20 25 107 67 97 34 96 20 32 34 21 94 65 21 24 53 22 20
internal_value=3.31371e-06 -0.000725187 -0.0016391 -0.00203129 -0.0023702 -0.00279092 0.000869009 0.00183379 0.00129191 -0.000104513 0.00489951 -0.000219261 0.00179009 0.000786755 0.000541275 0.000945983 0.000107017 0.0036203 -0.000127867 -0.000947284 -0.00112788 0.00517143 0.00574225 0.00443506 0.00457032 -0.000634493 0.00231786
internal_weight=1955 1702 1083 973 841 702 619 312 242 307 253 139 110 184 172 130 132 70 112 135 115 228 110 45 118 42 87
internal_count=1955 1702 1083 973 841 702 619 312 242 307 253 139 110 184 172 130 132 70 112 135 115 228 110 45 118 42 87
is_linear=0
shrinkage=0.03


Tree=15
num_leaves=21
num_cat=0
split_feature=21 23 23 24 11 23 15 21 23 24 22 11 21 21 24 22 11 15 15 22
split_gain=7.32268 1.07202 1.34293 1.30932 0.684409 0.805898 0.419486 0.389383 0.352641 0.338037 0.213691 0.203001 0.151284 0.112719 0.0870605 0.0560358 0.0345731 0.0283447 0.0159924 0.00304035
threshold=1.1950000000000001 0.37465000000000009 1.8697500000000002 49.850000000000001 0.99463472897841831 8.2272000000000016 0.011541598529730801 3.02 8.5004000000000008 50.250000000000007 12.335000038146902 1.0100190845658277 1.0300000000000002 2.1750000000000003 49.750000000000007 15.610000133514353 1.0388921764735093 0.0088547510741693505 0.011272105945662402 18.3800001144409
decision_type=2 2 2 2 2 2 2 2 2 2 2 2 2 2 2 2 2 2 2 2
left_child=12 13 3 11 8 7 16 -6 9 -4 -8 14 17 19 -3 -13 -5 -1 -15 -2
right_child=1 2 4 6 5 -7 10 -9 -10 -11 -12 15 -14 18 -16 -17 -18 -19 -20 -21
leaf_value=0.003207717831161889 -0.0026127280789342792 2.330129796568796e-05 0.0011974389402301243 0.0034920009389918828 -0.0017417752813268452 -0.0056673797111619611 0.0035471144647930154 0.00035424495685805116 -0.0028097004538401959 -0.00064692281632973197 0.00024756738339949929 -0.002948172419518232 0.0025794095147667188 -0.0053408941719038728 -0.0016538984931539743 -0.0010321850130498847 0.001752731564454734 0.0052337721256380107 -0.0034916877570961204 -0.0012841978863413846
leaf_weight=21 21 158 158 125 524 43 21 91 39 202 104 39 34 28 32 33 23 198 41 20
leaf_count=21 21 158 158 125 524 43 21 91 39 202 104 39 34 28 32 33 23 198 41 20
internal_value=4.1165e-06 -0.000703064 -0.000501778 0.000718645 -0.00112243 -0.00171655 0.00217186 -0.00142669 -0.000133301 0.000155312 0.000849453 -0.000786673 0.00475736 -0.00355842 -0.000250648 -0.00213728 0.00325542 0.00506859 -0.00435053 -0.0020821
internal_weight=1955 1702 1592 535 1057 658 273 615 399 360 125 262 253 110 190 72 148 219 69 41
internal_count=1955 1702 1592 535 1057 658 273 615 399 360 125 262 253 110 190 72 148 219 69 41
is_linear=0
shrinkage=0.03


Tree=16
num_leaves=30
num_cat=0
split_feature=21 19 20 19 21 15 24 24 11 11 19 11 19 21 20 19 24 21 21 24 17 19 19 15 19 5 11 10 11
split_gain=6.8964 2.52811 1.48328 0.712462 0.748934 0.585327 0.314356 0.291996 0.226791 0.170153 0.151839 0.139921 0.098218 0.0936291 0.085359 0.0776324 0.0593289 0.0452403 0.025879 0.030563 0.0248596 0.0239131 0.0525533 0.0518804 0.00647182 0.00591848 0.00419317 0.00313834 0.000262072
threshold=1.1950000000000001 100.1632 105.15000152587852 103.38335000000002 1.6650000000000003 0.012994678855909403 51.150000000000013 49.850000000000001 0.99175507194884649 1.0343886856637194 98.870050000000006 0.9576351624063687 101.0665 1.7550000000000001 92.63499832153316 98.853950000000012 50.150000000000013 1.6950000000000001 1.5650000000000002 51.250000000000007 0.0023280386944380007 95.960900000000009 97.244700000000009 0.010148626518050452 93.309500000000014 -0.0045428266947958986 0.98640438030316735 0.99258888225490927 1.0020856703167154
decision_type=2 2 2 2 2 2 2 2 2 2 2 2 2 2 2 2 2 2 2 2 2 2 2 2 2 2 2 2 2
left_child=10 5 3 4 11 7 -6 25 17 14 21 -3 -4 -10 27 -16 26 -9 -11 -20 -18 24 -23 -24 -1 -2 -5 -7 -14
right_child=1 2 12 16 6 9 -8 8 13 18 -12 -13 28 -15 15 -17 20 -19 19 -21 -22 22 23 -25 -26 -27 -28 -29 -30
leaf_value=0.0048115628388794981 0 0.0014776954754171043 0 -0.0001887215034969683 -0.0030370562649384282 -0.00087055633180653275 -0.0015712588460012967 0.0049040261934632833 0.0026252307902254603 0 0.0020559493655768722 -0.00074336804698719376 0.0024607522649260668 0.0010044275973369148 -0.00023093521829162326 0.0013606393892250802 0.0009724551771153609 0.0028336496087435921 -0.0015236310817611713 -0.00042969543013411264 0 0.0061754001988606026 0.0025612483638423407 0.0053042636471986775 0.0035200185916490026 -0.00053731117924795519 -0.001042515420139982 -0.00010683185367711952 0.0013794086149760655
leaf_weight=65 21 32 21 20 511 22 196 22 50 20 25 107 64 125 34 96 54 64 62 53 33 65 21 24 53 30 25 20 20
leaf_count=65 21 32 21 20 511 22 196 22 50 20 25 107 64 125 34 96 54 64 62 53 33 65 21 24 53 30 25 20 20
internal_value=3.7845e-06 -0.000682458 -0.00155703 -0.0019224 -0.00224207 0.000842889 -0.00263773 0.00175622 0.00216193 -7.82696e-05 0.00461665 -0.000203713 0.00180388 0.00149684 0.000535451 0.000922895 0.000105275 0.00344804 -0.000880442 -0.00105338 0.000580342 0.00487412 0.0054282 0.00417291 0.00429113 -0.000263963 -0.000740621 -0.000587588 0.00225784
internal_weight=1955 1702 1083 978 846 619 707 312 261 307 253 139 105 175 172 130 132 86 135 115 87 228 110 45 118 51 45 42 84
internal_count=1955 1702 1083 978 846 619 707 312 261 307 253 139 105 175 172 130 132 86 135 115 87 228 110 45 118 51 45 42 84
is_linear=0
shrinkage=0.03


Tree=17
num_leaves=28
num_cat=0
split_feature=21 19 20 23 15 23 20 21 23 23 19 19 16 23 21 20 21 21 16 20 20 19 19 15 17 19 14
split_gain=6.50024 2.37985 1.40044 1.10391 0.552563 0.496961 0.503758 0.260954 0.166943 0.162156 0.1422 0.113658 0.110844 0.10814 0.104731 0.0989534 0.0921143 0.0507219 0.0349146 0.0271293 0.0258136 0.0218447 0.0478102 0.0481247 0.0200813 0.00524278 0.00431389
threshold=1.1950000000000001 100.1632 104.96500015258751 7.366550000000001 0.012994678855909403 1.4393000000000002 91.854999542236314 1.7150000000000001 1.5337500000000002 1.9056500000000003 98.870050000000006 101.0665 61.716879283585328 0.15360000000000004 2.9750000000000005 92.63499832153316 1.7450000000000003 1.6250000000000002 48.907610798061356 96.924999237060504 91.124999999999957 95.960900000000009 97.244700000000009 0.010148626518050452 0.0021838726107203505 93.309500000000014 0.016183746561775302
decision_type=2 2 2 2 2 2 2 2 2 2 2 2 2 2 2 2 2 2 2 2 2 2 2 2 2 2 2
left_child=10 4 3 5 7 13 -7 18 19 -10 21 -4 15 -3 24 20 -17 -14 -2 -9 -6 25 -23 -24 -5 -1 -19
right_child=1 2 11 14 12 6 -8 8 9 -11 -12 -13 17 -15 -16 16 -18 26 -20 -21 -22 22 23 -25 -26 -27 -28
leaf_value=0.0046694031161340806 0.0042273084947510673 -0.0020033790723187847 -7.9757506762689431e-05 -0.0052900964664407525 -0.0015432215769376073 -0.0034358911332156923 -0.00090540702868187979 0.00066433630847399512 0.0029053095125996355 0.00092093499720795075 0.0019966431172707905 0.0021652306857921017 3.1956990177814712e-06 -0.0041882534009307177 -0.0021466182184151626 0.0016895115891852499 0.0001162017304309164 -0.001798158340646248 0.0023686702319813012 -0.00046781922766781783 -0.00019789551391116922 0.0059929452267560085 0.0024879035437479612 0.0051515008467435839 -0.0032988309782484302 0.0034163735401299264 -0.00076901579976335847
leaf_weight=65 33 44 23 82 20 80 658 33 66 101 25 87 25 66 21 54 98 37 37 42 52 65 21 24 22 53 21
leaf_count=65 33 44 23 82 20 80 658 33 66 101 25 87 25 66 21 54 98 37 37 42 52 65 21 24 22 53 21
internal_value=4.35236e-06 -0.000661844 -0.00151041 -0.00187465 0.00081801 -0.0014779 -0.00118805 0.00170543 0.00121013 0.00173566 0.00448281 0.00167231 -7.67347e-05 -0.00336725 -0.00450934 0.000260138 0.000702138 -0.00101387 0.00333434 0 -0.000628714 0.0047324 0.00527077 0.00405481 -0.00493287 0.00416525 -0.00149573
internal_weight=1955 1702 1083 973 619 848 738 312 242 167 253 110 307 110 125 224 152 83 70 75 72 228 110 45 104 118 58
internal_count=1955 1702 1083 973 619 848 738 312 242 167 253 110 307 110 125 224 152 83 70 75 72 228 110 45 104 118 58
is_linear=0
shrinkage=0.03


Tree=18
num_leaves=29
num_cat=0
split_feature=21 19 20 19 21 22 15 24 11 11 19 11 19 14 22 22 24 21 21 24 14 19 19 15 11 22 19 15
split_gain=6.12816 2.24272 1.31871 0.657772 0.692753 0.747606 0.521337 0.260134 0.212554 0.152078 0.133149 0.131473 0.107344 0.101229 0.0703633 0.124652 0.0564948 0.0482771 0.0375932 0.0342019 0.0325566 0.019912 0.0434049 0.044606 0.0182005 0.00414479 0.00411116 0.00161964
threshold=1.1950000000000001 100.1632 104.96500015258751 103.38335000000002 1.6650000000000003 11.494999885559052 0.012994678855909403 49.850000000000001 0.99175507194884649 1.0266135469813402 98.870050000000006 0.9576351624063687 101.0665 0.012071992608998352 13.534999847412053 18.234999656677203 51.250000000000007 1.5550000000000004 1.6950000000000001 51.150000000000013 0.015590168777392202 95.960900000000009 97.244700000000009 0.010148626518050452 1.0168611962789957 18.090000152587852 93.309500000000014 0.015906004571424204
decision_type=2 2 2 2 2 2 2 2 2 2 2 2 2 2 2 2 2 2 2 2 2 2 2 2 2 2 2 2
left_child=10 6 3 4 11 -6 7 25 18 14 21 -3 -4 -10 -8 -16 20 -11 -9 -19 -5 26 27 -24 -18 -2 -1 -23
right_child=1 2 12 16 5 -7 9 8 13 17 -12 -13 -14 -15 15 -17 24 19 -20 -21 -22 22 23 -25 -26 -27 -28 -29
leaf_value=0.0045314433534036982 -0.00050634276012553729 0.0014610470540144225 -7.7464475332817529e-05 -0.0006383739403429885 -4.8911588680119055e-05 -0.0029053624607862428 0.0021316621599556957 0.0046444208291561706 0.001785928911947207 0.0004437887240606158 0.0019390477099670812 -0.00069303312406150826 0.0021010119248689577 0 -0.00050265948985703289 0.0013267433457550101 0.0016353849664978357 -0.0015879696408907572 0.0027054683313633386 -0.00050713465951937185 0.00061196791063412089 0.0064673466725008828 0.0024166589923710984 0.0050031375753879555 0.00019893999806266615 0 0.0033157803416252137 0.0043687829840183259
leaf_weight=65 26 32 23 66 98 604 22 22 135 22 25 107 87 40 74 58 22 53 64 78 23 41 21 24 21 25 53 24
leaf_count=65 26 32 23 66 98 604 22 22 135 22 25 107 87 40 74 58 22 53 64 78 23 41 21 24 21 25 53 24
internal_value=4.46184e-06 -0.000642342 -0.00146613 -0.00181962 -0.00212853 -0.0025115 0.000794153 0.00165615 0.00203915 -7.46761e-05 0.0043529 -0.000168807 0.00162189 0.00139535 0.000578107 0.000282544 0.000127118 -0.000750694 0.00328365 -0.000975864 -0.000278709 0.00459485 0.00511796 0.00394011 0.00102251 -0.00024776 0.00404309 0.00581588
internal_weight=1955 1702 1083 973 841 702 619 312 261 307 253 139 110 175 154 132 132 153 86 131 89 228 110 45 43 51 118 65
internal_count=1955 1702 1083 973 841 702 619 312 261 307 253 139 110 175 154 132 132 153 86 131 89 228 110 45 43 51 118 65
is_linear=0
shrinkage=0.03


Tree=19
num_leaves=21
num_cat=0
split_feature=21 23 23 24 20 23 24 15 20 21 11 21 24 11 21 22 15 15 16 22
split_gain=5.78005 0.868727 1.20473 1.10427 0.944586 1.24637 0.523235 0.332615 0.296704 0.236656 0.180684 0.103855 0.0837029 0.0696888 0.0669471 0.0478519 0.0199614 0.0177679 0.0166972 0.00501421
threshold=1.155 0.37465000000000009 1.8697500000000002 49.850000000000001 105.65999984741151 7.366550000000001 49.350000000000001 0.010013142358682302 104.04500198364201 1.7250000000000003 1.0100190845658277 2.1750000000000003 49.750000000000007 1.0171874847842715 1.0300000000000002 15.610000133514353 0.0088547510741693505 0.011272105945662402 61.510863764623416 18.3800001144409
decision_type=2 2 2 2 2 2 2 2 2 2 2 2 2 2 2 2 2 2 2 2
left_child=14 11 3 10 5 6 -4 18 -7 -9 12 19 -3 -6 16 -12 -1 -13 -5 -2
right_child=1 2 4 7 13 8 -8 9 -10 -11 15 17 -14 -15 -16 -17 -18 -19 -20 -21
leaf_value=0.0028394174591892143 -0.0022954734147272323 0.00010492915635322273 -0.0031045796455705867 0.0036344247888773682 0.0022146461270749571 -0.0045990749795578019 -0.00060408066252464268 0.0026671311615966259 -0.00059805804065874097 0.00027679010295873042 -0.0026926995140500367 -0.0048927523313925187 -0.0015443404666888949 0.00028195245498708184 0.0024210852566692561 -0.00091375124320278254 0.0046512887981069746 -0.003111474738589355 0.0021803345174111169 -0.001007998730189034
leaf_weight=21 21 158 84 83 73 113 741 59 22 108 39 28 32 27 26 33 198 41 28 20
leaf_count=21 21 158 84 83 73 113 741 59 22 108 39 28 32 27 26 33 198 41 28 20
internal_value=5.35718e-06 -0.000611318 -0.000430808 0.000718418 -0.00101922 -0.00131027 -0.000865759 0.00203484 -0.00397831 0.00114999 -0.000669411 -0.00318234 -0.000163767 0.00173048 0.00430668 -0.00194213 0.00450488 -0.00393674 0.00331716 -0.00177782
internal_weight=1955 1710 1600 540 1060 960 825 278 135 167 262 110 190 100 245 72 219 69 111 41
internal_count=1955 1710 1600 540 1060 960 825 278 135 167 262 110 190 100 245 72 219 69 111 41
is_linear=0
shrinkage=0.03


Tree=20
num_leaves=28
num_cat=0
split_feature=19 19 20 19 19 22 19 23 24 23 20 23 24 20 20 23 11 24 11 14 23 24 17 11 19 11 19
split_gain=5.30478 1.22309 0.889744 1.21636 0.702264 0.664178 0.554283 0.398388 0.395797 0.373166 0.281031 0.275247 0.248967 0.158781 0.155755 0.0702649 0.0655284 0.0545848 0.0524345 0.0514479 0.085976 0.0312166 0.0227933 0.0206412 0.0194399 0.00396415 0.00393708
threshold=99.017550000000014 97.858700000000013 105.65999984741151 100.45905 103.38335000000002 11.265000343322702 98.693900000000014 2.5012000000000003 52.050000000000004 7.8480500000000006 104.04500198364201 7.366550000000001 50.150000000000013 91.594997406005817 94.20000076293941 0.78200000000000014 1.0208009147706276 50.150000000000013 0.99823004024873085 0.0092632449177058023 2.6553500000000008 51.45000000000001 0.0023280386944380007 1.0039922944036312 96.910500000000013 0.98640438030316735 98.941250000000011
decision_type=2 2 2 2 2 2 2 2 2 2 2 2 2 2 2 2 2 2 2 2 2 2 2 2 2 2 2
left_child=1 13 3 5 9 14 8 18 19 12 -11 15 -5 -1 -2 -7 -4 25 -8 -3 -21 -15 -19 -9 -23 -6 -20
right_child=2 6 16 4 17 11 7 23 -10 10 -12 -13 -14 21 -16 -17 -18 22 26 20 -22 24 -24 -25 -26 -27 -28
leaf_value=0.0013263591692915984 0.00060210386876946467 0.0008458512853407725 0.0020992701083708269 -0.0013057175575277339 -0.00013947504419567329 -0.0011028721053987294 0.0039283190744463358 0.00058689614205754222 0.0037688358633414555 -0.0045468245463505868 -0.00058089637452655518 -0.0037658639018508517 -0.002535498987496664 0.0039750087266745221 0.0033247241612713216 0 0.00012320653041388138 0.00096881609413010817 0.0028185042630209296 -0.0014163827460218707 6.209613340880341e-05 0.0043930847803751623 0 -0.00067520125910639764 0.0066259003190890604 -0.00095595808083621362 0.0017251063285324149
leaf_weight=20 33 21 77 324 20 66 63 20 22 92 22 21 307 130 58 211 23 54 60 68 65 44 33 24 22 25 30
leaf_count=20 33 21 77 324 20 66 63 20 22 92 22 21 307 130 58 211 23 54 60 68 65 44 33 24 22 25 30
internal_value=5.04168e-06 0.00238405 -0.00101955 -0.00123633 -0.00185532 0.000152672 0.001326 0.00241548 8.28242e-05 -0.00221248 -0.00381926 -0.000525379 -0.00191185 0.00418278 0.00238729 -0.000256256 0.0016802 0.000139386 0.00313519 -0.000445312 -0.000676359 0.00445082 0.000594571 -3.45603e-05 0.00526992 -0.000669215 0.00250997
internal_weight=1955 589 1366 1266 877 389 373 197 176 745 114 298 631 216 91 277 100 132 153 154 133 196 87 44 66 45 90
internal_count=1955 589 1366 1266 877 389 373 197 176 745 114 298 631 216 91 277 100 132 153 154 133 196 87 44 66 45 90
is_linear=0
shrinkage=0.03


Tree=21
num_leaves=27
num_cat=0
split_feature=21 19 20 23 15 23 20 24 11 11 23 19 11 15 19 22 22 21 24 21 19 19 15 9 19 15
split_gain=5.1294 1.91057 1.11047 0.897092 0.451627 0.41143 0.446974 0.217087 0.19045 0.13811 0.127761 0.112452 0.096102 0.0953804 0.0941412 0.0631684 0.11306 0.0399918 0.0308738 0.0282953 0.0196518 0.0390888 0.042863 0.00547159 0.00383352 0.00325997
threshold=1.1950000000000001 100.1632 104.96500015258751 7.366550000000001 0.012994678855909403 1.4393000000000002 91.854999542236314 49.850000000000001 0.99175507194884649 1.0266135469813402 1.9056500000000003 98.870050000000006 0.96959096282549118 0.011063716616618402 101.0665 13.534999847412053 18.234999656677203 1.5550000000000004 51.250000000000007 1.6950000000000001 95.960900000000009 97.244700000000009 0.010148626518050452 0.98585988956463455 93.309500000000014 0.015906004571424204
decision_type=2 2 2 2 2 2 2 2 2 2 2 2 2 2 2 2 2 2 2 2 2 2 2 2 2 2
left_child=11 4 3 5 7 13 -7 23 19 15 -10 20 -5 -3 -4 -6 -17 -11 -19 -9 24 25 -23 -2 -1 -22
right_child=1 2 14 12 9 6 -8 8 10 17 -12 -13 -14 -15 -16 16 -18 18 -20 -21 21 22 -24 -25 -26 -27
leaf_value=0.0041387011964212767 7.8548222381089408e-05 -0.0046775890002990587 -9.8508919407322532e-05 -0.0024908782832611062 0.0020265075591919214 -0.003165556993197512 -0.00078249398744298024 0.0043042217991922207 0.0019755000003668318 0.00036373014877671782 0.00028023814277490603 0.0017513291039145907 -0.0046567027229307729 -0.002385447307394436 0.0019352821398060768 -0.00047485904632136217 0.0012665683092328451 -0.0013832352494526489 -0.00037141694022553004 0.0025397655133301252 0.0059872477565492905 0.0021327851737256752 0.004615454893112182 -0.00045846985308890001 0.0029970628528131378 0.0039844910073280337
leaf_weight=65 20 28 23 38 22 80 658 22 101 22 74 25 87 82 87 74 58 67 64 64 41 21 24 31 53 24
leaf_count=65 20 28 23 38 22 80 658 22 101 22 74 25 87 82 87 74 58 67 64 64 41 21 24 31 53 24
internal_value=5.45546e-06 -0.000586168 -0.0013466 -0.0016711 0.000739461 -0.00131298 -0.00104881 0.00154179 0.00189161 -6.85504e-05 0.00128136 0.00398392 -0.0040471 -0.00303281 0.00148595 0.00055305 0.000271527 -0.000713223 -0.000918198 0.00306991 0.0042069 0.00470617 0.00359364 -0.000192722 0.00368064 0.0053648
internal_weight=1955 1702 1083 973 619 848 738 312 261 307 175 253 125 110 110 154 132 153 131 86 228 110 45 51 118 65
internal_count=1955 1702 1083 973 619 848 738 312 261 307 175 253 125 110 110 154 132 153 131 86 228 110 45 51 118 65
is_linear=0
shrinkage=0.03


Tree=22
num_leaves=29
num_cat=0
split_feature=19 19 20 19 15 19 22 23 19 20 23 24 20 20 23 20 11 24 10 20 24 15 12 15 11 24 20 18
split_gain=4.72198 1.08118 0.791822 1.09687 0.676271 0.644523 0.606075 0.328407 0.308925 0.250913 0.240625 0.221108 0.145188 0.14212 0.105554 0.0661665 0.0595538 0.0522641 0.0381826 0.0476287 0.0279773 0.0727487 0.0277119 0.0187537 0.0166775 0.0154709 0.00400197 0.00235149
threshold=99.017550000000014 97.858700000000013 105.65999984741151 100.45905 0.012398644436030901 103.38335000000002 11.265000343322702 7.8480500000000006 98.870050000000006 104.04500198364201 7.366550000000001 50.150000000000013 94.20000076293941 91.594997406005817 2.6553500000000008 90.935001373290959 1.0171874847842715 51.250000000000007 0.97072275486698045 99.674999237060504 51.45000000000001 0.010214599500072653 1.0139161849831491 0.014004762983908953 1.0111383716016704 50.150000000000013 98.165000915527315 0.68752986916743419
decision_type=2 2 2 2 2 2 2 2 2 2 2 2 2 2 2 2 2 2 2 2 2 2 2 2 2 2 2 2
left_child=1 13 3 6 18 7 12 11 14 -9 15 -5 -2 -1 26 -8 -4 25 -3 27 21 -15 -16 -22 -19 -7 -6 -20
right_child=2 4 16 5 8 17 10 9 -10 -11 -12 -13 -14 20 22 -17 -18 24 19 -21 23 -23 -24 -25 -26 -27 -28 -29
leaf_value=0.0012303986022514956 0.00056195400302257279 0.0010479877165385655 0.0020330017071116618 -0.0012402426392731903 -0.0015708639894450164 -0.00062884491123148343 -0.0016031627327460665 -0.004292551193025804 0.0025817233887501056 -0.00053704629229057749 -0.0035246721895580936 -0.0024011570388313636 0.0031931482124126567 0.001999616670754871 0.00052514293506529227 -7.0765971079934391e-05 0.00023846393924655524 0.0016711830196103877 0.0036157349474886633 0.0010992101281881333 0.0062392023503780366 0.0041453900665331346 -0.00068899417109787465 0.0041073715510693458 0.00027653399815608277 0.00011252056363349159 -0.0007646837267093361 0.0026404178786853501
leaf_weight=20 33 20 73 324 45 45 28 92 35 22 21 307 58 27 67 249 27 20 46 20 23 103 20 43 23 44 33 87
leaf_count=20 33 20 73 324 45 45 28 92 35 22 21 307 58 27 67 249 27 20 46 20 23 103 20 43 23 44 33 87
internal_value=5.77389e-06 0.00225038 -0.000960813 -0.00116539 0.00125484 -0.00175322 0.000153272 -0.00209544 4.93726e-05 -0.00360486 -0.000494067 -0.00181271 0.00228807 0.003942 -0.000482037 -0.000241666 0.00158534 0.000156904 0.00262292 0.00280117 0.00419581 0.0037413 0.000207282 0.00497709 0.00101663 -0.000231816 -0.00128176 0.0030246
internal_weight=1955 589 1366 1266 373 877 389 745 200 114 298 631 91 216 165 277 100 132 173 153 196 130 87 66 43 89 78 133
internal_count=1955 589 1366 1266 373 877 389 745 200 114 298 631 91 216 165 277 100 132 173 153 196 130 87 66 43 89 78 133
is_linear=0
shrinkage=0.03


Tree=23
num_leaves=28
num_cat=0
split_feature=21 19 20 19 21 22 15 24 11 11 11 19 14 20 21 21 24 21 14 24 21 15 11 19 20 9 19
split_gain=4.56322 1.73551 0.986504 0.519056 0.576528 0.640941 0.412338 0.197744 0.169493 0.143304 0.128652 0.0858619 0.082434 0.0677694 0.0794053 0.049854 0.0494188 0.0350657 0.0287453 0.0271488 0.025555 0.0156247 0.0155517 0.00866252 0.00726697 0.00513154 0.00310893
threshold=1.155 100.1632 104.96500015258751 103.38335000000002 1.7250000000000003 11.494999885559052 0.012994678855909403 49.850000000000001 0.99175507194884649 0.96299110326949677 1.0266135469813402 101.0665 0.012912494533564202 93.084999084472614 1.7450000000000003 1.0300000000000002 51.250000000000007 1.5550000000000004 0.015590168777392202 51.150000000000013 1.6950000000000001 0.0088547510741693505 1.0111383716016704 95.960900000000009 92.124999999999957 0.98585988956463455 98.356050000000025
decision_type=2 2 2 2 2 2 2 2 2 2 2 2 2 2 2 2 2 2 2 2 2 2 2 2 2 2 2
left_child=15 6 3 4 9 -6 7 25 20 -3 13 -4 -10 24 -15 21 18 -12 -5 -19 -9 -1 -18 -23 -8 -2 -25
right_child=1 2 11 16 5 -7 10 8 12 -11 17 -13 -14 14 -16 -17 22 19 -20 -21 -22 23 -24 26 -26 -27 -28
leaf_value=0.0024860667706340209 7.8325872775167221e-05 0.0013173904480162735 -0.00010762775375542332 -0.00056503775652320769 0 -0.0025984196020998221 -0.00070272780808789488 0.0041034861997417777 0.001497052439878274 -0.00073236763509228664 0.00031969091401475925 0.0018301846648735756 -0.00025421560981060166 0.0021723985551723411 0.0003413468800285565 0.0021527884792950417 0.0016234349414174043 -0.0014222184349265362 0.00061227092916669795 -0.0004498480425650604 0.0024111369610477526 0.0036072584229456905 0.00026858364163490474 0.0049271542798960581 0 -0.00044038149966218044 0.003254883952438831
leaf_weight=21 20 40 23 66 98 587 21 22 154 117 22 87 25 34 69 26 20 53 23 78 64 100 23 75 33 31 23
leaf_count=21 20 40 23 66 98 587 21 22 154 117 22 87 25 34 69 26 20 53 23 78 64 100 23 75 33 31 23
internal_value=6.18343e-06 -0.000541577 -0.00126843 -0.00157408 -0.00184828 -0.00222404 0.0007123 0.00147347 0.00180277 -0.000186116 -5.61991e-05 0.00140066 0.00123574 0.000534854 0.000989695 0.00382818 0.000153196 -0.00068172 -0.000224034 -0.000873771 0.00292074 0.00400276 0.000989503 0.00413525 -0.000280386 -0.00018168 0.00460183
internal_weight=1955 1710 1084 974 842 685 626 316 265 157 310 110 179 157 103 245 132 153 89 131 86 219 43 198 54 51 98
internal_count=1955 1710 1084 974 842 685 626 316 265 157 310 110 179 157 103 245 132 153 89 131 86 219 43 198 54 51 98
is_linear=0
shrinkage=0.03


Tree=24
num_leaves=26
num_cat=0
split_feature=21 19 20 23 15 23 19 24 11 20 11 23 21 20 23 19 21 21 14 11 15 5 11 20 11
split_gain=4.29973 1.63345 0.929033 0.718314 0.388455 0.366581 0.397378 0.186291 0.15988 0.150529 0.121652 0.118335 0.0898203 0.0755742 0.0802143 0.0649025 0.0461938 0.0237122 0.0164606 0.0207708 0.014343 0.0049912 0.00367321 0.00127784 0.00103161
threshold=1.155 100.1632 105.15000152587852 7.366550000000001 0.012994678855909403 1.4393000000000002 101.40940000000002 49.850000000000001 0.99175507194884649 103.70000076293901 1.0343886856637194 1.9056500000000003 2.2150000000000003 92.81499862670897 1.0789000000000002 101.0665 1.0300000000000002 1.6950000000000001 0.018994569358435905 1.0622613109140657 0.0092756498053602511 -0.0045428266947958986 1.0151599669309539 92.124999999999957 0.99664669938200001
decision_type=2 2 2 2 2 2 2 2 2 2 2 2 2 2 2 2 2 2 2 2 2 2 2 2 2
left_child=16 4 3 5 7 12 -7 21 17 22 13 -10 -3 23 -15 -4 20 -9 19 -12 -1 -2 -5 -6 -17
right_child=1 2 15 9 10 6 -8 8 11 -11 18 -13 -14 14 -16 24 -18 -19 -20 -21 -22 -23 -24 -25 -26
leaf_value=0.0027268892308656015 6.925082407807084e-05 -0.0018778475748497197 0 -0.0033667895958389878 -0.00069884115164556228 0.00019993294712757634 -0.0013620587655215838 0.0039857340267171028 0.0018457512592914391 -0.0011453326110204217 -0.00036564998188987372 0.00022744224547874181 -0.0038255253968869939 -0.00031713103085224118 0.0013153493355118459 0.0019972820999926977 0.0020905968377159701 0.002339915702144544 -6.2259662219522777e-05 -0.0013532166052271019 0.0040597503590870665 -0.00043897816944762224 -0.0046386297194819367 -0.00012736053195840213 0.0010766783526632935
leaf_weight=33 21 60 21 52 26 196 543 22 105 23 47 74 50 34 92 61 26 64 34 54 186 30 55 23 23
leaf_count=33 21 60 21 52 26 196 543 22 105 23 47 74 50 34 92 61 26 64 34 54 186 30 55 23 23
internal_value=6.74866e-06 -0.000524917 -0.00123011 -0.0015193 0.000691443 -0.0011932 -0.000944018 0.00143025 0.0017499 -0.0036007 -5.41951e-05 0.00119838 -0.00281667 0.000456264 0.000852188 0.00142686 0.0037168 0.0028364 -0.00073645 -0.000931158 0.00388585 -0.000174708 -0.00408521 -0.000498507 0.00179614
internal_weight=1955 1710 1084 979 626 849 739 316 265 130 310 179 110 175 126 105 245 86 135 101 219 51 107 49 84
internal_count=1955 1710 1084 979 626 849 739 316 265 130 310 179 110 175 126 105 245 86 135 101 219 51 107 49 84
is_linear=0
shrinkage=0.03


Tree=25
num_leaves=28
num_cat=0
split_feature=21 19 20 19 21 22 11 23 11 23 20 23 20 19 20 19 21 24 23 16 17 19 19 11 16 19 14
split_gain=4.0508 1.51682 0.957269 0.586053 0.436239 0.424343 0.283317 0.26148 0.256288 0.242499 0.157549 0.129236 0.276555 0.0906045 0.0897914 0.0769658 0.0630093 0.0471239 0.0452457 0.0209959 0.020446 0.0180061 0.0309483 0.00424099 0.00403764 0.00255573 0.000310372
threshold=1.1950000000000001 100.45905 104.96500015258751 103.38335000000002 1.7550000000000001 13.715000152587852 1.0039922944036312 7.366550000000001 0.96636623814837208 2.2220500000000007 99.45000076293941 1.0789000000000002 93.13499832153316 98.870050000000006 94.774997711181626 101.0665 1.8750000000000002 50.150000000000013 2.1743500000000004 59.972517404459772 0.0023280386944380007 95.960900000000009 97.244700000000009 0.98640438030316735 47.435740840802843 93.309500000000014 0.017763392754095754
decision_type=2 2 2 2 2 2 2 2 2 2 2 2 2 2 2 2 2 2 2 2 2 2 2 2 2 2 2
left_child=13 5 3 4 8 6 18 11 -3 -6 14 16 -13 21 -8 -4 -7 23 24 -12 -19 25 -23 -5 -2 -1 -17
right_child=1 2 15 17 9 7 10 -9 -10 -11 19 12 -14 -15 -16 26 -18 20 -20 -21 -22 22 -24 -25 -26 -27 -28
leaf_value=0.0036677816737104548 0.0037727135678602233 0.0017717917237833544 -0.00010167011942758107 -4.5151786645874371e-05 -0.001728655098826604 0.00016178997401220842 0.00032150328512121315 -0.003249220331961458 -0.0011979273873790777 -0.0029812366277910765 2.7236704155802723e-05 -0.00041889363760928486 0.0014157498240320039 0.0015219519963631262 0.0021804194874580833 0.0019230119855630967 -0.0011514310230186944 0.00096672446563077913 0.0015928768677030518 -0.00092380184732610362 0 0.0048054722533984618 0.0031945202966276354 -0.00083208134551890757 0.0023630082957446573 0.0026287177006403609 0.0010705714290267607
leaf_weight=65 36 36 23 20 344 47 45 21 86 268 44 150 141 25 61 62 85 54 36 31 33 65 45 25 29 53 25
leaf_count=65 36 36 23 20 344 47 45 21 86 268 44 150 141 25 61 62 85 54 36 31 33 65 45 25 29 53 25
internal_value=6.46843e-06 -0.000519114 -0.00129186 -0.00162825 -0.00195919 0.000515956 0.00142423 -5.60819e-05 -0.000289946 -0.00228603 0.000684831 0.000102657 0.000461587 0.00354214 0.00142967 0.00132022 -0.000663588 0.000190269 0.00270017 -0.000333369 0.000612365 0.00374294 0.00420819 -0.000556137 0.00323456 0.00325231 0.0017271
internal_weight=1955 1702 976 866 734 726 282 444 122 612 181 423 291 253 106 110 132 132 101 75 87 228 110 45 65 118 87
internal_count=1955 1702 976 866 734 726 282 444 122 612 181 423 291 253 106 110 132 132 101 75 87 228 110 45 65 118 87
is_linear=0
shrinkage=0.03


Tree=26
num_leaves=30
num_cat=0
split_feature=19 19 20 19 15 19 22 19 16 24 22 20 20 15 24 15 17 24 24 20 16 14 24 15 15 10 16 16 14
split_gain=3.73767 0.849225 0.62857 0.871611 0.543998 0.53755 0.513502 0.271188 0.192142 0.274062 0.161015 0.129357 0.109008 0.0835007 0.0976005 0.0661746 0.0574333 0.0471465 0.0454869 0.0326894 0.0301376 0.0257369 0.0252298 0.0634846 0.022295 0.0199086 0.0193364 0.00814708 0.00217239
threshold=99.017550000000014 97.858700000000013 105.65999984741151 100.45905 0.012398644436030901 103.38335000000002 11.265000343322702 98.870050000000006 51.740242576814175 50.150000000000013 20.515000343322754 93.895000457763658 91.594997406005817 0.013695832806804201 49.750000000000007 0.015825997032390255 -0.0048870228994354493 51.150000000000013 51.250000000000007 99.124999999999957 54.65792379001703 0.015590168777392202 51.45000000000001 0.010214599500072653 0.014004762983908953 1.0204183420971711 54.404283937798986 52.003079587829113 0.019684920400070503
decision_type=2 2 2 2 2 2 2 2 2 2 2 2 2 2 2 2 2 2 2 2 2 2 2 2 2 2 2 2 2
left_child=1 12 3 6 16 8 11 15 9 -5 -10 -2 -1 17 -15 26 -3 -8 21 -18 28 -7 23 -14 -24 -17 -6 -20 -4
right_child=2 4 20 5 7 18 13 -9 10 -11 -12 -13 22 14 -16 25 19 -19 27 -21 -22 -23 24 -25 -26 -27 -28 -29 -30
leaf_value=0.0010980048690523419 0.00035749742199456502 0.00063560339359735902 0.0019316385104838345 -0.00075912565256929865 -0.00022861751599427679 -0.00050232545676668955 -0.00031333225156732333 0.0024114056293231744 -0.0021172448182176116 -0.0022499637863254806 -0.0040663300587071311 0.0028962350899293539 0.0016864893430943732 0.00016305527338085488 -0.0013202959510436334 0.00073503081559633408 0.0027513536091060622 0.00088455828480073239 0.0014627195801268414 0.0010725210149373327 0.00021601798702878028 0.00061466217227280136 0.0056777275837957865 0.0036789236333077914 0.0036188699569214473 -0.00033348675187020983 -0.0012128694227988449 0.00035282313334755603 0.001028957373870071
leaf_weight=20 30 21 53 244 36 66 72 35 229 219 53 61 27 53 126 38 132 47 21 20 21 23 23 103 43 21 70 22 26
leaf_count=20 30 21 53 244 36 66 72 35 229 219 53 61 27 53 126 38 132 47 21 20 21 23 23 103 43 21 70 22 26
internal_value=6.87982e-06 0.00200405 -0.000852912 -0.00103534 0.00112033 -0.00155938 0.00013939 3.76493e-05 -0.00187202 -0.00147409 -0.00250724 0.00210488 0.00350407 -0.00045581 -0.000865959 -0.000459296 0.00234733 0.000138213 0.00018339 0.00255852 0.00141428 -0.00017671 0.00372754 0.00330404 0.00445516 0.000305492 -0.000911893 0.000983972 0.00168863
internal_weight=1955 589 1366 1266 373 877 389 200 745 463 282 91 216 298 179 165 173 119 132 152 100 89 196 130 66 59 106 43 79
internal_count=1955 589 1366 1266 373 877 389 200 745 463 282 91 216 298 179 165 173 119 132 152 100 89 196 130 66 59 106 43 79
is_linear=0
shrinkage=0.03


Tree=27
num_leaves=29
num_cat=0
split_feature=21 19 20 19 21 22 11 23 11 23 20 23 20 19 20 19 21 24 23 14 23 19 19 11 16 19 11 14
split_gain=3.60027 1.34458 0.853233 0.520302 0.399576 0.378696 0.257975 0.242568 0.240054 0.2235 0.138154 0.118344 0.246627 0.0813118 0.0793126 0.0709453 0.0569544 0.0430114 0.0400423 0.0242921 0.0198677 0.0159819 0.0254026 0.0136343 0.0043101 0.000976891 0.000543029 0.00884296
threshold=1.1950000000000001 100.45905 104.96500015258751 103.38335000000002 1.7550000000000001 13.715000152587852 1.0039922944036312 7.366550000000001 0.96424846430492661 2.2220500000000007 99.45000076293941 1.0789000000000002 93.084999084472614 98.870050000000006 94.774997711181626 101.0665 1.8750000000000002 51.250000000000007 2.1743500000000004 0.015590168777392202 2.8090000000000006 95.960900000000009 97.244700000000009 1.0111383716016704 47.435740840802843 93.309500000000014 1.0020856703167154 0.015779331031514004
decision_type=2 2 2 2 2 2 2 2 2 2 2 2 2 2 2 2 2 2 2 2 2 2 2 2 2 2 2 2
left_child=13 5 3 4 8 6 18 11 -3 -6 14 16 -13 21 -8 -4 -7 19 24 -5 -12 25 -23 -19 -2 -1 27 -17
right_child=1 2 15 17 9 7 10 -9 -10 -11 20 12 -14 -15 -16 26 -18 23 -20 -21 -22 22 -24 -25 -26 -27 -28 -29
leaf_value=0.0034512931504710152 0.0035918652655909191 0.0017874114592559634 -0.00011137199083168524 -0.00048748061240567304 -0.0016224835169368736 0.0001480367508352174 0.00029035222999822431 -0.0031293510699814012 -0.0011105941311345137 -0.0028253929252705112 -0.00062747510893054173 -0.00039944830991662942 0.0013317981415166289 0.0014184998995982682 0.0020418143916514611 0.002206643645837903 -0.0010978185655643924 0.0015568351860025097 0.0015087166457638343 0.00059699063608422884 0.00039621973223984245 0.0045344736586240206 0.0030211263644590002 0.00026861863127851387 0.0022205403927713632 0.0024747147124467629 0.00090659373785768231 0.0010716492360505949
leaf_weight=65 36 35 23 66 344 47 45 21 87 268 55 148 143 25 61 39 85 20 36 23 20 65 45 23 29 53 20 28
leaf_count=65 36 35 23 66 344 47 45 21 87 268 55 148 143 25 61 39 85 20 36 23 20 65 45 23 29 53 20 28
internal_value=7.3969e-06 -0.000488009 -0.00121562 -0.00153329 -0.00184513 0.000486351 0.00134441 -5.36881e-05 -0.000247036 -0.00215789 0.000638081 9.89493e-05 0.000442675 0.00334074 0.00133597 0.00124963 -0.000633884 0.000179 0.00256213 -0.000170371 -0.000313395 0.0035313 0.0039752 0.000957736 0.00306841 0.00306235 0.00164071 0.00179917
internal_weight=1955 1702 976 866 734 726 282 444 122 612 181 423 291 253 106 110 132 132 101 89 75 228 110 43 65 118 87 67
internal_count=1955 1702 976 866 734 726 282 444 122 612 181 423 291 253 106 110 132 132 101 89 75 228 110 43 65 118 87 67
is_linear=0
shrinkage=0.03


Tree=28
num_leaves=27
num_cat=0
split_feature=21 19 21 11 23 15 23 21 19 19 19 19 21 21 15 17 23 11 21 21 11 16 15 14 19 19
split_gain=3.39304 1.28969 0.507278 0.383774 0.41806 0.31978 0.271408 0.246709 0.21808 0.211449 0.11297 0.296272 0.107367 0.092893 0.0507072 0.0443782 0.0420703 0.0552153 0.0337769 0.0189916 0.0144197 0.0120373 0.010929 0.00980746 0.00824671 0.000128578
threshold=1.155 100.1632 3.0650000000000004 1.0056179083799226 1.4393000000000002 0.010375735386214053 7.366550000000001 2.3850000000000002 100.57180000000001 100.12380000000002 98.805550000000011 99.017550000000014 2.0450000000000004 2.1750000000000003 0.015825997032390255 0.0019190253702397501 8.2073500000000017 0.99045725398167839 1.0300000000000002 2.2450000000000006 0.98525214000062367 53.231685960924885 0.0088547510741693505 0.012623736025197802 95.960900000000009 98.356050000000025
decision_type=2 2 2 2 2 2 2 2 2 2 2 2 2 2 2 2 2 2 2 2 2 2 2 2 2 2
left_child=18 5 3 4 13 12 8 -6 -5 10 14 -12 20 -3 -7 -8 17 -4 22 -14 -2 -21 -1 -19 -24 -26
right_child=1 2 16 6 7 9 15 -9 -10 -11 11 -13 19 -15 -16 -17 -18 23 -20 21 -22 -23 24 -25 25 -27
leaf_value=0.0021077371641824187 0.0033802403692156074 -0.001173098004727349 0.0020067890386562793 0.00028706235021655989 0.00026599481302810911 -0.00082798630339536987 -0.0042826956601606479 -0.001079393396634906 -0.0019736211037748703 0.0030503060137448104 0.0019625214379339014 -0.00013832499582398528 0 -0.0034035083249699871 0.0002902138665259043 -0.0020431367382407186 -0.00046065435067950086 0 0.0018600931697421602 0.00043259575679390269 0.0020373121527954936 0.0017580462292938004 0.0030856484825547677 0.00065703071678245356 0.004278622962093275 0.0028059500264935194
leaf_weight=21 29 32 31 42 219 125 53 269 264 22 83 207 20 60 46 20 20 23 26 21 53 20 100 51 75 23
leaf_count=21 29 32 31 42 219 125 53 269 264 22 83 207 20 60 46 20 20 23 26 21 53 20 100 51 75 23
internal_value=7.99421e-06 -0.000464129 -0.00109085 -0.00132613 -0.000830023 0.000616348 -0.00207326 -0.000470179 -0.00165363 0.000238742 9.17619e-05 0.00045732 0.00186041 -0.00268093 -0.000509804 -0.00374556 0.000686554 0.000935656 0.00330391 0.000814152 0.0025834 0.00117705 0.00345245 0.000426163 0.00356869 0.00399513
internal_weight=1955 1710 1084 959 580 626 379 488 306 483 461 290 143 92 171 73 125 105 245 61 82 41 219 74 198 98
internal_count=1955 1710 1084 959 580 626 379 488 306 483 461 290 143 92 171 73 125 105 245 61 82 41 219 74 198 98
is_linear=0
shrinkage=0.03


Tree=29
num_leaves=20
num_cat=0
split_feature=21 23 23 24 20 23 24 15 20 23 23 21 15 21 11 21 15 16 15
split_gain=3.19841 0.554227 0.722253 0.605989 0.551658 0.763747 0.392507 0.226414 0.189938 0.161335 0.231511 0.13988 0.0832544 0.0589135 0.0450626 0.0212353 0.0161901 0.0124408 0.010021
threshold=1.1950000000000001 0.37465000000000009 1.8697500000000002 49.850000000000001 105.65999984741151 7.366550000000001 49.350000000000001 0.010013142358682302 104.04500198364201 1.7358000000000002 1.7295500000000004 1.7250000000000003 0.011063716616618402 1.0300000000000002 1.0171874847842715 1.8550000000000002 0.019544013146554903 62.792946944658247 0.0092756498053602511
decision_type=2 2 2 2 2 2 2 2 2 2 2 2 2 2 2 2 2 2 2
left_child=13 12 3 9 5 6 -4 17 -7 10 -3 -9 -2 18 -6 -11 -14 -5 -1
right_child=1 2 4 7 14 8 -8 11 -10 15 -12 -13 16 -15 -16 -17 -18 -19 -20
leaf_value=0.0023230408824541989 -0.0040296831845209515 -0.0004265033457792465 -0.0025801778291954713 0.0028951632542426092 0.0017178930087405181 -0.0035779032445953864 -0.00041459636284763929 0.0020294230212618051 -0.00035611599969232209 0.00019648320587085824 -0.0035894956830888987 0.00016552387674284645 -0.0022098647325089382 0.0017069125975881303 0.00014721829092429419 0.0017031067000288101 -0.00086321003631349984 0.0015727423439919946 0.0035048537155922079
leaf_weight=33 28 193 84 84 73 113 738 57 22 20 23 108 61 34 27 26 21 24 186
leaf_count=33 28 193 84 84 73 113 738 57 22 20 23 108 61 34 27 26 21 24 186
internal_value=8.24091e-06 -0.000458611 -0.00031334 0.000580926 -0.000768929 -0.000992457 -0.000642408 0.00156991 -0.00308141 -0.000440226 -0.000792118 0.000835835 -0.00251228 0.00315013 0.00132917 0.00113 -0.00191569 0.00264594 0.00335178
internal_weight=1955 1702 1592 535 1057 957 822 273 135 262 216 165 110 253 100 46 82 108 219
internal_count=1955 1702 1592 535 1057 957 822 273 135 262 216 165 110 253 100 46 82 108 219
is_linear=0
shrinkage=0.03


end of trees

feature_importances:
Global_Industrial_Production_Index=176
US_10Y_Yield=99
USD_Index=86
CPI_Inflation=83
Close_to_MA_50=81
China_PMI=69
Rolling_Std_20=65
VIX=40
Rolling_Std_10=17
RSI_14=15
MACD_Pct=11
Close_to_MA_20=6
Close_to_MA_10=3
Ret_Lag_5=2
Close_to_EMA_10=2
Volume_to_MA_10=2
Close_to_EMA_20=1

parameters:
[boosting: gbdt]
[objective: regression]
[metric: l2]
[tree_learner: serial]
[device_type: cpu]
[data_sample_strategy: bagging]
[data: ]
[valid: ]
[num_iterations: 200]
[learning_rate: 0.03]
[num_leaves: 31]
[num_threads: 20]
[seed: 42]
[deterministic: 0]
[force_col_wise: 0]
[force_row_wise: 0]
[histogram_pool_size: -1]
[max_depth: 6]
[min_data_in_leaf: 20]
[min_sum_hessian_in_leaf: 0.001]
[bagging_fraction: 0.8]
[pos_bagging_fraction: 1]
[neg_bagging_fraction: 1]
[bagging_freq: 0]
[bagging_seed: 400]
[bagging_by_query: 0]
[feature_fraction: 0.8]
[feature_fraction_bynode: 1]
[feature_fraction_seed: 30056]
[extra_trees: 0]
[extra_seed: 12879]
[early_stopping_round: 0]
[early_stopping_min_delta: 0]
[first_metric_only: 0]
[max_delta_step: 0]
[lambda_l1: 0.1]
[lambda_l2: 1]
[linear_lambda: 0]
[min_gain_to_split: 0]
[drop_rate: 0.1]
[max_drop: 50]
[skip_drop: 0.5]
[xgboost_dart_mode: 0]
[uniform_drop: 0]
[drop_seed: 17869]
[top_rate: 0.2]
[other_rate: 0.1]
[min_data_per_group: 100]
[max_cat_threshold: 32]
[cat_l2: 10]
[cat_smooth: 10]
[max_cat_to_onehot: 4]
[top_k: 20]
[monotone_constraints: ]
[monotone_constraints_method: basic]
[monotone_penalty: 0]
[feature_contri: ]
[forcedsplits_filename: ]
[refit_decay_rate: 0.9]
[cegb_tradeoff: 1]
[cegb_penalty_split: 0]
[cegb_penalty_feature_lazy: ]
[cegb_penalty_feature_coupled: ]
[path_smooth: 0]
[interaction_constraints: ]
[verbosity: -1]
[saved_feature_importance_type: 0]
[use_quantized_grad: 0]
[num_grad_quant_bins: 4]
[quant_train_renew_leaf: 0]
[stochastic_rounding: 1]
[linear_tree: 0]
[max_bin: 255]
[max_bin_by_feature: ]
[min_data_in_bin: 3]
[bin_construct_sample_cnt: 200000]
[data_random_seed: 175]
[is_enable_sparse: 1]
[enable_bundle: 1]
[use_missing: 1]
[zero_as_missing: 0]
[feature_pre_filter: 1]
[pre_partition: 0]
[two_round: 0]
[header: 0]
[label_column: ]
[weight_column: ]
[group_column: ]
[ignore_column: ]
[categorical_feature: ]
[forcedbins_filename: ]
[precise_float_parser: 0]
[parser_config_file: ]
[objective_seed: 16083]
[num_class: 1]
[is_unbalance: 0]
[scale_pos_weight: 1]
[sigmoid: 1]
[boost_from_average: 1]
[reg_sqrt: 0]
[alpha: 0.9]
[fair_c: 1]
[poisson_max_delta_step: 0.7]
[tweedie_variance_power: 1.5]
[lambdarank_truncation_level: 30]
[lambdarank_norm: 1]
[label_gain: ]
[lambdarank_position_bias_regularization: 0]
[eval_at: ]
[multi_error_top_k: 1]
[auc_mu_weights: ]
[num_machines: 1]
[local_listen_port: 12400]
[time_out: 120]
[machine_list_filename: ]
[machines: ]
[gpu_platform_id: -1]
[gpu_device_id: -1]
[gpu_device_id_list: ]
[gpu_use_dp: 0]
[num_gpu: 1]

end of parameters

pandas_categorical:[]
