tree
version=v4
num_class=1
num_tree_per_iteration=1
label_index=0
max_feature_idx=25
objective=regression
feature_names=Return Log_Return Ret_Lag_1 Ret_Lag_2 Ret_Lag_3 Ret_Lag_5 Ret_Lag_10 Daily_Range_Pct Close_to_MA_5 Close_to_MA_10 Close_to_MA_20 Close_to_MA_50 Close_to_EMA_10 Close_to_EMA_20 Rolling_Std_10 Rolling_Std_20 RSI_14 MACD_Pct Volume_to_MA_10 EIA_Crude_Inventory US_Rig_Count USD_Index US_10Y_Yield VIX CPI_Inflation OPEC_Production
feature_infos=[-0.99945265463878241:1000.0000228881836] [-7.5104305814334893:6.9087548021805389] [-0.99945265463878241:1000.0000228881836] [-0.99945265463878241:1000.0000228881836] [-0.99945265463878241:1000.0000228881836] [-0.99945265463878241:1000.0000228881836] [-0.99945265463878241:1000.0000228881836] [0.0083536294793647992:1784.0000381469724] [0.00063995902012410003:1.4797344852633123] [0.0005133997267981:1.4539841552591597] [0.00046727879981480001:1.5269670948329741] [0.00029838810814999999:1.5922540838875798] [0.00057339711350370005:1.3303027267290908] [0.00046582756044130001:1.3470234504852556] [0.0058608158131277996:316.27152822580433] [0.0074630450429006004:223.62115619093399] [13.331281508840434:83.896914726101471] [-89.405824856286031:0.075284306871814699] [0:2.7565734898736189] [394137:540722] [250:1077] [88.589996337890597:114.11000061035099] [0.52000000000000002:4.25] [9.1400003433227504:82.690002441406193] [0.19819999999999999:8.9794] [26.25830086301988:36.13391069951679]
tree_sizes=1515 1565 1448 1113 1559 1817 1561 1470 1573 1461 1221

Tree=0
num_leaves=16
num_cat=0
split_feature=15 23 20 25 22 22 20 21 19 14 19 11 20 20 21
split_gain=9.52881 1.47105 0.840452 0.807874 0.77423 0.295489 0.2908 0.251496 0.150773 0.256995 0.200598 0.192992 0.133263 0.11678 0.0331173
threshold=0.18464176070000474 41.804998397827106 723.50000000000011 33.067452310958096 1.5650000000000002 3.0050000000000003 1059.5000000000002 96.764999389648423 425143.00000000006 0.037929738179465051 452067.00000000006 0.98714607303612423 797.50000000000011 252.50000000000003 97.079998016357408
decision_type=2 2 2 2 2 2 2 2 2 2 2 2 2 2 2
left_child=1 2 8 4 -4 7 -7 -5 9 14 11 -10 -6 -12 -1
right_child=-2 -3 3 5 12 6 -8 -9 10 -11 13 -13 -14 -15 -16
leaf_value=0.014324816929002202 0.031286108980675138 0.0041925328491748343 0.0035968130767625259 0.01217211814433097 0.0094917257146104987 0.010973461094868917 0.0082748897344431457 0.011004442733342562 0.012393873062432018 0.010975214542061712 0.010283278667749154 0.0097177256408161258 0.012002751391834755 0.012483763667624277 0.012931458124220054
leaf_weight=74 21 24 20 382 117 192 45 292 40 33 21 55 20 429 36
leaf_count=74 21 24 20 382 117 192 45 292 40 33 21 55 20 429 36
internal_value=0.0116632 0.0114208 0.0115255 0.0109976 0.00901448 0.0113451 0.0104364 0.0116632 0.0123405 0.0132129 0.0121037 0.0108716 0.00987984 0.0123716 0.0139114
internal_weight=1801 1780 1756 1068 157 911 237 674 688 143 545 95 137 450 110
internal_count=1801 1780 1756 1068 157 911 237 674 688 143 545 95 137 450 110
is_linear=0
shrinkage=1


Tree=1
num_leaves=16
num_cat=0
split_feature=15 23 20 25 22 22 20 21 19 25 19 11 20 20 21
split_gain=8.99098 1.38745 0.791573 0.761106 0.730853 0.278817 0.275581 0.241522 0.141987 0.226838 0.188625 0.181957 0.125834 0.110208 0.0532653
threshold=0.18464176070000474 41.804998397827106 723.50000000000011 33.067452310958096 1.5650000000000002 2.9950000000000006 1059.5000000000002 96.764999389648423 425143.00000000006 32.645809634444426 452067.00000000006 0.98714607303612423 797.50000000000011 252.50000000000003 97.079998016357408
decision_type=2 2 2 2 2 2 2 2 2 2 2 2 2 2 2
left_child=1 2 8 4 -4 7 -7 -5 9 14 11 -10 -6 -12 -1
right_child=-2 -3 3 5 12 6 -8 -9 10 -11 13 -13 -14 -15 -16
leaf_value=0.0025855060086359045 0.019060975406657566 -0.0072555163516849278 -0.0078359232917428016 0.0005084275703356113 -0.0021068864978565755 -0.00066793631841287468 -0.0032888750608038642 -0.00063906633984134613 0.00070928320596448896 -0.0010419522832799703 -0.0013404097678139807 -0.0018881567424229744 0.00032984558240111382 0.00079599968411730939 0.0010910349702586398
leaf_weight=73 21 24 20 377 117 197 45 292 40 24 21 55 20 429 46
leaf_count=73 21 24 20 377 117 197 45 292 40 24 21 55 20 429 46
internal_value=0 -0.000235562 -0.000133835 -0.000646249 -0.00257114 -0.000308772 -0.00117918 2.8943e-06 0.000657028 0.00150387 0.000426987 -0.000767252 -0.00172961 0.000686898 0.00204672
internal_weight=1801 1780 1756 1068 157 911 242 669 688 143 545 95 137 450 119
internal_count=1801 1780 1756 1068 157 911 242 669 688 143 545 95 137 450 119
is_linear=0
shrinkage=0.03


Tree=2
num_leaves=15
num_cat=0
split_feature=15 14 20 22 24 11 22 17 11 21 22 11 25 16
split_gain=8.48352 1.00392 0.775752 0.785796 0.345243 0.349999 0.193757 0.14393 0.166473 0.241234 0.0459442 0.0521193 0.0368689 0.0236003
threshold=0.18464176070000474 0.071431165461478416 723.50000000000011 1.5350000000000004 2.3860500000000004 0.98365581178561512 2.9050000000000007 0.0048957090367557007 0.98513809703717792 91.365001678466768 1.5750000000000004 1.088700012794074 32.891350127320649 68.265671975707306
decision_type=2 2 2 2 2 2 2 2 2 2 2 2 2 2
left_child=1 2 7 -4 6 -6 -5 8 12 -10 13 -12 -1 -9
right_child=-2 -3 3 4 5 -7 -8 10 9 -11 11 -13 -14 -15
leaf_value=0.0010433397004953103 0.018515138516371901 -0.0056729513587546535 -0.0060192888271994897 0.00015381062056693521 -0.00029812776782608583 -0.0019169869610745551 -0.0020388925667279042 0.0023011284482725445 0.0014591639698599466 -0.00030550217095935971 0.0014786770902978984 0 0.0025536979920352284 0.00087112229151651264
leaf_weight=103 21 29 23 517 253 238 38 61 89 305 45 33 22 24
leaf_count=103 21 29 23 517 253 238 38 61 89 305 45 33 22 24
internal_value=0 -0.000228934 -0.000133872 -0.00063943 -0.000512633 -0.00109123 0 0.000653948 0.000400161 8.82053e-05 0.00143636 0.000824245 0.00135113 0.00194707
internal_weight=1801 1780 1751 1069 1046 491 555 682 519 394 163 78 125 85
internal_count=1801 1780 1751 1069 1046 491 555 682 519 394 163 78 125 85
is_linear=0
shrinkage=0.03


Tree=3
num_leaves=11
num_cat=0
split_feature=15 23 21 22 22 22 24 14 24 9
split_gain=8.00438 1.24902 0.575837 0.485071 0.302064 0.953756 0.258634 0.249721 0.226139 0.00764477
threshold=0.18464176070000474 41.804998397827106 96.624999999999957 3.0550000000000002 0.71500000000000008 1.4650000000000001 7.148600000000001 0.013190906430544351 6.6533000000000007 1.0213808841729812
decision_type=2 2 2 2 2 2 2 2 2 2
left_child=1 2 3 6 -4 -6 8 -7 -1 -8
right_child=-2 -3 4 -5 5 7 9 -9 -10 -11
leaf_value=0.00051692045328944605 0.017984932646155357 -0.0068827610214427116 0.0021346068010580808 -0.0027905719379894434 -0.0071007678861995894 -0.0017614517870070544 0.0030943283871586978 -0.0003694250753654965 -0.0026211366110281747 0.0017629282253540373
leaf_weight=745 21 24 32 39 20 141 28 699 20 32
leaf_count=745 21 24 32 39 20 141 28 699 20 32
internal_value=0 -0.000222122 -0.000125515 0.000424125 -0.00066114 -0.00077101 0.000582919 -0.000608471 0.000427649 0.00247397
internal_weight=1801 1780 1756 864 892 860 825 840 765 60
internal_count=1801 1780 1756 864 892 860 825 840 765 60
is_linear=0
shrinkage=0.03


Tree=4
num_leaves=16
num_cat=0
split_feature=15 23 20 25 22 22 20 10 19 25 19 20 19 20 21
split_gain=7.5525 1.17808 0.681807 0.690546 0.64357 0.241708 0.248271 0.224787 0.130554 0.205494 0.174503 0.115758 0.105106 0.102014 0.0428188
threshold=0.18464176070000474 41.804998397827106 723.50000000000011 33.067452310958096 1.5650000000000002 2.9950000000000006 1059.5000000000002 0.94504016567767313 425143.00000000006 32.645809634444426 452067.00000000006 797.50000000000011 432936.50000000006 252.50000000000003 97.079998016357408
decision_type=2 2 2 2 2 2 2 2 2 2 2 2 2 2 2
left_child=1 2 8 4 -4 7 -7 -5 9 14 12 -6 -10 -12 -1
right_child=-2 -3 3 5 11 6 -8 -9 10 -11 13 -13 -14 -15 -16
leaf_value=0.0024314198627929527 0.017469909338788552 -0.0066845375637710099 -0.0073745940167989051 0.0016804608294570989 -0.0020015777532500609 -0.0006006956249563672 -0.0030887500441268735 -0.00016291810177007548 0.0004774897057407846 -0.00099543897094961711 -0.0013080795785750856 0.00033128145230667931 -0.0015226965610464637 0.00074667582881263314 0.0010639577818281471
leaf_weight=73 21 24 20 65 117 197 45 604 35 24 21 20 60 429 46
leaf_count=73 21 24 20 65 117 197 45 604 35 24 21 20 60 429 46
internal_value=0 -0.000215745 -0.000121871 -0.000597541 -0.00243099 -0.00027596 -0.0010865 1.39477e-05 0.000611964 0.00142392 0.000391205 -0.00163934 -0.000757238 0.000641448 0.00194109
internal_weight=1801 1780 1756 1068 157 911 242 669 688 143 545 137 95 450 119
internal_count=1801 1780 1756 1068 157 911 242 669 688 143 545 137 95 450 119
is_linear=0
shrinkage=0.03


Tree=5
num_leaves=19
num_cat=0
split_feature=24 18 21 22 22 11 10 24 24 19 22 25 23 25 12 22 17 10
split_gain=2.79179 1.44919 0.56638 0.481035 0.370031 0.773321 0.260477 0.251426 0.197651 0.18199 0.157932 0.120088 0.134729 0.0434735 0.0419362 0.0378822 0.0181319 0.00375211
threshold=0.51485000000000014 0.87136126854659179 96.764999389648423 3.0550000000000002 1.4650000000000001 1.1918551676807596 0.94792592292099243 7.148600000000001 6.6533000000000007 479666.50000000006 0.78500000000000014 35.731961139354624 26.960000038146905 35.256312610039991 0.9388237507955256 2.4050000000000007 -0.0033987524469630995 1.050853132019524
decision_type=2 2 2 2 2 2 2 2 2 2 2 2 2 2 2 2 2 2
left_child=1 -1 3 7 5 -4 9 8 10 14 -2 12 -8 -11 -6 -13 -5 -9
right_child=2 -3 4 16 6 -7 11 17 -10 13 -12 15 -14 -15 -16 -17 -18 -19
leaf_value=0.013199236725057874 -0.00081779529453560821 0.0020095734084025021 -0.0069344433927163484 -0.003496931725222131 0.0008434415534138679 0.00082487793914541336 -0.0011485723308290426 0.0027971577816775866 -0.0025027413614360349 0.0029387979066890215 0.00057781065809876244 0.0012958449236511323 0.00022339946964597664 0.00098171861291463866 -0.00054380481350994295 -0.00019762297290106933 -0.0016295991333304713 0.0015940335117879188
leaf_weight=20 79 23 24 22 23 20 526 34 20 22 694 25 69 34 88 30 21 27
leaf_count=20 79 23 24 22 23 20 526 34 20 22 694 25 69 34 88 30 21 27
internal_value=0 0.00746395 -0.000186746 0.000338363 -0.000737049 -0.00340086 -0.000585938 0.000498398 0.000349619 0.000457122 0.000430433 -0.000858823 -0.000984328 0.00184127 -0.000224607 0.000438672 -0.00271092 0.00234731
internal_weight=1801 43 1758 897 861 44 817 854 793 167 773 650 595 56 111 55 43 61
internal_count=1801 43 1758 897 861 44 817 854 793 167 773 650 595 56 111 55 43 61
is_linear=0
shrinkage=0.03


Tree=6
num_leaves=16
num_cat=0
split_feature=15 23 20 20 21 16 14 20 15 17 11 17 21 11 15
split_gain=6.86225 1.07895 0.640434 0.416025 0.624866 0.33869 0.285434 0.14349 0.292067 0.15192 0.133449 0.147334 0.16873 0.0246621 0.0105331
threshold=0.18464176070000474 40.815000534057553 723.50000000000011 797.50000000000011 99.584999084472614 39.947697138787426 0.016777465958786354 1059.5000000000002 0.018819873009217652 0.006903080555517401 0.95200260258841796 0.0048957090367557007 91.365001678466768 1.0875928209468142 0.023736796085923457
decision_type=2 2 2 2 2 2 2 2 2 2 2 2 2 2 2
left_child=1 2 10 4 6 -6 -4 9 -9 -5 14 12 -12 -13 -1
right_child=-2 -3 3 7 5 -7 -8 8 -10 -11 11 13 -14 -15 -16
leaf_value=0.0011270470033586024 0.016652691335840658 -0.0059466845939770861 -0.0022690910924639965 0.00015814174020389234 0.00079937809934293807 -0.0014818491002403038 -0.007352360095296588 -0.0033653040770441297 7.0303638045549047e-05 -0.0014655367241388087 0.0013612470317282716 0.0016545401395830727 -7.8343429972815739e-05 0.00076972612188087376 0.0024239141518094883
leaf_weight=24 21 28 26 572 76 229 20 35 54 56 89 83 378 75 35
leaf_count=24 21 28 26 572 76 229 20 35 54 56 89 83 378 75 35
internal_value=0 -0.000205423 -0.000108617 -0.000568889 -0.0014146 -0.000902854 -0.00465245 -0.00014931 -0.00126982 6.48589e-06 0.000605457 0.000468531 0.000191923 0.00126088 0.00197395
internal_weight=1801 1780 1752 1068 351 305 46 717 89 628 684 625 467 158 59
internal_count=1801 1780 1752 1068 351 305 46 717 89 628 684 625 467 158 59
is_linear=0
shrinkage=0.03


Tree=7
num_leaves=15
num_cat=0
split_feature=15 23 21 19 24 15 25 19 24 24 25 16 19 9
split_gain=6.47474 1.01926 0.475859 0.280058 0.259241 0.258887 0.244048 1.19909 0.189676 0.194029 0.169761 0.139483 0.0751411 0.00755966
threshold=0.18464176070000474 41.804998397827106 96.764999389648423 480952.50000000006 7.148600000000001 0.012320528215669651 32.642781253027472 442375.50000000006 2.4666000000000001 2.6213500000000005 32.645809634444426 36.847126348384798 422090.50000000006 1.0213808841729812
decision_type=2 2 2 2 2 2 2 2 2 2 2 2 2 2
left_child=1 2 4 6 8 -5 7 -4 12 -10 -8 -7 -1 -6
right_child=-2 -3 3 5 13 11 10 -9 9 -11 -12 -13 -14 -15
leaf_value=-0.00079823220251578719 0.016175818763673307 -0.0062164776821807032 0.00058324760149287825 -0.0026070209768367931 0.0028459682308522791 0.0019838310979151475 0.0010218883729486896 -0.0084962890424898699 -0.0029311774363741275 -0.00011325708979112858 -0.00088938058811428432 0.00015895098218808267 0.0006893567704914055 0.0015843250053414306
leaf_weight=30 21 24 33 23 28 53 43 20 23 304 551 140 475 33
leaf_count=30 21 24 33 23 28 53 43 20 23 304 551 140 475 33
internal_value=0 -0.000199389 -0.000111952 -0.000615273 0.00037125 0.00030862 -0.000928344 -0.00288133 0.000227487 -0.000328938 -0.000744496 0.000683191 0.000593653 0.00224839
internal_weight=1801 1780 1756 863 893 216 647 53 832 327 594 193 505 61
internal_count=1801 1780 1756 863 893 216 647 53 832 327 594 193 505 61
is_linear=0
shrinkage=0.03


Tree=8
num_leaves=16
num_cat=0
split_feature=14 23 20 25 22 22 14 10 17 11 21 22 20 11 25
split_gain=4.70631 1.17287 0.634666 0.582554 0.545458 0.191893 0.223419 0.192285 0.186421 0.144499 0.200398 0.135643 0.100195 0.0623216 0.0331917
threshold=0.12514542862298914 40.815000534057553 723.50000000000011 33.067452310958096 1.5650000000000002 2.9950000000000006 0.020941798822083305 0.94504016567767313 0.0060585758712656508 0.98513809703717792 91.365001678466768 0.76500000000000012 797.50000000000011 1.0875928209468142 32.891350127320649
decision_type=2 2 2 2 2 2 2 2 2 2 2 2 2 2 2
left_child=1 2 8 4 -4 7 -7 -5 9 14 -11 -10 -6 -13 -1
right_child=-2 -3 3 5 12 6 -8 -9 11 10 -12 13 -14 -15 -16
leaf_value=0.00097477115356789303 0.013791143209588798 -0.0069020990176207348 -0.0067774541590894981 0.0015555754893278142 -0.0018304408741653679 -0.0019433471245476892 -9.2871789033133683e-05 -0.00014926451327932722 0.0039323683756270576 0.0012510825498628297 -0.00025262636024937584 0.0017469414157954895 0.00033287944950695543 0.00020949151059806658 0.002408065984916428
leaf_weight=106 21 22 20 65 117 112 130 604 20 104 326 68 20 44 22
leaf_count=106 21 22 20 65 117 112 130 604 20 104 326 68 20 44 22
internal_value=0 -0.000169843 -8.0013e-05 -0.000539504 -0.0022236 -0.000243861 -0.000966109 1.39746e-05 0.000626609 0.000378248 0.00010616 0.0016432 -0.00149276 0.00117669 0.00126113
internal_weight=1801 1780 1758 1068 157 911 242 669 690 558 430 132 137 112 128
internal_count=1801 1780 1758 1068 157 911 242 669 690 558 430 132 137 112 128
is_linear=0
shrinkage=0.03


Tree=9
num_leaves=15
num_cat=0
split_feature=15 14 20 22 24 13 22 17 13 21 22 15 14 17
split_gain=5.86703 0.729459 0.571426 0.749753 0.259641 0.207293 0.157994 0.117324 0.118897 0.156171 0.0420128 0.0422376 0.0266905 0.0198679
threshold=0.18464176070000474 0.092806805719929913 723.50000000000011 1.5050000000000001 2.3860500000000004 0.97554910076854295 2.9050000000000007 0.0048957090367557007 0.97346592469313942 91.365001678466768 1.5750000000000004 0.022843781105033902 0.023806319150995302 0.0081463690513269016
decision_type=2 2 2 2 2 2 2 2 2 2 2 2 2 2
left_child=1 2 7 -4 6 -6 -5 8 12 -10 13 -12 -1 -9
right_child=-2 -3 3 4 5 -7 -8 10 9 -11 11 -13 -14 -15
leaf_value=0.000561468533719616 0.01539833674241196 -0.0052806310011260212 -0.0059173083017053808 0.00015385127779579119 -7.6208917534843621e-05 -0.0013822226262755976 -0.0018252221538613621 0.0011603249984589042 0.001252044856715738 -0.00015116375502155155 0.0014014076854616993 0 0.0018629040225618043 0.0023578057958242985
leaf_weight=33 21 24 22 520 174 319 38 48 88 350 37 41 48 38
leaf_count=33 21 24 22 520 174 319 38 48 88 350 37 41 48 38
internal_value=0 -0.000189472 -0.000115215 -0.000548206 -0.000427448 -0.000928437 1.06849e-05 0.000560438 0.00033028 0.000126136 0.00126421 0.000680804 0.00138259 0.00174495
internal_weight=1801 1780 1756 1073 1051 493 558 683 519 438 164 78 81 86
internal_count=1801 1780 1756 1073 1051 493 558 683 519 438 164 78 81 86
is_linear=0
shrinkage=0.03


Tree=10
num_leaves=12
num_cat=0
split_feature=15 14 24 22 21 22 25 14 22 21 17
split_gain=5.53563 0.688094 0.392318 0.366207 0.296758 0.37388 0.306831 0.121266 0.101516 0.114435 0.0765887
threshold=0.18464176070000474 0.092806805719929913 1.7358000000000002 1.2650000000000003 96.764999389648423 3.0550000000000002 32.642781253027472 0.038491852194223707 0.81500000000000006 96.194999694824205 -0.0020588854014536996
decision_type=2 2 2 2 2 2 2 2 2 2 2
left_child=1 2 7 -4 5 -5 -6 8 10 -10 -1
right_child=-2 -3 3 4 6 -7 -8 -9 9 -11 -12
leaf_value=0.00050611542696112467 0.014957383978095921 -0.0051285487829893827 -0.0039565554830431936 0.00041672490771984676 -0.0038441973661796913 -0.0024486534902931783 -0.00055962983970053932 0.0029374081797220487 0.0014265130445871863 0.00011686570919219877 -0.0011410192259587346
leaf_weight=55 21 24 24 567 26 43 715 21 154 107 44
leaf_count=55 21 24 24 567 26 43 715 21 154 107 44
internal_value=0 -0.000183777 -0.000111606 -0.000349159 -0.000279977 0.000206152 -0.000683946 0.00073652 0.000592043 0.000903554 -0.000200034
internal_weight=1801 1780 1756 1375 1351 610 741 381 360 261 99
internal_count=1801 1780 1756 1375 1351 610 741 381 360 261 99
is_linear=0
shrinkage=0.03


end of trees

feature_importances:
US_10Y_Yield=25
US_Rig_Count=19
USD_Index=15
Rolling_Std_20=13
OPEC_Production=13
EIA_Crude_Inventory=11
CPI_Inflation=11
Close_to_MA_50=10
Rolling_Std_10=10
MACD_Pct=8
VIX=8
Close_to_MA_20=4
RSI_14=3
Close_to_MA_10=2
Close_to_EMA_20=2
Close_to_EMA_10=1
Volume_to_MA_10=1

parameters:
[boosting: gbdt]
[objective: regression]
[metric: l2]
[tree_learner: serial]
[device_type: cpu]
[data_sample_strategy: bagging]
[data: ]
[valid: ]
[num_iterations: 200]
[learning_rate: 0.03]
[num_leaves: 31]
[num_threads: 20]
[seed: 42]
[deterministic: 0]
[force_col_wise: 0]
[force_row_wise: 0]
[histogram_pool_size: -1]
[max_depth: 6]
[min_data_in_leaf: 20]
[min_sum_hessian_in_leaf: 0.001]
[bagging_fraction: 0.8]
[pos_bagging_fraction: 1]
[neg_bagging_fraction: 1]
[bagging_freq: 0]
[bagging_seed: 400]
[bagging_by_query: 0]
[feature_fraction: 0.8]
[feature_fraction_bynode: 1]
[feature_fraction_seed: 30056]
[extra_trees: 0]
[extra_seed: 12879]
[early_stopping_round: 0]
[early_stopping_min_delta: 0]
[first_metric_only: 0]
[max_delta_step: 0]
[lambda_l1: 0.1]
[lambda_l2: 1]
[linear_lambda: 0]
[min_gain_to_split: 0]
[drop_rate: 0.1]
[max_drop: 50]
[skip_drop: 0.5]
[xgboost_dart_mode: 0]
[uniform_drop: 0]
[drop_seed: 17869]
[top_rate: 0.2]
[other_rate: 0.1]
[min_data_per_group: 100]
[max_cat_threshold: 32]
[cat_l2: 10]
[cat_smooth: 10]
[max_cat_to_onehot: 4]
[top_k: 20]
[monotone_constraints: ]
[monotone_constraints_method: basic]
[monotone_penalty: 0]
[feature_contri: ]
[forcedsplits_filename: ]
[refit_decay_rate: 0.9]
[cegb_tradeoff: 1]
[cegb_penalty_split: 0]
[cegb_penalty_feature_lazy: ]
[cegb_penalty_feature_coupled: ]
[path_smooth: 0]
[interaction_constraints: ]
[verbosity: -1]
[saved_feature_importance_type: 0]
[use_quantized_grad: 0]
[num_grad_quant_bins: 4]
[quant_train_renew_leaf: 0]
[stochastic_rounding: 1]
[linear_tree: 0]
[max_bin: 255]
[max_bin_by_feature: ]
[min_data_in_bin: 3]
[bin_construct_sample_cnt: 200000]
[data_random_seed: 175]
[is_enable_sparse: 1]
[enable_bundle: 1]
[use_missing: 1]
[zero_as_missing: 0]
[feature_pre_filter: 1]
[pre_partition: 0]
[two_round: 0]
[header: 0]
[label_column: ]
[weight_column: ]
[group_column: ]
[ignore_column: ]
[categorical_feature: ]
[forcedbins_filename: ]
[precise_float_parser: 0]
[parser_config_file: ]
[objective_seed: 16083]
[num_class: 1]
[is_unbalance: 0]
[scale_pos_weight: 1]
[sigmoid: 1]
[boost_from_average: 1]
[reg_sqrt: 0]
[alpha: 0.9]
[fair_c: 1]
[poisson_max_delta_step: 0.7]
[tweedie_variance_power: 1.5]
[lambdarank_truncation_level: 30]
[lambdarank_norm: 1]
[label_gain: ]
[lambdarank_position_bias_regularization: 0]
[eval_at: ]
[multi_error_top_k: 1]
[auc_mu_weights: ]
[num_machines: 1]
[local_listen_port: 12400]
[time_out: 120]
[machine_list_filename: ]
[machines: ]
[gpu_platform_id: -1]
[gpu_device_id: -1]
[gpu_device_id_list: ]
[gpu_use_dp: 0]
[num_gpu: 1]

end of parameters

pandas_categorical:[]
