tree
version=v4
num_class=1
num_tree_per_iteration=1
label_index=0
max_feature_idx=25
objective=regression
feature_names=Return Log_Return Ret_Lag_1 Ret_Lag_2 Ret_Lag_3 Ret_Lag_5 Ret_Lag_10 Daily_Range_Pct Close_to_MA_5 Close_to_MA_10 Close_to_MA_20 Close_to_MA_50 Close_to_EMA_10 Close_to_EMA_20 Rolling_Std_10 Rolling_Std_20 RSI_14 MACD_Pct Volume_to_MA_10 EIA_Crude_Inventory US_Rig_Count USD_Index US_10Y_Yield VIX CPI_Inflation OPEC_Production
feature_infos=[-0.99945265463878241:1000.0000228881836] [-7.5104305814334893:6.9087548021805389] [-0.99945265463878241:1000.0000228881836] [-0.99945265463878241:1000.0000228881836] [-0.99945265463878241:1000.0000228881836] [-0.99945265463878241:1000.0000228881836] [-0.99945265463878241:1000.0000228881836] [0.0083536294793647992:1784.0000381469724] [0.00063995902012410003:1.4797344852633123] [0.0005133997267981:1.4539841552591597] [0.00046727879981480001:1.5269670948329741] [0.00029838810814999999:1.5922540838875798] [0.00057339711350370005:1.3303027267290908] [0.00046582756044130001:1.3470234504852556] [0.0058608158131277996:316.27152822580433] [0.0074630450429006004:223.62115619093399] [13.331281508840434:83.896914726101471] [-89.405824856286031:0.075284306871814699] [0:2.7565734898736189] [394137:540722] [250:1077] [88.589996337890597:114.11000061035099] [0.52000000000000002:4.25] [9.1400003433227504:82.690002441406193] [0.19819999999999999:8.9794] [26.25830086301988:36.13391069951679]
tree_sizes=1822 1711 1713 1801 1628 1762

Tree=0
num_leaves=20
num_cat=0
split_feature=15 20 22 20 11 22 20 25 15 11 20 22 21 8 10 19 16 21 22
split_gain=15.9875 3.95591 4.05703 2.87973 1.33147 1.08798 1.0942 0.904522 0.601659 0.50137 0.489832 0.45826 0.3627 0.304636 0.291335 0.149679 0.138708 0.0948779 0.0550952
threshold=0.18464176070000474 704.50000000000011 1.6650000000000003 829.00000000000011 0.94801345650914259 2.9950000000000006 807.00000000000011 35.619958646405635 0.013071359077714551 0.93888222195405391 265.50000000000006 1.155 97.145000457763658 0.96147549891952411 0.91551042109624869 458994.50000000006 60.144115091557346 94.374999999999957 3.0850000000000004
decision_type=2 2 2 2 2 2 2 2 2 2 2 2 2 2 2 2 2 2 2
left_child=1 4 3 14 13 6 16 9 15 -7 17 -12 -8 -1 -3 -6 -4 -10 -9
right_child=-2 2 5 -5 8 7 12 18 10 -11 11 -13 -14 -15 -16 -17 -18 -19 -20
leaf_value=0.030483252295204301 0.047134337602082507 0.012441003245090121 0.019558199444933113 0.021378181855224939 0.017849072168226482 0.022350475321435231 0.022446213391053915 0.017695514453135643 0.019530982865496566 0.01926575296096501 0.02503343106716548 0.022841548864399618 0.020825488561087506 0.025644690985426558 0.006100023490912895 0.021450708800450621 0.016916837141924237 0.021964144291134545 0.014680118873106697
leaf_weight=20 21 25 114 28 23 62 427 21 36 179 114 382 173 45 22 22 25 20 32
leaf_count=20 21 25 114 28 23 62 427 21 36 179 114 382 173 45 22 22 25 20 32
internal_value=0.0217176 0.0214019 0.0203047 0.0136092 0.0232331 0.020801 0.0214209 0.0192593 0.0227779 0.0200711 0.0230541 0.023357 0.0219732 0.0272892 0.00914685 0.0195006 0.0190308 0.0204417 0.0157227
internal_weight=1791 1770 1108 75 662 1033 739 294 597 241 552 496 600 65 47 45 139 56 53
internal_count=1791 1770 1108 75 662 1033 739 294 597 241 552 496 600 65 47 45 139 56 53
is_linear=0
shrinkage=1


Tree=1
num_leaves=18
num_cat=0
split_feature=15 20 22 20 11 24 20 22 15 11 20 21 22 8 13 19 21
split_gain=15.0854 3.72833 3.82959 2.71585 1.25674 1.09737 0.726302 0.672906 0.567918 0.481886 0.461109 0.448974 0.43118 0.286944 0.170163 0.140782 0.0896713
threshold=0.18464176070000474 704.50000000000011 1.6650000000000003 829.00000000000011 0.94801345650914259 2.3860500000000004 1059.5000000000002 3.0450000000000004 0.013071359077714551 1.0068854825246489 265.50000000000006 96.725002288818359 1.155 0.96147549891952411 0.92365507588393359 458994.50000000006 94.374999999999957
decision_type=2 2 2 2 2 2 2 2 2 2 2 2 2 2 2 2 2
left_child=1 4 3 14 13 7 9 11 15 -7 16 -4 -12 -1 -3 -6 -10
right_child=-2 2 5 -5 8 6 -8 -9 10 -11 12 -13 -14 -15 -16 -17 -18
leaf_value=0.008515194007328579 0.024688884851607407 -0.0093133191580955805 0.0010607317881406169 -0.00032959783507575247 -0.0037573188515380024 -0.00092182253113606426 -0.0070457945317029961 -0.0052130390458873339 -0.0021228026983302994 -0.0029601771925411341 0.0032172100055476893 -0.0007106350206226564 0.0010903073032375963 0.0038118282493568314 -0.014825433355310688 -0.00025924369441750254 0.00023948906052724588
leaf_weight=20 21 25 286 28 23 310 23 20 36 163 114 231 382 45 22 22 20
leaf_count=20 21 25 286 28 23 310 23 20 36 163 114 231 382 45 22 22 20
internal_value=0 -0.000307046 -0.00137228 -0.00787749 0.0014707 -0.000889909 -0.00190595 4.47749e-05 0.00102828 -0.00163535 0.00129666 0.000263635 0.00159068 0.00541156 -0.0122111 -0.00215518 -0.0012371
internal_weight=1791 1770 1108 75 662 1033 496 537 597 473 552 517 496 65 47 45 56
internal_count=1791 1770 1108 75 662 1033 496 537 597 473 552 517 496 65 47 45 56
is_linear=0
shrinkage=0.03


Tree=2
num_leaves=18
num_cat=0
split_feature=15 20 22 20 11 24 20 22 15 11 20 21 22 8 12 19 21
split_gain=14.2341 3.51364 3.61505 2.56126 1.18622 1.03314 0.685231 0.634882 0.536094 0.453301 0.434065 0.42259 0.405692 0.271103 0.158496 0.132401 0.0847563
threshold=0.18464176070000474 704.50000000000011 1.6650000000000003 829.00000000000011 0.94801345650914259 2.3860500000000004 1059.5000000000002 3.0450000000000004 0.013071359077714551 1.0068854825246489 265.50000000000006 96.725002288818359 1.155 0.96722047238298037 0.95034626894040886 458994.50000000006 94.374999999999957
decision_type=2 2 2 2 2 2 2 2 2 2 2 2 2 2 2 2 2
left_child=1 4 3 14 13 7 9 11 15 -7 16 -4 -12 -1 -3 -6 -10
right_child=-2 2 5 -5 8 6 -8 -9 10 -11 12 -13 -14 -15 -16 -17 -18
leaf_value=0.0080701281830020573 0.023981884059580887 -0.0090446659051454971 0.0010290207256512709 -0.00032005086085148927 -0.0036492960127070544 -0.00089425675213633407 -0.0068432278670370579 -0.0050640950532896177 -0.0020608397766545012 -0.0028719133700158238 0.0031215329990540021 -0.00068940783693863619 0.0010576834599461645 0.0035976167003708807 -0.014400008455566738 -0.00025180452697626921 0.00023264652929667914
leaf_weight=22 21 25 286 28 23 310 23 20 36 163 114 231 382 43 22 22 20
leaf_count=22 21 25 286 28 23 310 23 20 36 163 114 231 382 43 22 22 20
internal_value=0 -0.000298538 -0.00133269 -0.0076532 0.00142721 -0.000863931 -0.00184979 4.28259e-05 0.000997206 -0.00158672 0.00125805 0.000255572 0.0015434 0.00525618 -0.0118617 -0.0020951 -0.00119939
internal_weight=1791 1770 1108 75 662 1033 496 537 597 473 552 517 496 65 47 45 56
internal_count=1791 1770 1108 75 662 1033 496 537 597 473 552 517 496 65 47 45 56
is_linear=0
shrinkage=0.03


Tree=3
num_leaves=19
num_cat=0
split_feature=15 25 25 25 24 21 24 22 22 14 12 11 21 25 23 17 13 12
split_gain=13.4309 2.47427 6.30293 1.6813 0.928099 0.772017 0.624985 0.414524 0.499413 0.353788 0.274175 0.268931 0.147916 0.129791 0.0921831 0.075827 0.0593594 0.058533
threshold=0.18464176070000474 32.406870914317786 32.642781253027472 31.862831003500592 1.7358000000000002 94.045001983642564 6.0964000000000009 0.74500000000000011 1.155 0.016852692116504153 0.99705269770791294 1.0579907809171878 98.775001525878864 35.205425000000005 17.564999580383255 -0.0028970198651811492 0.90863570520424164 1.0336945466827847
decision_type=2 2 2 2 2 2 2 2 2 2 2 2 2 2 2 2 2 2
left_child=1 3 16 6 12 11 7 15 -9 -7 -5 -6 13 -4 -8 -1 -3 -12
right_child=-2 2 4 10 5 9 14 8 -10 -11 17 -13 -14 -15 -16 -17 -18 -19
leaf_value=3.383493076006953e-05 0.023295130938291546 -0.0093153240340096612 0.0017793648760338935 0.0086586543836376893 0.0015497254355551092 -0.0021276459474398645 -0.0039906372311322583 0.0035848208458813713 0.00081859206399440628 -0.0008461662605030437 0.0050703222870238521 -0.00064050490523222833 0.00364091583728441 1.9472211851583171e-05 -0.00089674709294922659 -0.0018280375692461216 -0.014294470916623656 0.0024155277966388632
leaf_weight=38 21 20 89 21 130 311 22 87 192 554 37 79 23 71 20 34 22 20
leaf_count=38 21 20 89 21 130 311 22 87 192 554 37 79 23 71 20 34 22 20
internal_value=0 -0.000290276 -0.000967032 0.00156793 -0.000577701 -0.000915976 0.00075425 0.00117554 0.00170162 -0.0013123 0.00556821 0.000708446 0.00138547 0.00102202 -0.00264224 -0.000817284 -0.012265 0.00424825
internal_weight=1791 1770 1299 471 1257 1074 393 351 279 865 78 209 183 160 42 72 42 57
internal_count=1791 1770 1299 471 1257 1074 393 351 279 865 78 209 183 160 42 72 42 57
is_linear=0
shrinkage=0.03


Tree=4
num_leaves=17
num_cat=0
split_feature=15 20 22 20 13 24 20 22 15 20 25 25 21 10 19 17
split_gain=12.6722 3.1485 3.22644 2.28772 1.01838 0.941498 0.643216 0.591378 0.551622 0.412393 0.382622 0.381931 0.376464 0.232746 0.13913 0.0758295
threshold=0.18464176070000474 704.50000000000011 1.6650000000000003 829.00000000000011 0.91806830140275431 2.3860500000000004 1059.5000000000002 3.0450000000000004 0.013315642822595451 265.50000000000006 33.067452310958096 32.995284623997733 96.725002288818359 0.91551042109624869 458994.50000000006 -0.0028970198651811492
decision_type=2 2 2 2 2 2 2 2 2 2 2 2 2 2 2 2
left_child=1 4 3 13 -1 7 10 12 14 15 -7 -11 -4 -3 -6 -10
right_child=-2 2 5 -5 8 6 -8 -9 9 11 -12 -13 -14 -15 -16 -17
leaf_value=0.0077263517249375581 0.022628042848950081 -0.0082380803920901729 0.00098351549141949463 -0.00029567458307177858 -0.0034549194502830503 -0.0029264438557328552 -0.0065965282469987868 -0.0048805849222200255 0 0.0021834650595547382 -0.0009714921725495388 0.00041341494495139976 -0.00063806006787465249 -0.013950643324333689 -0.00017949392977688046 -0.0021415672850691606
leaf_weight=21 21 25 286 28 24 126 23 20 32 370 347 163 231 22 26 26
leaf_count=21 21 25 286 28 24 126 23 20 32 370 347 163 231 22 26 26
internal_value=0 -0.000281523 -0.00126054 -0.00723197 0.00135198 -0.000817512 -0.00175866 4.78564e-05 0.00112676 0.00138615 -0.00150367 0.00164956 0.000253357 -0.0112095 -0.00184744 -0.000970618
internal_weight=1791 1770 1108 75 662 1033 496 537 641 591 473 533 517 47 50 58
internal_count=1791 1770 1108 75 662 1033 496 537 641 591 473 533 517 47 50 58
is_linear=0
shrinkage=0.03


Tree=5
num_leaves=19
num_cat=0
split_feature=24 7 25 25 25 24 24 11 22 24 10 22 22 25 23 17 10 19
split_gain=11.0216 1.89343 1.81607 5.59015 0.874875 0.723828 0.582179 0.576134 0.561768 0.442759 0.383557 0.371117 0.461455 0.199503 0.0783655 0.0674968 0.0588318 0.0252368
threshold=0.51485000000000014 0.12356667689245926 32.406870914317786 32.642781253027472 31.862831003500592 2.3860500000000004 6.0964000000000009 1.0101770428808141 3.0450000000000004 2.6213500000000005 0.94746173535311939 0.74500000000000011 1.155 32.645809634444426 17.564999580383255 -0.0028970198651811492 0.91551042109624869 416129.00000000006
decision_type=2 2 2 2 2 2 2 2 2 2 2 2 2 2 2 2 2 2
left_child=1 -1 4 16 6 8 11 9 10 -7 -5 15 -13 -9 -8 -2 -4 -6
right_child=2 -3 3 5 17 7 14 13 -10 -11 -12 12 -14 -15 -16 -17 -18 -19
leaf_value=0.0081870131818577649 1.7876171112920226e-05 0.021569708673017364 -0.0088657719221982099 0.0023917508455160172 0.0032820874191481263 -0.0029782338502471429 -0.0038358176340875416 0 -0.004741139706756387 -0.00016744728839163849 0 0.0034115706396934749 0.0007523494421461009 -0.0029803457295107601 -0.00094129242980852724 -0.0017339077293340647 -0.013652054591612383 0.0053046840165342606
leaf_weight=23 38 20 21 66 31 60 22 25 20 309 587 87 192 181 20 34 21 34
leaf_count=23 38 20 21 66 31 60 22 25 20 309 587 87 192 181 20 34 21 34
internal_value=0 0.0148285 -0.000373941 -0.000951321 0.0012443 -0.000581876 0.000696551 -0.00136283 8.19382e-05 -0.000639408 0.00024127 0.0011035 0.00160151 -0.00263482 -0.00258118 -0.000780679 -0.0115905 0.00444986
internal_weight=1791 43 1748 1290 458 1248 393 575 673 369 653 351 279 206 42 72 42 65
internal_count=1791 43 1748 1290 458 1248 393 575 673 369 653 351 279 206 42 72 42 65
is_linear=0
shrinkage=0.03


end of trees

feature_importances:
US_10Y_Yield=17
US_Rig_Count=16
OPEC_Production=11
Rolling_Std_20=9
USD_Index=9
CPI_Inflation=9
Close_to_MA_50=8
EIA_Crude_Inventory=5
Close_to_MA_20=4
Close_to_MA_5=3
Close_to_EMA_10=3
Close_to_EMA_20=3
MACD_Pct=3
VIX=2
Daily_Range_Pct=1
Rolling_Std_10=1
RSI_14=1

parameters:
[boosting: gbdt]
[objective: regression]
[metric: l2]
[tree_learner: serial]
[device_type: cpu]
[data_sample_strategy: bagging]
[data: ]
[valid: ]
[num_iterations: 200]
[learning_rate: 0.03]
[num_leaves: 31]
[num_threads: 20]
[seed: 42]
[deterministic: 0]
[force_col_wise: 0]
[force_row_wise: 0]
[histogram_pool_size: -1]
[max_depth: 6]
[min_data_in_leaf: 20]
[min_sum_hessian_in_leaf: 0.001]
[bagging_fraction: 0.8]
[pos_bagging_fraction: 1]
[neg_bagging_fraction: 1]
[bagging_freq: 0]
[bagging_seed: 400]
[bagging_by_query: 0]
[feature_fraction: 0.8]
[feature_fraction_bynode: 1]
[feature_fraction_seed: 30056]
[extra_trees: 0]
[extra_seed: 12879]
[early_stopping_round: 0]
[early_stopping_min_delta: 0]
[first_metric_only: 0]
[max_delta_step: 0]
[lambda_l1: 0.1]
[lambda_l2: 1]
[linear_lambda: 0]
[min_gain_to_split: 0]
[drop_rate: 0.1]
[max_drop: 50]
[skip_drop: 0.5]
[xgboost_dart_mode: 0]
[uniform_drop: 0]
[drop_seed: 17869]
[top_rate: 0.2]
[other_rate: 0.1]
[min_data_per_group: 100]
[max_cat_threshold: 32]
[cat_l2: 10]
[cat_smooth: 10]
[max_cat_to_onehot: 4]
[top_k: 20]
[monotone_constraints: ]
[monotone_constraints_method: basic]
[monotone_penalty: 0]
[feature_contri: ]
[forcedsplits_filename: ]
[refit_decay_rate: 0.9]
[cegb_tradeoff: 1]
[cegb_penalty_split: 0]
[cegb_penalty_feature_lazy: ]
[cegb_penalty_feature_coupled: ]
[path_smooth: 0]
[interaction_constraints: ]
[verbosity: -1]
[saved_feature_importance_type: 0]
[use_quantized_grad: 0]
[num_grad_quant_bins: 4]
[quant_train_renew_leaf: 0]
[stochastic_rounding: 1]
[linear_tree: 0]
[max_bin: 255]
[max_bin_by_feature: ]
[min_data_in_bin: 3]
[bin_construct_sample_cnt: 200000]
[data_random_seed: 175]
[is_enable_sparse: 1]
[enable_bundle: 1]
[use_missing: 1]
[zero_as_missing: 0]
[feature_pre_filter: 1]
[pre_partition: 0]
[two_round: 0]
[header: 0]
[label_column: ]
[weight_column: ]
[group_column: ]
[ignore_column: ]
[categorical_feature: ]
[forcedbins_filename: ]
[precise_float_parser: 0]
[parser_config_file: ]
[objective_seed: 16083]
[num_class: 1]
[is_unbalance: 0]
[scale_pos_weight: 1]
[sigmoid: 1]
[boost_from_average: 1]
[reg_sqrt: 0]
[alpha: 0.9]
[fair_c: 1]
[poisson_max_delta_step: 0.7]
[tweedie_variance_power: 1.5]
[lambdarank_truncation_level: 30]
[lambdarank_norm: 1]
[label_gain: ]
[lambdarank_position_bias_regularization: 0]
[eval_at: ]
[multi_error_top_k: 1]
[auc_mu_weights: ]
[num_machines: 1]
[local_listen_port: 12400]
[time_out: 120]
[machine_list_filename: ]
[machines: ]
[gpu_platform_id: -1]
[gpu_device_id: -1]
[gpu_device_id_list: ]
[gpu_use_dp: 0]
[num_gpu: 1]

end of parameters

pandas_categorical:[]
