tree
version=v4
num_class=1
num_tree_per_iteration=1
label_index=0
max_feature_idx=25
objective=regression
feature_names=Return Log_Return Ret_Lag_1 Ret_Lag_2 Ret_Lag_3 Ret_Lag_5 Ret_Lag_10 Daily_Range_Pct Close_to_MA_5 Close_to_MA_10 Close_to_MA_20 Close_to_MA_50 Close_to_EMA_10 Close_to_EMA_20 Rolling_Std_10 Rolling_Std_20 RSI_14 MACD_Pct Volume_to_MA_10 EIA_Crude_Inventory US_Rig_Count USD_Index US_10Y_Yield VIX CPI_Inflation OPEC_Production
feature_infos=[-0.99945265463878241:1000.0000228881836] [-7.5104305814334893:6.9087548021805389] [-0.99945265463878241:1000.0000228881836] [-0.99945265463878241:1000.0000228881836] [-0.99945265463878241:1000.0000228881836] [-0.99945265463878241:1000.0000228881836] [-0.99945265463878241:1000.0000228881836] [0.0083536294793647992:1784.0000381469724] [0.00063995902012410003:1.4797344852633123] [0.0005133997267981:1.4539841552591597] [0.00046727879981480001:1.5269670948329741] [0.00029838810814999999:1.5922540838875798] [0.00057339711350370005:1.3303027267290908] [0.00046582756044130001:1.3470234504852556] [0.0058608158131277996:316.27152822580433] [0.0074630450429006004:223.62115619093399] [13.331281508840434:83.896914726101471] [-89.405824856286031:0.075284306871814699] [0:2.7565734898736189] [394137:540722] [250:1077] [88.589996337890597:114.11000061035099] [0.52000000000000002:4.25] [9.1400003433227504:82.690002441406193] [0.19819999999999999:8.9794] [26.25830086301988:36.13391069951679]
tree_sizes=321 413 502 588 678 678 674 763 762 841 759 758 762 761 762 762 763 845 761 763 760 846 758 847 765 763 766 932 766 845 763 928 762 765 933 763 766 765 844 766 1190 764 766 765 766

Tree=0
num_leaves=2
num_cat=0
split_feature=15
split_gain=45066.3
threshold=0.18464176070000474
decision_type=2
left_child=-1
right_child=-2
leaf_value=0.52542341139434035 2.8022874551207981
leaf_weight=1789 21
leaf_count=1789 21
internal_value=0.553067
internal_weight=1810
internal_count=1810
is_linear=0
shrinkage=1


Tree=1
num_leaves=3
num_cat=0
split_feature=0 15
split_gain=44491.1 69.338
threshold=-0.07537221034752789 0.11533819666538792
decision_type=2 2
left_child=-1 -2
right_child=1 -3
leaf_value=2.234881843409755 -0.026237734261548108 -0.11205193212876717
leaf_weight=21 1766 23
leaf_count=21 1766 23
internal_value=5.85741e-05 -0.0274058
internal_weight=1810 1789
internal_count=1810 1789
is_linear=0
shrinkage=0.05


Tree=2
num_leaves=4
num_cat=0
split_feature=14 0 12
split_gain=41362.2 58.2694 6.41156
threshold=0.12514542862298914 -0.067704061917020636 1.0862978304120767
decision_type=2 2 2
left_child=1 -1 -3
right_child=-2 2 -4
leaf_value=-0.10239881454706193 2.1549194410307844 -0.024909002121505902 -0.052815649170767177
leaf_weight=24 21 1744 21
leaf_count=24 21 1744 21
internal_value=0.000113255 -0.0263677 -0.0252736
internal_weight=1810 1789 1765
internal_count=1810 1789 1765
is_linear=0
shrinkage=0.05


Tree=3
num_leaves=5
num_cat=0
split_feature=2 14 0 14
split_gain=42742.9 226.706 23.2641 2.34564
threshold=-0.07537221034752789 0.10060047779659347 -0.058563655741167744 0.054457222285893309
decision_type=2 2 2 2
left_child=-1 2 -2 -4
right_child=1 -3 3 -5
leaf_value=2.1906379247118126 -0.073809776504834487 -0.17343503745702599 -0.023651080304079631 -0.041585185222682501
leaf_weight=21 23 25 1721 20
leaf_count=21 23 25 1721 20
internal_value=0.0001617 -0.0267577 -0.024579 -0.0238837
internal_weight=1810 1789 1764 1741
internal_count=1810 1789 1764 1741
is_linear=0
shrinkage=0.05


Tree=4
num_leaves=6
num_cat=0
split_feature=6 7 15 2 0
split_gain=41028.9 203.944 41.9151 16.2072 4.49374
threshold=-0.07537221034752789 0.13686115767658516 0.082048505674810313 -0.058563655741167744 -0.056398131262691192
decision_type=2 2 2 2 2
left_child=-1 2 3 -2 -5
right_child=1 -3 -4 4 -6
leaf_value=2.1463116613843223 -0.066422207639975986 -0.17758907884359362 -0.093108138022097678 -0.044110482117304436 -0.022478997131106997
leaf_weight=21 21 21 21 25 1701
leaf_count=21 21 21 21 25 1701
internal_value=0.000204916 -0.0261691 -0.0242684 -0.0233852 -0.0228206
internal_weight=1810 1789 1768 1747 1726
internal_count=1810 1789 1768 1747 1726
is_linear=0
shrinkage=0.05


Tree=5
num_leaves=6
num_cat=0
split_feature=1 7 2 6 17
split_gain=39002.4 300.329 22.4972 25.8064 5.18664
threshold=-0.078364069322920185 0.11906096201226042 -0.058563655741167744 -0.058563655741167744 0.017601209501523704
decision_type=2 2 2 2 2
left_child=-1 2 -2 -4 -5
right_child=1 -3 3 4 -6
leaf_value=2.0926783472841435 -0.070516840714216239 -0.20507717107787082 -0.075315264243146648 -0.021365023656041395 -0.046438287557526069
leaf_weight=21 24 22 22 1700 21
leaf_count=21 24 22 22 1700 21
internal_value=0.000242092 -0.0254723 -0.0231186 -0.022423 -0.0217007
internal_weight=1810 1789 1767 1743 1721
internal_count=1810 1789 1767 1743 1721
is_linear=0
shrinkage=0.05


Tree=6
num_leaves=6
num_cat=0
split_feature=2 14 0 6 13
split_gain=37841.7 369.678 81.9599 15.8747 1.40618
threshold=-0.07537221034752789 0.10060047779659347 -0.058563655741167744 -0.058563655741167744 1.1526436956325747
decision_type=2 2 2 2 2
left_child=-1 2 -2 -4 -5
right_child=1 -3 3 4 -6
leaf_value=2.061341604644602 -0.11419211354727546 -0.21228829907683228 -0.062582413191380706 -0.020229823711219608 -0.033731102444555454
leaf_weight=21 23 25 22 1697 22
leaf_count=21 23 25 22 1697 22
internal_value=0.000275515 -0.0250534 -0.0222782 -0.0209962 -0.020425
internal_weight=1810 1789 1764 1741 1719
internal_count=1810 1789 1764 1741 1719
is_linear=0
shrinkage=0.05


Tree=7
num_leaves=7
num_cat=0
split_feature=16 7 15 2 0 6
split_gain=36704.3 632.648 94.6833 39.7659 14.4176 6.40016
threshold=22.167770016386203 0.13686115767658516 0.082048505674810313 -0.056398131262691192 -0.056398131262691192 -0.056398131262691192
decision_type=2 2 2 2 2 2
left_child=-1 2 3 -2 -5 -6
right_child=1 -3 -4 4 5 -7
leaf_value=1.9028835981369019 -0.081561427828338418 -0.26655915234927779 -0.11744798264537866 -0.06074175630103458 -0.045208362597227096 -0.019260650841233969
leaf_weight=24 26 26 25 21 24 1664
leaf_count=24 26 26 25 21 24 1664
internal_value=0.000305729 -0.0263086 -0.0226072 -0.0211709 -0.0202021 -0.0196591
internal_weight=1810 1786 1760 1735 1709 1688
internal_count=1810 1786 1760 1735 1709 1688
is_linear=0
shrinkage=0.05


Tree=8
num_leaves=7
num_cat=0
split_feature=6 14 10 2 16 0
split_gain=36456.1 375.046 89.7391 13.5284 9.15239 3.49095
threshold=-0.07537221034752789 0.071431165461478416 0.89614433705734609 -0.056398131262691192 26.204268712336667 -0.053016679018038693
decision_type=2 2 2 2 2 2
left_child=-1 2 -2 -4 -5 -6
right_child=1 -3 3 4 5 -7
leaf_value=2.0233056033741348 -0.099422296335299823 -0.18212511450052263 -0.058813935199921778 -0.050028026898701984 -0.038468051097639233 -0.018267060248186858
leaf_weight=21 35 36 21 23 22 1652
leaf_count=21 35 36 21 23 22 1652
internal_value=0.00032584 -0.024535 -0.0211938 -0.0195403 -0.019017 -0.0185583
internal_weight=1810 1789 1753 1718 1697 1674
internal_count=1810 1789 1753 1718 1697 1674
is_linear=0
shrinkage=0.05


Tree=9
num_leaves=8
num_cat=0
split_feature=15 7 10 6 2 14 16
split_gain=35395.4 443.089 85.63 33.048 19.5121 16.5342 8.31096
threshold=0.18464176070000474 0.11906096201226042 0.89614433705734609 -0.056398131262691192 -0.056398131262691192 0.034433453804293405 26.204268712336667
decision_type=2 2 2 2 2 2 2
left_child=1 2 5 -4 -5 -1 -6
right_child=-2 -3 3 4 6 -7 -8
leaf_value=-0.055543082149942281 1.9936873241446236 -0.24721878658980134 -0.075706463474780328 -0.065733130626719108 -0.047630850647886594 -0.12235651053826918 -0.017635749114179051
leaf_weight=22 21 21 25 21 23 21 1656
leaf_count=22 21 21 25 21 23 21 1656
internal_value=0.000352236 -0.0241443 -0.0213535 -0.01958 -0.0187076 -0.0903258 -0.0180777
internal_weight=1810 1789 1768 1725 1700 43 1679
internal_count=1810 1789 1768 1725 1700 43 1679
is_linear=0
shrinkage=0.05


Tree=10
num_leaves=7
num_cat=0
split_feature=0 14 2 6 16 13
split_gain=34213.8 780.816 82.1156 53.3379 35.2095 10.372
threshold=-0.07537221034752789 0.10957098319548166 -0.058563655741167744 -0.058563655741167744 22.872489558755728 1.1526436956325747
decision_type=2 2 2 2 2 2
left_child=-1 2 -2 -4 -5 -6
right_child=1 -3 3 4 5 -7
leaf_value=1.9601518493348902 -0.11002211010276806 -0.31320621687432998 -0.094400771354203647 -0.07788936797219019 -0.016249889602559853 -0.049638223332973817
leaf_weight=21 24 22 22 23 1675 23
leaf_count=21 24 22 22 23 1675 23
internal_value=0.000371259 -0.0237128 -0.0199306 -0.0186248 -0.017599 -0.016734
internal_weight=1810 1789 1767 1743 1721 1698
internal_count=1810 1789 1767 1743 1721 1698
is_linear=0
shrinkage=0.05


Tree=11
num_leaves=7
num_cat=0
split_feature=2 7 14 16 6 7
split_gain=33159 788.42 89.3173 51.8431 35.839 10.0079
threshold=-0.07537221034752789 0.11906096201226042 0.062085911740127758 22.872489558755728 -0.058563655741167744 0.080107991792435218
decision_type=2 2 2 2 2 2
left_child=-1 2 3 -2 -5 -6
right_child=1 -3 -4 4 5 -7
leaf_value=1.9297207559238783 -0.090999891088188942 -0.29150338723703667 -0.1171974814488836 -0.081929429703879925 -0.015477422087306285 -0.043107512689962546
leaf_weight=21 23 26 22 20 1665 33
leaf_count=21 23 26 22 20 1665 33
internal_value=0.000387723 -0.0233222 -0.0192013 -0.0178935 -0.0168595 -0.0160424
internal_weight=1810 1789 1763 1741 1718 1698
internal_count=1810 1789 1763 1741 1718 1698
is_linear=0
shrinkage=0.05


Tree=12
num_leaves=7
num_cat=0
split_feature=16 14 10 6 7 23
split_gain=32435.9 1285.91 89.1067 40.4356 18.4482 3.49123
threshold=22.167770016386203 0.10060047779659347 0.89614433705734609 -0.058563655741167744 0.080107991792435218 33.465000152587855
decision_type=2 2 2 2 2 2
left_child=-1 2 -2 -4 5 -5
right_child=1 -3 3 4 -6 -7
leaf_value=1.7889352701187133 -0.10280073645855151 -0.32919555187225347 -0.086272352125850466 -0.015241841476137108 -0.051868642188459893 -0.035742238285866652
leaf_weight=24 30 33 20 1647 35 21
leaf_count=24 30 33 20 1647 35 21
internal_value=0.000403112 -0.0246158 -0.0186948 -0.0171687 -0.0163041 -0.0155242
internal_weight=1810 1786 1753 1723 1703 1668
internal_count=1810 1786 1753 1723 1703 1668
is_linear=0
shrinkage=0.05


Tree=13
num_leaves=7
num_cat=0
split_feature=15 11 16 2 0 6
split_gain=32309.9 734.493 123.992 61.784 54.8835 17.8255
threshold=0.18464176070000474 0.78120415387087749 22.872489558755728 -0.056398131262691192 -0.056398131262691192 -0.056398131262691192
decision_type=2 2 2 2 2 2
left_child=1 -1 -3 -4 -5 -6
right_child=-2 2 3 4 5 -7
leaf_value=-0.24049719445799528 1.9048849499225615 -0.13629850477149541 -0.096515287192305552 -0.094179025015328086 -0.056640186323970554 -0.013933457964982294
leaf_weight=37 21 21 23 21 24 1663
leaf_count=37 21 21 23 21 24 1663
internal_value=0.00041437 -0.02299 -0.0182591 -0.0167463 -0.0156134 -0.0145772
internal_weight=1810 1789 1752 1731 1708 1687
internal_count=1810 1789 1752 1731 1708 1687
is_linear=0
shrinkage=0.05


Tree=14
num_leaves=7
num_cat=0
split_feature=6 7 16 2 15 0
split_gain=30867.6 874.993 148.551 131.716 54.2278 13.7483
threshold=-0.07537221034752789 0.11906096201226042 22.872489558755728 -0.058563655741167744 0.054725993021605003 -0.056398131262691192
decision_type=2 2 2 2 2 2
left_child=-1 2 -2 -4 5 -5
right_child=1 -3 3 4 -6 -7
leaf_value=1.8619065434282476 -0.1345548431106188 -0.30496254369064618 -0.13521061395821363 -0.054013154025056534 -0.091028607860612482 -0.013113771281963138
leaf_weight=21 26 26 22 20 22 1673
leaf_count=21 26 26 22 20 22 1673
internal_value=0.000427798 -0.0224482 -0.0181084 -0.0162861 -0.0146797 -0.0136315
internal_weight=1810 1789 1763 1737 1715 1693
internal_count=1810 1789 1763 1737 1715 1693
is_linear=0
shrinkage=0.05


Tree=15
num_leaves=7
num_cat=0
split_feature=1 14 2 16 6 13
split_gain=30278.4 1187.34 152.239 101.995 95.7725 19.1885
threshold=-0.078364069322920185 0.10957098319548166 -0.058563655741167744 22.872489558755728 -0.058563655741167744 1.1526436956325747
decision_type=2 2 2 2 2 2
left_child=-1 2 -2 -4 -5 -6
right_child=1 -3 3 4 5 -7
leaf_value=1.8440633869171141 -0.14013585512638094 -0.37918124800143038 -0.11822425428467492 -0.11575874743254289 -0.012317672787919898 -0.057484088074803978
leaf_weight=21 24 22 23 22 1675 23
leaf_count=21 24 22 23 22 1675 23
internal_value=0.000436752 -0.0222198 -0.0175607 -0.0157906 -0.0143501 -0.0129659
internal_weight=1810 1789 1767 1743 1720 1698
internal_count=1810 1789 1767 1743 1720 1698
is_linear=0
shrinkage=0.05


Tree=16
num_leaves=7
num_cat=0
split_feature=17 14 0 6 2 13
split_gain=29712 1314.36 233.904 87.8573 58.6963 24.0584
threshold=-0.019197408236528046 0.10060047779659347 -0.058563655741167744 -0.058563655741167744 -0.056398131262691192 0.92446476471899064
decision_type=2 2 2 2 2 2
left_child=-1 2 -2 -4 -5 -6
right_child=1 -3 3 4 5 -7
leaf_value=1.7122296325519681 -0.17664035910497544 -0.36974039457462454 -0.11322398501893749 -0.092485607340931891 -0.046876551756527683 -0.012558343063066652
leaf_weight=24 22 26 22 23 52 1641
leaf_count=24 22 26 22 23 52 1641
internal_value=0.000442274 -0.023503 -0.0181782 -0.016069 -0.0147553 -0.0136424
internal_weight=1810 1786 1760 1738 1716 1693
internal_count=1810 1786 1760 1738 1716 1693
is_linear=0
shrinkage=0.05


Tree=17
num_leaves=8
num_cat=0
split_feature=15 7 10 3 2 13 0
split_gain=28725.2 1161.71 203.229 62.3121 30.834 14.475 9.63375
threshold=0.18464176070000474 0.11906096201226042 0.89614433705734609 -0.022326640827797596 -0.056398131262691192 0.92446476471899064 -0.049381028447096388
decision_type=2 2 2 2 2 2 2
left_child=1 2 3 -1 -4 -6 -7
right_child=-2 -3 4 -5 5 6 -8
leaf_value=-0.054353906216953567 1.7961614162271673 -0.38274750809777869 -0.070793568268418303 -0.17822089038401223 -0.043435701815877109 -0.043844899389147762 -0.012380688553323924
leaf_weight=20 21 21 23 23 39 24 1639
leaf_count=20 21 21 23 23 39 24 1639
internal_value=0.000444201 -0.0216235 -0.0171174 -0.123267 -0.0143986 -0.0135924 -0.0128639
internal_weight=1810 1789 1768 43 1725 1702 1663
internal_count=1810 1789 1768 43 1725 1702 1663
is_linear=0
shrinkage=0.05


Tree=18
num_leaves=7
num_cat=0
split_feature=16 14 7 2 7 15
split_gain=28690.5 2160.09 131.026 45.911 25.5389 7.74863
threshold=22.167770016386203 0.10060047779659347 0.097894009962400011 -0.056398131262691192 0.080107991792435218 0.035538260061816158
decision_type=2 2 2 2 2 2
left_child=-1 2 3 -2 5 -5
right_child=1 -3 -4 4 -6 -7
leaf_value=1.68255420665741 -0.078528878468054314 -0.41782070840106295 -0.12911782596558335 -0.011111335404710813 -0.062988202075660235 -0.025839189268347884
leaf_weight=24 26 33 24 1584 24 95
leaf_count=24 26 33 24 1584 24 95
internal_value=0.000448919 -0.0230811 -0.0154133 -0.0137584 -0.0127211 -0.0119625
internal_weight=1810 1786 1753 1729 1703 1679
internal_count=1810 1786 1753 1729 1703 1679
is_linear=0
shrinkage=0.05


Tree=19
num_leaves=7
num_cat=0
split_feature=2 14 16 0 6 14
split_gain=28531.3 1386.89 340.813 70.0786 56.5217 4.5342
threshold=-0.07537221034752789 0.071431165461478416 22.872489558755728 -0.056398131262691192 -0.058563655741167744 0.047064728118719056
decision_type=2 2 2 2 2 2
left_child=-1 2 -2 -4 -5 -6
right_child=1 -3 3 4 5 -7
leaf_value=1.7900984566861933 -0.19845632224082949 -0.32449606539429848 -0.093997933607405201 -0.092802763112953726 -0.0098455831594838044 -0.030318682523710384
leaf_weight=21 24 36 25 20 1657 27
leaf_count=21 24 36 25 20 1657 27
internal_value=0.00045207 -0.021541 -0.0151352 -0.0124744 -0.011221 -0.0101946
internal_weight=1810 1789 1753 1729 1704 1684
internal_count=1810 1789 1753 1729 1704 1684
is_linear=0
shrinkage=0.05


Tree=20
num_leaves=7
num_cat=0
split_feature=6 7 16 14 13 19
split_gain=26864.5 1278.97 282.565 199.212 46.1996 6.88408
threshold=-0.07537221034752789 0.11906096201226042 22.872489558755728 0.062085911740127758 0.90863570520424164 536061.50000000012
decision_type=2 2 2 2 2 2
left_child=-1 2 -2 4 -4 -6
right_child=1 -3 3 -5 5 -7
leaf_value=1.7370424831997267 -0.17618411518909316 -0.36242665542496577 -0.081704906004926428 -0.16623810871105113 -0.0098875313113946529 -0.03648019573390484
leaf_weight=21 26 26 22 20 1671 24
leaf_count=21 26 26 22 20 1671 24
internal_value=0.000457357 -0.0208836 -0.0156412 -0.0131353 -0.0112533 -0.0102883
internal_weight=1810 1789 1763 1737 1717 1695
internal_count=1810 1789 1763 1737 1717 1695
is_linear=0
shrinkage=0.05


Tree=21
num_leaves=8
num_cat=0
split_feature=1 14 16 2 15 21 7
split_gain=26783.9 1655.55 189.13 96.3506 7.75117 10.0884 5.25221
threshold=-0.078364069322920185 0.071431165461478416 22.872489558755728 -0.056398131262691192 0.035538260061816158 100.28499984741151 0.077822259361864501
decision_type=2 2 2 2 2 2 2
left_child=-1 2 -2 -4 6 -6 -5
right_child=1 -3 3 4 5 -7 -8
leaf_value=1.734435662139546 -0.15613648870716926 -0.34306323416722129 -0.10732560981924717 -0.0097526976306236933 -0.015250285795177607 -0.053819206004792987 0.014309049903556867
leaf_weight=21 22 38 25 1577 84 21 22
leaf_count=21 22 38 25 1577 84 21 22
internal_value=0.000458624 -0.0208503 -0.013663 -0.011758 -0.0102909 -0.0234462 -0.00940978
internal_weight=1810 1789 1751 1729 1704 105 1599
internal_count=1810 1789 1751 1729 1704 105 1599
is_linear=0
shrinkage=0.05


Tree=22
num_leaves=7
num_cat=0
split_feature=15 7 16 6 13 23
split_gain=26062.6 1520.41 237.656 109.606 98.0536 28.8047
threshold=0.18464176070000474 0.11906096201226042 22.872489558755728 -0.058563655741167744 0.90863570520424164 33.604999542236257
decision_type=2 2 2 2 2 2
left_child=1 2 -1 -4 -5 -6
right_child=-2 -3 3 4 5 -7
leaf_value=-0.16264607101540876 1.7109353236718612 -0.43367538999427452 -0.11927316069602967 -0.10445965602095904 -0.0092821594096140232 -0.06452845669768674
leaf_weight=26 21 21 23 27 1669 23
leaf_count=26 21 21 23 27 1669 23
internal_value=0.000464362 -0.0205557 -0.0154035 -0.0131109 -0.011619 -0.0100738
internal_weight=1810 1789 1768 1742 1719 1692
internal_count=1810 1789 1768 1742 1719 1692
is_linear=0
shrinkage=0.05


Tree=23
num_leaves=8
num_cat=0
split_feature=16 14 7 2 22 6 14
split_gain=26002.4 2715.73 147.412 87.1434 66.2337 56.6615 1.89942
threshold=22.167770016386203 0.10060047779659347 0.080107991792435218 -0.056398131262691192 1.0850000000000002 -0.056398131262691192 0.047064728118719056
decision_type=2 2 2 2 2 2 2
left_child=-1 2 3 -2 -4 -5 -7
right_child=1 -3 4 5 -6 6 -8
leaf_value=1.6018274372100831 -0.10965741153467785 -0.4645390382935019 -0.1647235055873448 -0.084196395295858387 -0.048512981144115605 -0.0080822578371648208 -0.021920127152250363
leaf_weight=24 21 33 20 24 33 1630 25
leaf_count=24 21 33 20 24 33 1630 25
internal_value=0.000462874 -0.0219376 -0.0133427 -0.0107492 -0.0946969 -0.00944464 -0.00830742
internal_weight=1810 1786 1753 1700 53 1679 1655
internal_count=1810 1786 1753 1700 53 1679 1655
is_linear=0
shrinkage=0.05


Tree=24
num_leaves=7
num_cat=0
split_feature=2 14 16 0 6 2
split_gain=25475.8 1626.69 470.963 92.4331 87.1189 4.17132
threshold=-0.07537221034752789 0.071431165461478416 22.872489558755728 -0.056398131262691192 -0.058563655741167744 -0.053016679018038693
decision_type=2 2 2 2 2 2
left_child=-1 2 -2 -4 -5 -6
right_child=1 -3 3 4 5 -7
leaf_value=1.6915622627735136 -0.22887213282585145 -0.3484208547203122 -0.10386148549616336 -0.11006884736674172 0.014569311973949277 -0.0078351330977204526
leaf_weight=21 24 36 25 20 20 1664
leaf_count=21 24 36 25 20 20 1664
internal_value=0.000458095 -0.0203239 -0.0133884 -0.0102638 -0.00882756 -0.00755759
internal_weight=1810 1789 1753 1729 1704 1684
internal_count=1810 1789 1753 1729 1704 1684
is_linear=0
shrinkage=0.05


Tree=25
num_leaves=7
num_cat=0
split_feature=17 15 16 13 6 2
split_gain=24362.5 1834.8 420.072 127.29 54.8495 44.6474
threshold=-0.019197408236528046 0.10731460376046861 22.872489558755728 0.90863570520424164 -0.056398131262691192 -0.053016679018038693
decision_type=2 2 2 2 2 2
left_child=-1 2 -2 -4 -5 -6
right_child=1 -3 3 4 5 -7
leaf_value=1.550506231892109 -0.21788627057075505 -0.39643937506712978 -0.1191683220204518 -0.080446034886494835 -0.07936452116139911 -0.0076138323527990132
leaf_weight=24 24 31 26 26 21 1658
leaf_count=24 24 31 26 26 21 1658
internal_value=0.000459682 -0.0212228 -0.0143702 -0.0114215 -0.00970657 -0.00856093
internal_weight=1810 1786 1755 1731 1705 1679
internal_count=1810 1786 1755 1731 1705 1679
is_linear=0
shrinkage=0.05


Tree=26
num_leaves=7
num_cat=0
split_feature=0 14 16 2 14 7
split_gain=23836.7 1907.7 258.292 129.109 12.8351 11.0469
threshold=-0.07537221034752789 0.071431165461478416 22.872489558755728 -0.056398131262691192 0.047064728118719056 0.080107991792435218
decision_type=2 2 2 2 2 2
left_child=-1 2 -2 -4 5 -5
right_child=1 -3 3 4 -6 -7
leaf_value=1.6362524312192743 -0.17841296201166901 -0.36552522743359589 -0.12031603712301989 -0.0079450459842798759 -0.040497674768810006 0.024286641122911266
leaf_weight=21 22 38 25 1649 29 26
leaf_count=21 22 38 25 1649 29 26
internal_value=0.000453803 -0.0196484 -0.0119351 -0.00971198 -0.00801673 -0.00742756
internal_weight=1810 1789 1751 1729 1704 1675
internal_count=1810 1789 1751 1729 1704 1675
is_linear=0
shrinkage=0.05


Tree=27
num_leaves=9
num_cat=0
split_feature=15 0 10 3 6 10 15 12
split_gain=24501.3 2020.47 420.216 136.002 60.426 52.9202 40.4621 8.50829
threshold=0.18464176070000474 -0.067704061917020636 0.89614433705734609 -0.022326640827797596 -0.058563655741167744 0.91621874240136447 0.020906132707157004 1.0747098966387909
decision_type=2 2 2 2 2 2 2 2
left_child=1 -1 3 -3 -4 6 -6 -7
right_child=-2 2 4 -5 5 7 -8 -9
leaf_value=-0.44919097737029756 1.6589020748571917 -0.070639451614447998 -0.091895944476127631 -0.25615187821063129 -0.11147876143189413 -0.0072432730511802854 -0.022091139084127336 0.024044530203946951
leaf_weight=26 21 20 21 21 20 1626 34 21
leaf_count=26 21 20 21 21 20 1626 34 21
internal_value=0.000456731 -0.0199239 -0.0133393 -0.169614 -0.00951932 -0.00844599 -0.0567135 -0.00682696
internal_weight=1810 1789 1763 41 1722 1701 54 1647
internal_count=1810 1789 1763 41 1722 1701 54 1647
is_linear=0
shrinkage=0.05


Tree=28
num_leaves=7
num_cat=0
split_feature=16 7 14 2 0 14
split_gain=23193.8 3130.71 424.462 96.5713 41.5466 18.1654
threshold=22.167770016386203 0.13686115767658516 0.071431165461478416 -0.056398131262691192 -0.056398131262691192 0.047064728118719056
decision_type=2 2 2 2 2 2
left_child=-1 2 3 -2 -5 -6
right_child=1 -3 -4 4 5 -7
leaf_value=1.5128623760223388 -0.1035811429112046 -0.55503692388534542 -0.23076387615366417 -0.076550891575488181 -0.0066777657710720278 -0.048078436644368422
leaf_weight=24 26 26 21 21 1666 26
leaf_count=24 26 26 21 21 1666 26
internal_value=0.00045168 -0.0207043 -0.0124972 -0.00972745 -0.00824042 -0.00734492
internal_weight=1810 1786 1760 1739 1713 1692
internal_count=1810 1786 1760 1739 1713 1692
is_linear=0
shrinkage=0.05


Tree=29
num_leaves=8
num_cat=0
split_feature=6 16 15 10 8 9 17
split_gain=23153.7 1964.31 926.804 175.638 18.4494 71.0865 8.33392
threshold=-0.07537221034752789 22.167770016386203 0.10731460376046861 0.89614433705734609 0.95765132834034239 0.93791981905916211 -0.015023094656050449
decision_type=2 2 2 2 2 2 2
left_child=-1 -2 3 -3 5 -5 -6
right_child=1 2 -4 4 6 -7 -8
leaf_value=1.612633209662004 -0.46868649999300643 -0.12127551479374664 -0.3039595353824121 0.013435819424031412 -0.034807410311574735 -0.097884295824170117 -0.0050665281135966449
leaf_weight=21 23 33 26 33 23 24 1627
leaf_count=21 23 33 26 33 23 24 1627
internal_value=0.000441858 -0.0193702 -0.0132537 -0.00873483 -0.00648652 -0.0342291 -0.00550496
internal_weight=1810 1789 1766 1740 1707 57 1650
internal_count=1810 1789 1766 1740 1707 57 1650
is_linear=0
shrinkage=0.05


Tree=30
num_leaves=7
num_cat=0
split_feature=2 7 16 15 6 17
split_gain=22280 1957.02 507.733 365.124 117.365 34.9513
threshold=-0.07537221034752789 0.13686115767658516 22.872489558755728 0.10530258806575717 -0.058563655741167744 -0.016805013607097345
decision_type=2 2 2 2 2 2
left_child=-1 2 -2 4 -4 -6
right_child=1 -3 3 -5 5 -7
leaf_value=1.5819173696908084 -0.2243973023151713 -0.48768734910271389 -0.12471375158854894 -0.21699235879594375 -0.069891025441632212 -0.0049510906709440772
leaf_weight=21 27 21 20 20 20 1681
leaf_count=21 27 21 20 20 20 1681
internal_value=0.000435484 -0.0189992 -0.0131568 -0.00975102 -0.00721512 -0.00575819
internal_weight=1810 1789 1768 1741 1721 1701
internal_count=1810 1789 1768 1741 1721 1701
is_linear=0
shrinkage=0.05


Tree=31
num_leaves=9
num_cat=0
split_feature=15 7 10 3 6 10 15 23
split_gain=22323.9 1999.59 369.841 199.621 75.459 59.9772 50.596 39.6231
threshold=0.18464176070000474 0.11906096201226042 0.89614433705734609 -0.022326640827797596 -0.056398131262691192 0.91621874240136447 0.020906132707157004 33.604999542236257
decision_type=2 2 2 2 2 2 2 2
left_child=1 2 3 -1 -4 6 -6 -7
right_child=-2 -3 4 -5 5 7 -8 -9
leaf_value=-0.037289134381072862 1.5834659541736951 -0.49278687813065275 -0.094032428803352219 -0.25368469322100284 -0.12072432185434515 -0.0055287587007955587 -0.020988897369708867 -0.07311884723280937
leaf_weight=20 21 21 25 23 20 1625 34 21
leaf_count=20 21 21 25 23 20 1625 34 21
internal_value=0.000425397 -0.0190284 -0.013123 -0.156284 -0.00946294 -0.00816179 -0.0595422 -0.00643799
internal_weight=1810 1789 1768 43 1725 1700 54 1646
internal_count=1810 1789 1768 43 1725 1700 54 1646
is_linear=0
shrinkage=0.05


Tree=32
num_leaves=7
num_cat=0
split_feature=0 14 2 16 6 13
split_gain=22115.1 2593.06 422.325 302.952 105.865 53.8711
threshold=-0.07537221034752789 0.10957098319548166 -0.058563655741167744 22.872489558755728 -0.058563655741167744 1.1526436956325747
decision_type=2 2 2 2 2 2
left_child=-1 2 -2 -4 -5 -6
right_child=1 -3 3 4 5 -7
leaf_value=1.576034426472404 -0.21613478188514712 -0.54643465765144517 -0.18556620011727018 -0.1132348470584206 -0.004145910774922954 -0.079613038145859419
leaf_weight=21 24 22 23 22 1675 23
leaf_count=21 24 22 23 22 1675 23
internal_value=0.000416422 -0.0189462 -0.0120705 -0.00913546 -0.00666686 -0.00521734
internal_weight=1810 1789 1767 1743 1720 1698
internal_count=1810 1789 1767 1743 1720 1698
is_linear=0
shrinkage=0.05


Tree=33
num_leaves=7
num_cat=0
split_feature=16 14 17 0 2 13
split_gain=21554.8 3467.56 586.328 246.349 156.884 11.0779
threshold=22.167770016386203 0.12514542862298914 0.026118930878330553 -0.058563655741167744 -0.058563655741167744 0.91806830140275431
decision_type=2 2 2 2 2 2
left_child=-1 2 3 -2 -5 -6
right_child=1 -3 -4 4 5 -7
leaf_value=1.4584015710830689 -0.17937652971063345 -0.65871107484613145 -0.26891058529642498 -0.13974207916043022 0.020007366638490651 -0.0059817740850569238
leaf_weight=24 20 20 21 21 41 1663
leaf_count=24 20 20 21 21 41 1663
internal_value=0.000406669 -0.019988 -0.0123829 -0.00914066 -0.00706123 -0.00534215
internal_weight=1810 1786 1766 1745 1725 1704
internal_count=1810 1786 1766 1745 1725 1704
is_linear=0
shrinkage=0.05


Tree=34
num_leaves=9
num_cat=0
split_feature=15 0 2 10 15 6 0 7
split_gain=21124.8 2227.45 896.971 84.9253 185.596 77.6974 51.3996 18.1885
threshold=0.18464176070000474 -0.067704061917020636 -0.067704061917020636 0.91621874240136447 0.020842749073137806 -0.056398131262691192 -0.0079199126385657986 0.080107991792435218
decision_type=2 2 2 2 2 2 2 2
left_child=1 -1 -3 4 -4 -5 -6 -7
right_child=-2 2 3 5 6 7 -8 -9
leaf_value=-0.46924677583906393 1.5403302624008872 -0.31521275197466214 -0.17065457913577559 -0.094238190681984024 -0.04818705272341945 -0.0042156354859477453 0.043626177686232108 0.041544619149909437
leaf_weight=26 21 23 24 23 34 1612 26 21
leaf_count=26 21 23 24 23 34 1612 26 21
internal_value=0.000392014 -0.018532 -0.01162 -0.00742536 -0.0561765 -0.00491705 -0.00825639 -0.00359904
internal_weight=1810 1789 1763 1740 84 1656 60 1633
internal_count=1810 1789 1763 1740 84 1656 60 1633
is_linear=0
shrinkage=0.05


Tree=35
num_leaves=7
num_cat=0
split_feature=2 7 15 10 6 10
split_gain=20444.7 2302.16 266.936 226.186 55.1421 34.52
threshold=-0.07537221034752789 0.11906096201226042 0.066883113602001873 0.89614433705734609 -0.056398131262691192 0.91621874240136447
decision_type=2 2 2 2 2 2
left_child=-1 2 3 -2 -5 -6
right_child=1 -3 -4 4 5 -7
leaf_value=1.5153339210423555 -0.14502747758229576 -0.4764402078699182 -0.17683739032285911 -0.078800517595731298 -0.045123857401293828 -0.0041030771593935826
leaf_weight=21 29 26 23 25 52 1634
leaf_count=21 29 26 23 25 52 1634
internal_value=0.000386322 -0.0182306 -0.011204 -0.00891139 -0.00651805 -0.00539721
internal_weight=1810 1789 1763 1740 1711 1686
internal_count=1810 1789 1763 1740 1711 1686
is_linear=0
shrinkage=0.05


Tree=36
num_leaves=7
num_cat=0
split_feature=0 14 16 2 6 0
split_gain=20341.5 2656.78 401.37 160.45 33.4072 14.9189
threshold=-0.07537221034752789 0.071431165461478416 22.872489558755728 -0.056398131262691192 -0.056398131262691192 -0.053016679018038693
decision_type=2 2 2 2 2 2
left_child=-1 2 -2 -4 -5 -6
right_child=1 -3 3 4 5 -7
leaf_value=1.5114985539696433 -0.2165945621158766 -0.42635436469927807 -0.12960330000290507 -0.060693744845115222 0.037332182067700406 -0.0041015443664191029
leaf_weight=21 22 38 25 25 21 1658
leaf_count=21 22 38 25 25 21 1658
internal_value=0.000382438 -0.0181874 -0.00908821 -0.00632132 -0.00443472 -0.00355843
internal_weight=1810 1789 1751 1729 1704 1679
internal_count=1810 1789 1751 1729 1704 1679
is_linear=0
shrinkage=0.05


Tree=37
num_leaves=7
num_cat=0
split_feature=17 14 16 10 14 19
split_gain=19876.9 2455.52 569.381 171.362 84.5391 33.9058
threshold=-0.019197408236528046 0.10060047779659347 22.872489558755728 0.89614433705734609 0.052822291455823213 537322.50000000012
decision_type=2 2 2 2 2 2
left_child=-1 2 -2 -4 5 -5
right_child=1 -3 3 4 -6 -7
leaf_value=1.4004801770925521 -0.24886330919265751 -0.49242199597535308 -0.1504955637171155 -0.0046147466371460359 -0.098060153937852015 -0.068576401781645563
leaf_weight=24 24 26 20 1672 24 20
leaf_count=24 24 26 20 1672 24 20
internal_value=0.000382408 -0.0192023 -0.011933 -0.00851323 -0.00676883 -0.00541381
internal_weight=1810 1786 1760 1736 1716 1692
internal_count=1810 1786 1760 1736 1716 1692
is_linear=0
shrinkage=0.05


Tree=38
num_leaves=8
num_cat=0
split_feature=6 0 10 12 22 10 6
split_gain=19922.9 2316.18 491.685 199.992 99.2843 67.6377 40.1753
threshold=-0.07537221034752789 -0.067704061917020636 0.89614433705734609 1.0862978304120767 1.5350000000000004 0.91077665503887506 -0.053016679018038693
decision_type=2 2 2 2 2 2 2
left_child=-1 -2 4 5 -3 -4 -7
right_child=1 2 3 -5 -6 6 -8
leaf_value=1.4958587638898331 -0.48649635938497693 -0.2548955019089309 -0.069149625114630908 -0.1473638589859009 -0.092984383645511814 0.062276129857029607 -0.0042608879956669227
leaf_weight=21 25 21 39 24 20 22 1638
leaf_count=21 25 21 39 24 20 22 1638
internal_value=0.000371777 -0.0180059 -0.0110916 -0.00696423 -0.180128 -0.00489249 -0.0033391
internal_weight=1810 1789 1764 1723 41 1699 1660
internal_count=1810 1789 1764 1723 41 1699 1660
is_linear=0
shrinkage=0.05


Tree=39
num_leaves=7
num_cat=0
split_feature=16 6 15 2 0 6
split_gain=19417.8 4195.38 1008.28 255.398 122.125 19.3557
threshold=22.167770016386203 -0.07537221034752789 0.10731460376046861 -0.058563655741167744 -0.056398131262691192 -0.053016679018038693
decision_type=2 2 2 2 2 2
left_child=-1 -2 3 -3 -5 -6
right_child=1 2 -4 4 5 -7
leaf_value=1.3842012632369995 -0.72155068408875245 -0.16790161858002348 -0.31383752231244694 -0.10915065511509224 0.041701785165071489 -0.0026146114057700328
leaf_weight=24 20 23 26 26 24 1667
leaf_count=24 20 23 26 26 24 1667
internal_value=0.000366383 -0.0189908 -0.0106276 -0.00591633 -0.00364709 -0.00195841
internal_weight=1810 1786 1766 1740 1717 1691
internal_count=1810 1786 1766 1740 1717 1691
is_linear=0
shrinkage=0.05


Tree=40
num_leaves=12
num_cat=0
split_feature=15 7 11 17 0 19 6 8 17 12 15
split_gain=19729.3 2567.72 315.889 352.908 191.109 38.5693 38.2127 22.4612 53.7544 17.7365 11.4992
threshold=0.18464176070000474 0.11906096201226042 0.89018017498209301 -0.0094266791001986483 -0.0093284304235812989 443727.00000000006 -0.056398131262691192 0.95765132834034239 -0.0086696891418384988 0.96246680005896323 0.04867062966246636
decision_type=2 2 2 2 2 2 2 2 2 2 2
left_child=1 2 3 4 -1 9 -4 8 -8 -5 -9
right_child=-2 -3 6 5 -6 -7 7 10 -10 -11 -12
leaf_value=-0.30353723075579514 1.4885535476424478 -0.55479053616523755 -0.072277224901176634 0.036988905960516565 -0.097125972408318412 -0.071545706204737408 0.015220582403919915 -0.0038944625477417209 -0.097117405658853906 -0.020267628450191727 0.033338987777630495
leaf_weight=21 21 21 20 20 26 27 21 1556 20 37 20
leaf_count=21 21 21 20 20 26 27 21 1556 20 37 20
internal_value=0.000350574 -0.0179376 -0.0112481 -0.0856584 -0.193859 -0.0234904 -0.00524175 -0.00436537 -0.040467 2.7537e-05 -0.00339795
internal_weight=1810 1789 1768 131 47 84 1637 1617 41 57 1576
internal_count=1810 1789 1768 131 47 84 1637 1617 41 57 1576
is_linear=0
shrinkage=0.05


Tree=41
num_leaves=7
num_cat=0
split_feature=1 15 16 17 7 24
split_gain=18673.3 2958.55 690.424 320.71 59.5649 39.408
threshold=-0.078364069322920185 0.11533819666538792 22.872489558755728 -0.017799870415841246 0.089183677402210573 8.3472000000000026
decision_type=2 2 2 2 2 2
left_child=-1 2 -2 -4 5 -5
right_child=1 -3 3 4 -6 -7
leaf_value=1.4481700033491309 -0.26085563168481546 -0.56886432200670245 -0.20026843017765456 -0.0035993936301491913 0.06390227950265398 -0.048246161367917692
leaf_weight=21 26 23 20 1639 31 50
leaf_count=21 26 23 20 1639 31 50
internal_value=0.000342115 -0.0174498 -0.00994761 -0.00604786 -0.00367152 -0.00495181
internal_weight=1810 1789 1766 1740 1720 1689
internal_count=1810 1789 1766 1740 1720 1689
is_linear=0
shrinkage=0.05


Tree=42
num_leaves=7
num_cat=0
split_feature=15 0 16 17 7 7
split_gain=18347.8 2777.16 597.578 290.083 41.0318 51.601
threshold=0.18464176070000474 -0.067704061917020636 22.872489558755728 -0.017799870415841246 0.089183677402210573 0.067912156687949157
decision_type=2 2 2 2 2 2
left_child=1 -1 -3 -4 5 -5
right_child=-2 2 3 4 -6 -7
leaf_value=-0.52056203665556733 1.4354908529194919 -0.24752578686206386 -0.19073183776367281 -0.0035255188513818002 0.053240715422547394 -0.064891702634681553
leaf_weight=26 21 25 20 1654 30 34
leaf_count=26 21 25 20 1654 30 34
internal_value=0.000336336 -0.0172998 -0.0095842 -0.00601831 -0.00375537 -0.00480222
internal_weight=1810 1789 1763 1738 1718 1688
internal_count=1810 1789 1763 1738 1718 1688
is_linear=0
shrinkage=0.05


Tree=43
num_leaves=7
num_cat=0
split_feature=16 15 0 17 6 12
split_gain=18017.6 4777.99 1015.7 234.512 60.0639 29.8949
threshold=22.167770016386203 0.18464176070000474 -0.067704061917020636 -0.017799870415841246 -0.058563655741167744 1.0747098966387909
decision_type=2 2 2 2 2 2
left_child=-1 2 -2 -4 -5 -6
right_child=1 -3 3 4 5 -7
leaf_value=1.333338046836853 -0.34701051581989639 -0.7680689820789155 -0.16373580032068752 -0.079949089813232427 -0.0026307528519089914 0.056028932548043399
leaf_weight=24 21 20 22 24 1678 21
leaf_count=24 21 20 22 24 1678 21
internal_value=0.000331708 -0.0183143 -0.00939065 -0.00512832 -0.00300645 -0.00187023
internal_weight=1810 1786 1766 1745 1723 1699
internal_count=1810 1786 1766 1745 1723 1699
is_linear=0
shrinkage=0.05


Tree=44
num_leaves=7
num_cat=0
split_feature=17 15 16 0 7 7
split_gain=17508.3 2744.16 842.87 280.305 26.3862 45.1662
threshold=-0.019197408236528046 0.11533819666538792 22.872489558755728 -0.058563655741167744 0.089183677402210573 0.067912156687949157
decision_type=2 2 2 2 2 2
left_child=-1 2 -2 -4 5 -5
right_child=1 -3 3 4 -6 -7
leaf_value=1.3143457816123965 -0.29878995828628541 -0.52799747132338004 -0.18371993091973393 -0.0037182228969847731 0.044935764713143866 -0.062811207144210734
leaf_weight=24 24 25 21 1658 26 32
leaf_count=24 24 25 21 1658 26 32
internal_value=0.000315343 -0.0180652 -0.0105276 -0.00637219 -0.00409321 -0.00487658
internal_weight=1810 1786 1761 1737 1716 1690
internal_count=1810 1786 1761 1737 1716 1690
is_linear=0
shrinkage=0.05


end of trees

feature_importances:
Ret_Lag_10=33
Ret_Lag_1=30
RSI_14=30
Return=29
Rolling_Std_10=28
Rolling_Std_20=28
Daily_Range_Pct=27
Close_to_MA_20=15
MACD_Pct=13
Close_to_EMA_20=10
Close_to_EMA_10=5
Log_Return=4
Ret_Lag_2=3
EIA_Crude_Inventory=3
VIX=3
Close_to_MA_5=2
Close_to_MA_50=2
US_10Y_Yield=2
Close_to_MA_10=1
USD_Index=1
CPI_Inflation=1

parameters:
[boosting: gbdt]
[objective: regression]
[metric: l2]
[tree_learner: serial]
[device_type: cpu]
[data_sample_strategy: bagging]
[data: ]
[valid: ]
[num_iterations: 200]
[learning_rate: 0.05]
[num_leaves: 31]
[num_threads: 20]
[seed: 42]
[deterministic: 0]
[force_col_wise: 0]
[force_row_wise: 0]
[histogram_pool_size: -1]
[max_depth: 6]
[min_data_in_leaf: 20]
[min_sum_hessian_in_leaf: 0.001]
[bagging_fraction: 0.8]
[pos_bagging_fraction: 1]
[neg_bagging_fraction: 1]
[bagging_freq: 0]
[bagging_seed: 400]
[bagging_by_query: 0]
[feature_fraction: 0.8]
[feature_fraction_bynode: 1]
[feature_fraction_seed: 30056]
[extra_trees: 0]
[extra_seed: 12879]
[early_stopping_round: 0]
[early_stopping_min_delta: 0]
[first_metric_only: 0]
[max_delta_step: 0]
[lambda_l1: 0.1]
[lambda_l2: 1]
[linear_lambda: 0]
[min_gain_to_split: 0]
[drop_rate: 0.1]
[max_drop: 50]
[skip_drop: 0.5]
[xgboost_dart_mode: 0]
[uniform_drop: 0]
[drop_seed: 17869]
[top_rate: 0.2]
[other_rate: 0.1]
[min_data_per_group: 100]
[max_cat_threshold: 32]
[cat_l2: 10]
[cat_smooth: 10]
[max_cat_to_onehot: 4]
[top_k: 20]
[monotone_constraints: ]
[monotone_constraints_method: basic]
[monotone_penalty: 0]
[feature_contri: ]
[forcedsplits_filename: ]
[refit_decay_rate: 0.9]
[cegb_tradeoff: 1]
[cegb_penalty_split: 0]
[cegb_penalty_feature_lazy: ]
[cegb_penalty_feature_coupled: ]
[path_smooth: 0]
[interaction_constraints: ]
[verbosity: -1]
[saved_feature_importance_type: 0]
[use_quantized_grad: 0]
[num_grad_quant_bins: 4]
[quant_train_renew_leaf: 0]
[stochastic_rounding: 1]
[linear_tree: 0]
[max_bin: 255]
[max_bin_by_feature: ]
[min_data_in_bin: 3]
[bin_construct_sample_cnt: 200000]
[data_random_seed: 175]
[is_enable_sparse: 1]
[enable_bundle: 1]
[use_missing: 1]
[zero_as_missing: 0]
[feature_pre_filter: 1]
[pre_partition: 0]
[two_round: 0]
[header: 0]
[label_column: ]
[weight_column: ]
[group_column: ]
[ignore_column: ]
[categorical_feature: ]
[forcedbins_filename: ]
[precise_float_parser: 0]
[parser_config_file: ]
[objective_seed: 16083]
[num_class: 1]
[is_unbalance: 0]
[scale_pos_weight: 1]
[sigmoid: 1]
[boost_from_average: 1]
[reg_sqrt: 0]
[alpha: 0.9]
[fair_c: 1]
[poisson_max_delta_step: 0.7]
[tweedie_variance_power: 1.5]
[lambdarank_truncation_level: 30]
[lambdarank_norm: 1]
[label_gain: ]
[lambdarank_position_bias_regularization: 0]
[eval_at: ]
[multi_error_top_k: 1]
[auc_mu_weights: ]
[num_machines: 1]
[local_listen_port: 12400]
[time_out: 120]
[machine_list_filename: ]
[machines: ]
[gpu_platform_id: -1]
[gpu_device_id: -1]
[gpu_device_id_list: ]
[gpu_use_dp: 0]
[num_gpu: 1]

end of parameters

pandas_categorical:[]
