tree
version=v4
num_class=1
num_tree_per_iteration=1
label_index=0
max_feature_idx=25
objective=regression
feature_names=Return Log_Return Ret_Lag_1 Ret_Lag_2 Ret_Lag_3 Ret_Lag_5 Ret_Lag_10 Daily_Range_Pct Close_to_MA_5 Close_to_MA_10 Close_to_MA_20 Close_to_MA_50 Close_to_EMA_10 Close_to_EMA_20 Rolling_Std_10 Rolling_Std_20 RSI_14 MACD_Pct Volume_to_MA_10 EIA_Crude_Inventory US_Rig_Count USD_Index US_10Y_Yield VIX CPI_Inflation OPEC_Production
feature_infos=[-0.99945265463878241:1000.0000228881836] [-7.5104305814334893:6.9087548021805389] [-0.99945265463878241:1000.0000228881836] [-0.99945265463878241:1000.0000228881836] [-0.99945265463878241:1000.0000228881836] [-0.99945265463878241:1000.0000228881836] [-0.99945265463878241:1000.0000228881836] [0.0083536294793647992:1784.0000381469724] [0.00063995902012410003:1.4797344852633123] [0.0005133997267981:1.4539841552591597] [0.00046727879981480001:1.5269670948329741] [0.00029838810814999999:1.5922540838875798] [0.00057339711350370005:1.3303027267290908] [0.00046582756044130001:1.3470234504852556] [0.0058608158131277996:316.27152822580433] [0.0074630450429006004:223.62115619093399] [13.331281508840434:83.896914726101471] [-89.405824856286031:0.075284306871814699] [0:2.7565734898736189] [394137:540722] [250:1077] [88.589996337890597:114.11000061035099] [0.52000000000000002:4.25] [9.1400003433227504:82.690002441406193] [0.19819999999999999:8.9794] [26.25830086301988:36.13391069951679]
tree_sizes=2755 2826 2840 2849 2852 2851 2849 2596 2851 2769 2852

Tree=0
num_leaves=31
num_cat=0
split_feature=20 11 19 25 21 11 20 23 19 22 19 11 19 25 19 21 25 25 11 17 19 20 11 25 14 22 19 16 19 21
split_gain=49.199 13.8039 12.9955 7.97466 4.32225 4.87596 3.71961 3.64524 3.55859 2.83349 2.49451 2.20651 2.14791 1.92045 1.56557 0.966099 0.806071 0.728383 0.603304 0.594302 0.518901 0.638353 0.512864 0.473142 0.463776 0.307702 0.148473 0.101204 0.0663926 0.0497685
threshold=617.50000000000011 0.91387451045935553 450432.50000000006 33.394593931848625 96.094997406005859 0.78494728264815883 385.50000000000006 14.920000076293901 435571.00000000006 2.8150000000000004 505690.50000000006 1.0035877910048072 418057.50000000006 35.549890103399783 495697.50000000006 97.63499832153316 29.229325637463724 35.467212688581476 1.125463983697353 0.0052841918931481506 433131.00000000006 807.00000000000011 1.1004773673421369 34.535066498360372 0.013842521079222151 1.2650000000000003 432936.50000000006 58.391741303904567 439647.00000000006 95.525001525878864
decision_type=2 2 2 2 2 2 2 2 2 2 2 2 2 2 2 2 2 2 2 2 2 2 2 2 2 2 2 2 2 2
left_child=1 14 3 7 -4 -6 10 20 18 23 27 17 29 -14 -1 -9 -10 -7 26 -13 -2 -22 -12 -5 -17 -18 -8 -3 -25 -11
right_child=2 6 4 9 5 11 8 15 16 12 22 19 13 -15 -16 24 25 -19 -20 -21 21 -23 -24 28 -26 -27 -28 -29 -30 -31
leaf_value=0.088107923330170743 0.060813326646879461 0.085628350223761612 0.077386519364014417 0.069374507524052775 0.084533763709943352 0.071322758587925666 0.082044489868849657 0.068924795439128286 0.076827880745263408 0.062317675592874912 0.079855489058407933 0.066086108853895334 0.066326648369800525 0.072020787859794558 0.10126773215595036 0.05867121059821831 0.075606491737133838 0.076937003294423364 0.074835303583913756 0.07045332318644458 0.059854701778107214 0.051182824017503237 0.074805405684625112 0.072511604952559011 0.063927255830394519 0.07169196698749325 0.078115668074086458 0.082164378499903504 0.074301236843622179 0.065570786709298126
leaf_weight=25 29 53 112 39 20 119 63 35 43 70 33 118 140 84 21 21 20 24 20 40 21 30 50 56 167 142 24 51 36 20
leaf_count=25 29 53 112 39 20 119 63 35 43 70 33 118 140 84 21 21 20 24 20 40 21 30 50 56 167 142 24 51 36 20
internal_value=0.0716465 0.0790945 0.0682061 0.0658139 0.0723356 0.0705702 0.0776084 0.0620608 0.075566 0.0683919 0.0809612 0.0695929 0.066849 0.0684675 0.0946819 0.0641185 0.0732176 0.0722744 0.0799814 0.0671584 0.0565257 0.0544005 0.0769228 0.0720757 0.0632587 0.072215 0.0810806 0.0840746 0.0732652 0.0629329
internal_weight=1726 545 1181 748 433 321 499 303 312 445 187 301 314 224 46 223 205 143 107 158 80 51 83 131 188 162 87 104 92 90
internal_count=1726 545 1181 748 433 321 499 303 312 445 187 301 314 224 46 223 205 143 107 158 80 51 83 131 188 162 87 104 92 90
is_linear=0
shrinkage=1


Tree=1
num_leaves=31
num_cat=0
split_feature=20 11 19 25 24 23 22 20 19 19 19 21 7 25 24 19 25 20 11 19 20 25 11 13 22 25 20 16 19 11
split_gain=46.3801 13.0273 12.2695 7.75172 6.31926 4.26015 4.2143 3.5025 3.35266 2.34706 1.4742 1.44471 1.39142 2.12176 0.988332 0.789553 0.758882 0.704717 0.566382 0.554655 0.613569 0.497137 0.482654 0.296597 0.270098 0.239791 0.206941 0.146042 0.137275 0.121053
threshold=617.50000000000011 0.91387451045935553 453323.50000000006 33.394593931848625 2.4666000000000001 14.920000076293901 2.3750000000000004 385.50000000000006 435571.00000000006 505690.50000000006 495697.50000000006 97.63499832153316 0.059031675861838058 35.467212688581476 2.1619000000000006 494584.00000000006 29.229325637463724 1049.0000000000002 1.125463983697353 433131.00000000006 807.00000000000011 34.535066498360372 1.1004773673421369 0.98549714017465584 3.6150000000000007 32.727415510869164 916.50000000000011 41.116860072830129 432936.50000000006 1.0178822923513777
decision_type=2 2 2 2 2 2 2 2 2 2 2 2 2 2 2 2 2 2 2 2 2 2 2 2 2 2 2 2 2 2
left_child=1 10 3 5 21 19 12 9 18 -3 -1 -7 13 -4 29 24 -10 -6 28 -2 -21 -5 -11 -18 -16 -13 -15 -19 -9 -8
right_child=2 7 6 4 17 11 14 8 16 22 -12 25 -14 26 15 -17 23 27 -20 20 -22 -23 -24 -25 -26 -27 -28 -29 -30 -31
leaf_value=0.015986535519361494 -0.010519049534201623 0.012063067264216285 -0.00096225049467522266 -0.0020033540473761969 -0.0047955351066810625 -0.0016396050762907579 -0.0023177377209067343 0.010090886291116475 0.0050294340869242501 0.0079699244604391206 0.028772949798540632 -0.0093923721988995873 0.01113154544840966 0.0024033618830144403 0.0034966320134915546 -0.0036106186007581111 0.0027295434598677924 -0.0052146117117093955 0.0030976569993155342 -0.011454162467609753 -0.019722607056299843 0.0013803109199638382 0.0030659587005262864 -0.00017668135580988447 -0.00043486380804744028 -0.006777660439532358 0.0059711723510921001 -0.008899357995865019 0.0062828180032968523 -0.0054950636603511294
leaf_weight=25 29 104 77 49 132 40 20 63 43 33 21 89 20 23 34 40 41 22 20 21 35 172 50 121 26 102 99 87 24 64
leaf_count=25 29 104 77 49 132 40 20 63 43 33 21 89 20 23 34 40 41 22 20 21 35 172 50 121 26 102 99 87 24 64
internal_value=0 0.00723249 -0.00333944 -0.00553848 -0.0030416 -0.0091584 0.00090163 0.00578856 0.00380613 0.00904236 0.0223756 -0.00696826 0.00371139 0.00289871 -0.00242836 -0.000370243 0.00152612 -0.00639209 0.00809202 -0.0149253 -0.0169299 0.000610928 0.00512311 0.000552673 0.0017646 -0.00805423 0.00534795 -0.00823709 0.00915781 -0.00481002
internal_weight=1726 545 1181 778 462 316 403 499 312 187 46 231 219 199 184 100 205 241 107 85 56 221 83 162 60 191 122 109 87 84
internal_count=1726 545 1181 778 462 316 403 499 312 187 46 231 219 199 184 100 205 241 107 85 56 221 83 162 60 191 122 109 87 84
is_linear=0
shrinkage=0.03


Tree=2
num_leaves=31
num_cat=0
split_feature=20 11 19 25 24 21 11 20 19 25 25 19 11 19 20 25 20 25 11 17 11 25 22 16 19 16 19 20 14 16
split_gain=43.7154 12.2964 11.5724 7.09557 5.76162 3.85691 4.43999 3.29588 3.15972 2.7083 2.51203 2.20539 1.97346 1.38803 0.814172 0.714904 0.649049 0.642703 0.531672 0.531282 0.454194 0.421597 0.290556 0.135175 0.126825 0.104609 0.0814084 0.0341502 0.0121174 0.00651254
threshold=617.50000000000011 0.91387451045935553 450432.50000000006 33.394593931848625 2.4666000000000001 96.094997406005859 0.78494728264815883 385.50000000000006 435571.00000000006 33.197614827464761 32.123304830393757 505690.50000000006 1.0035877910048072 495697.50000000006 649.00000000000011 29.229325637463724 1049.0000000000002 35.467212688581476 1.125463983697353 0.0052841918931481506 1.1004773673421369 34.535066498360372 1.2650000000000003 41.116860072830129 432936.50000000006 58.391741303904567 436223.00000000006 943.50000000000011 0.026865928516012404 64.535692910014362
decision_type=2 2 2 2 2 2 2 2 2 2 2 2 2 2 2 2 2 2 2 2 2 2 2 2 2 2 2 2 2 2
left_child=1 13 3 9 21 27 -7 11 18 10 -2 25 17 -1 -12 -10 28 -8 24 -14 -13 -5 -17 -18 -9 -3 -23 -4 -6 -22
right_child=2 7 5 4 16 6 12 8 15 -11 14 20 19 -15 -16 22 23 -19 -20 -21 29 26 -24 -25 -26 -27 -28 -29 -30 -31
leaf_value=0.015525386246351094 -0.017327279850840566 0.013214933918582066 0.0046528502943020472 -0.0021469765809131783 -0.0041685601008813024 0.012311428265912193 -0.00030298518621711988 0.0097928898939862834 0.0048819804540411998 -0.016585478388346158 -0.0008907193858592238 0.0077378590001779442 -0.0052621645252494253 0.02794899717515165 -0.0074334270135319952 0.0038311004340648648 -0.0050649749636650079 0.0049697271752357488 0.0030091525103364673 -0.0011272903824361357 0.0035582186579704283 0.00065308727095764348 2.738883553098861e-05 -0.0086354111080819904 0.0061018728840351102 0.0098534400612115842 0.0020702372649085842 0.0065074682142152339 -0.0056395702075213196 0.0019815919442183298
leaf_weight=25 23 53 70 39 91 20 119 63 43 38 20 33 118 21 222 20 22 24 20 40 28 98 142 87 24 51 69 42 39 22
leaf_count=25 23 53 70 39 91 20 119 63 43 38 20 33 118 21 222 20 22 24 20 40 28 98 142 87 24 51 69 42 39 22
internal_value=0 0.00702204 -0.00324169 -0.00549914 -0.00306683 0.000654797 -0.0010124 0.005619 0.0036954 -0.00903963 -0.00788802 0.00877573 -0.00194547 0.0217349 -0.00691094 0.00148144 -0.00622709 0.000589479 0.00785633 -0.0042479 0.00497443 0.000597552 0.000536011 -0.00799464 0.00888968 0.0117046 0.00126531 0.00542631 -0.00467245 0.00297578
internal_weight=1726 545 1181 748 445 433 321 499 312 303 265 187 301 46 242 205 239 143 107 158 83 206 162 109 87 104 167 112 130 50
internal_count=1726 545 1181 748 445 433 321 499 312 303 265 187 301 46 242 205 239 143 107 158 83 206 162 109 87 104 167 112 130 50
is_linear=0
shrinkage=0.03


Tree=3
num_leaves=31
num_cat=0
split_feature=22 21 14 22 22 24 24 23 25 15 21 25 14 11 24 25 22 11 25 15 24 13 23 25 25 24 13 15 17 14
split_gain=40.5403 12.846 8.98658 7.27058 5.02663 3.37861 2.70436 2.24841 2.19666 2.6262 2.05922 1.52546 1.14097 1.00092 0.917221 1.06596 0.729924 0.700409 0.670499 0.602854 0.442068 0.410944 0.353307 0.344397 0.33673 0.313761 0.287737 0.124424 0.0915609 0.0346584
threshold=1.4950000000000003 97.155002593994126 0.098211494507163613 2.8150000000000004 1.9750000000000003 2.4666000000000001 7.0124500000000003 13.335000038146902 32.406870914317786 0.026812577204834206 96.344997406005859 32.406870914317786 0.014534995594155003 1.0035877910048072 1.6552000000000002 30.579328867968339 2.4250000000000003 1.0833933187950191 27.404090617515546 0.033762632369090904 6.3198000000000016 1.0164718259434131 16.095000267028755 35.418538988178604 33.394593931848625 8.2272000000000016 0.99124808997741887 0.029647831446228155 0.0015549941783759502 0.015945289500918402
decision_type=2 2 2 2 2 2 2 2 2 2 2 2 2 2 2 2 2 2 2 2 2 2 2 2 2 2 2 2 2 2
left_child=2 3 8 10 7 29 13 28 9 14 16 -9 -12 20 18 -16 17 -2 -1 -10 -6 -11 -13 -7 -15 -8 -14 -27 -3 -5
right_child=1 4 -4 5 6 23 25 11 19 21 12 22 26 24 15 -17 -18 -19 -20 -21 -22 -23 -24 -25 -26 27 -28 -29 -30 -31
leaf_value=0.0049405684039780969 0.0049944443246720573 -0.01182606139300125 0.022954584161977508 7.1171798147535011e-06 0.0002338897999451386 -0.0087856805586992801 -0.0051437110927667513 -0.0148157965649258 -0.0021430518176745283 0.015163963404741691 -0.0056221330240368841 -0.0075608896265365174 0.0029393989906114737 -0.00012378954940608569 0.0022234944153127776 0.0093534643964634998 0.00080640833843790454 0.001696448242228807 0.01048891423402294 0.0041173228672705597 -0.0036714880100917071 0.0095319835787469678 -0.0035551354902614235 -0.0053046283496713097 -0.0044721245578555171 -0.01040093049287796 -0.00089866791204549362 -0.0069898065072071698 -0.017673725788082392 0.0014040178571761185
leaf_weight=37 225 20 36 33 135 66 88 21 21 46 35 49 33 20 72 26 78 84 61 35 31 32 45 65 128 24 34 78 27 41
leaf_count=37 225 20 36 33 135 66 88 21 21 46 35 49 33 20 72 26 78 84 61 35 31 32 45 65 128 24 34 78 27 41
internal_value=1.0673e-06 -0.00238334 0.00885169 0.000469357 -0.00535672 -0.00425503 -0.00385582 -0.00995546 0.00723943 0.00834609 0.00246069 -0.00753042 -0.0013001 -0.00212121 0.00640565 0.00422079 0.00346043 0.00411594 0.0084955 0.00172064 -0.000495081 0.0130413 -0.00573243 -0.00713444 -0.00390942 -0.00668067 0.000963032 -0.00791474 -0.0155461 0.000829476
internal_weight=1726 1360 366 694 666 205 504 162 330 274 489 115 102 314 196 98 387 309 98 56 166 78 94 131 148 190 67 102 47 74
internal_count=1726 1360 366 694 666 205 504 162 330 274 489 115 102 314 196 98 387 309 98 56 166 78 94 131 148 190 67 102 47 74
is_linear=0
shrinkage=0.03


Tree=4
num_leaves=31
num_cat=0
split_feature=20 19 13 25 24 23 22 23 22 19 15 21 10 25 22 19 21 20 20 24 25 13 25 15 20 19 20 15 19 15
split_gain=38.9949 10.3353 9.57319 6.52915 5.32644 3.66029 3.5932 3.2472 1.36559 1.41698 2.02967 1.20727 1.18998 1.85113 0.850718 0.785165 0.772173 0.594004 0.461931 0.399944 0.365044 0.322632 0.203325 0.180283 0.175688 0.156443 0.11653 0.10778 0.0890051 0.0848152
threshold=617.50000000000011 452811.00000000006 0.9174786660909221 33.394593931848625 2.4666000000000001 14.920000076293901 2.3750000000000004 17.095000267028755 1.5250000000000001 532344.00000000012 0.025317320731335354 97.63499832153316 0.91824183582419272 35.467212688581476 3.2950000000000004 437468.50000000006 96.874999999999957 1049.0000000000002 807.00000000000011 3.4717500000000006 34.535066498360372 1.0235109693163129 32.727415510869164 0.020993406714423502 916.50000000000011 521648.50000000006 1059.5000000000002 0.023163454997650504 436223.00000000006 0.016160417266404405
decision_type=2 2 2 2 2 2 2 2 2 2 2 2 2 2 2 2 2 2 2 2 2 2 2 2 2 2 2 2 2 2
left_child=2 3 -1 5 20 18 12 15 9 10 -9 -7 -3 -14 16 -4 -8 -6 -2 -10 29 27 -13 -16 -15 -18 -19 -17 -22 -5
right_child=1 6 7 4 17 11 14 8 19 -11 -12 22 13 24 23 21 25 26 -20 -21 28 -23 -24 -25 -26 -27 -28 -29 -30 -31
leaf_value=0.023470168713865609 -0.010729934430399607 0.010098307100410403 0.0054236164943260307 -0.0029351648452877999 -0.0043739199433055582 -0.001502501662880205 0.0018697745587144578 0.0066908509996503789 0.00088698138597030792 0.0026976058715727272 0.012471004839055239 -0.0086124041780829431 -0.00099934721591446972 0.002187919949181378 -0.00037007868925816029 0.00014275749662192539 -0.0049188183515479688 -0.0081604565402557099 -0.016339815671471032 0.0051604889533104926 0.00060988509704034311 -0.0016412522420287132 -0.0061933127493480015 0.003169382622973485 0.0054918805041164155 -0.0019526568733983566 -0.0048514741491526361 0.0030928137872316356 0.002055078041497618 -0.00013481236571013662
leaf_weight=28 42 21 33 24 132 40 20 150 30 40 95 89 76 23 28 23 94 86 43 73 98 47 102 21 99 26 23 26 74 20
leaf_count=28 42 21 33 24 132 40 20 150 30 40 95 89 76 23 28 23 94 86 43 73 98 47 102 21 99 26 23 26 74 20
internal_value=6.16098e-07 -0.00306061 0.00663315 -0.00509793 -0.00278565 -0.00841315 0.000795015 0.00567194 0.00704244 0.00812635 0.00898591 -0.00638203 0.00340869 0.00263693 -0.00221974 0.00150427 -0.00340953 -0.0058435 -0.0137598 0.00396512 0.000623499 8.40417e-05 -0.00737514 0.00111988 0.00491624 -0.00432239 -0.00753996 0.00179864 0.00125728 -0.00176023
internal_weight=1726 1181 545 773 457 316 408 517 388 285 245 231 219 198 189 129 140 241 85 103 216 96 191 49 122 120 109 49 172 44
internal_count=1726 1181 545 773 457 316 408 517 388 285 245 231 219 198 189 129 140 241 85 103 216 96 191 49 122 120 109 49 172 44
is_linear=0
shrinkage=0.03


Tree=5
num_leaves=31
num_cat=0
split_feature=22 21 11 22 19 24 22 11 19 24 21 25 25 23 11 11 24 11 22 11 21 21 11 17 25 17 23 19 19 24
split_gain=36.1033 11.4392 7.4684 6.45092 5.52912 2.99301 2.71185 1.86001 1.92841 1.94261 1.85134 1.51558 1.87902 1.19793 1.02687 1.01558 0.772047 0.712539 0.651144 0.62552 0.502751 0.324888 0.315515 0.310826 0.310376 0.29249 0.289736 0.134849 0.111217 0.0898944
threshold=1.4950000000000003 97.155002593994126 0.60400812386373481 2.8150000000000004 452515.00000000006 2.4666000000000001 1.9750000000000003 1.0194107630587992 469150.50000000006 5.3234000000000012 96.344997406005859 33.197614827464761 31.970069557277061 17.695000648498503 1.0439008724810257 1.0035877910048072 8.2272000000000016 1.15803136677906 2.4550000000000005 1.0833933187950191 93.555000305175767 101.55500030517551 0.91693104570147532 -0.0036432786917726992 35.418538988178604 0.0017416211555499501 14.824999809265101 527964.00000000012 422714.50000000006 8.775800000000002
decision_type=2 2 2 2 2 2 2 2 2 2 2 2 2 2 2 2 2 2 2 2 2 2 2 2 2 2 2 2 2 2
left_child=2 3 -1 10 6 -5 11 8 9 20 18 12 -3 -9 -12 22 21 23 19 -2 -4 -8 -6 -15 -7 -17 -16 -24 -26 -18
right_child=1 4 7 5 15 24 16 13 -10 -11 14 -13 -14 17 26 25 29 -19 -20 -21 -22 -23 27 -25 28 -27 -28 -29 -30 -31
leaf_value=0.023063747856123692 0.0046916230131463267 -0.016015699349343777 0.0049830185374101768 0.0007761644129024352 0.0032226849871873856 -0.0082865797557047927 -0.00040044839546570312 -0.0014687101880765771 0.013741413820357548 0.012039564795792103 0.0019462443205659381 -0.015750433776436781 -0.0061054434801684687 0.0037198247083773213 -0.0056436121320972846 -0.0045720716079866346 -0.006651639180050955 0.0026730223949742505 0.00069625298709395688 0.0015778768746278194 -0.0011998724745852607 -0.0045178702239233714 0.00010157109555215216 0.007882365578413009 -0.0062643566181262338 -0.0016318016237845377 -0.00088688808040959495 -0.0022657346728033028 -0.0032258202288179623 -0.0098226789080578351
leaf_weight=28 228 23 25 74 24 66 22 21 62 31 47 40 79 26 35 87 80 49 75 84 20 129 77 104 35 55 20 28 30 22
leaf_count=28 228 23 25 74 24 66 22 21 62 31 47 40 79 26 35 87 80 49 75 84 20 129 77 104 35 55 20 28 30 22
internal_value=8.02622e-07 -0.00224924 0.00835316 0.000442497 -0.00505511 -0.00400731 -0.00731772 0.00706124 0.0097722 0.0063588 0.00231845 -0.0106614 -0.00850303 0.00513643 -0.00124636 -0.0017314 -0.00539464 0.00593186 0.00326654 0.00387061 0.0022035 -0.0039443 0.000175257 0.00710751 -0.00671756 -0.00347359 -0.00401419 -0.000516828 -0.00497753 -0.00745344
internal_weight=1726 1360 366 694 666 205 395 338 138 76 489 142 102 200 102 271 253 179 387 312 45 151 129 130 131 142 55 105 65 102
internal_count=1726 1360 366 694 666 205 395 338 138 76 489 142 102 200 102 271 253 179 387 312 45 151 129 130 131 142 55 105 65 102
is_linear=0
shrinkage=0.03


Tree=6
num_leaves=31
num_cat=0
split_feature=20 11 19 20 20 21 11 19 20 19 19 11 19 20 20 15 20 20 17 11 15 20 10 11 20 20 20 19 21 14
split_gain=34.7478 10.0991 9.19506 5.50996 4.35354 3.11303 3.55472 2.82028 2.59491 2.73895 1.80781 1.56619 1.26164 0.666745 0.727923 0.527461 0.517519 0.438905 0.437518 0.430507 0.426217 0.41434 0.399055 0.364286 0.315377 0.892712 0.171325 0.100857 0.0683357 0.0593756
threshold=617.50000000000011 0.91387451045935553 450432.50000000006 924.00000000000011 790.50000000000011 96.094997406005859 0.78494728264815883 418337.00000000006 385.50000000000006 435571.00000000006 505690.50000000006 1.0035877910048072 495697.50000000006 865.50000000000011 807.00000000000011 0.012576457819264851 458.50000000000006 649.00000000000011 0.0052841918931481506 1.125463983697353 0.017087715145210004 760.00000000000011 0.99962402555611896 1.1004773673421369 1064.0000000000002 1012.0000000000001 422.00000000000006 432936.50000000006 92.165000915527315 0.027162492713653851
decision_type=2 2 2 2 2 2 2 2 2 2 2 2 2 2 2 2 2 2 2 2 2 2 2 2 2 2 2 2 2 2
left_child=1 12 3 4 17 -4 -7 15 10 19 28 20 -1 14 -6 -5 26 -2 -13 27 -8 -19 -18 -12 25 -9 -11 -10 -3 -26
right_child=2 8 5 7 13 6 11 24 9 16 23 18 -14 -15 -16 -17 22 21 -20 -21 -22 -23 -24 -25 29 -27 -28 -29 -30 -31
leaf_value=0.013770593363505144 -0.0008797517816835482 0.0087528069877624501 0.0048705256091414297 -0.0021005860457027495 -0.010625733117046562 0.011005987739988735 -0.0015795892213678192 0.00033845575078090022 0.0089067207109183068 0.0014784599880963054 0.0068247426336302472 -0.0047213261856094875 0.025453152228485449 -0.0069832295707680965 -0.017211350190639494 -0.0078250463283061969 0.001759216493216196 -0.0072173288461836894 -0.0009629884336779756 0.0027623859468315325 0.0017723538837789632 -0.0045995642078992018 -0.0016907207773765548 0.0025532035757513606 0.00037369507838325497 -0.0037126509731438442 0.0043430660556663175 0.0055438622134923931 0.011713396227785519 0.0024044792774319647
leaf_weight=25 20 49 112 21 45 20 53 128 63 43 33 118 21 21 39 74 56 109 40 20 90 153 63 50 37 77 43 24 55 24
leaf_count=25 20 49 112 21 45 20 53 128 63 43 33 118 21 21 39 74 56 109 40 20 90 153 63 50 37 77 43 24 55 24
internal_value=3.33921e-07 0.00626136 -0.00288928 -0.00490159 -0.0073881 0.000583321 -0.00091369 -0.00221465 0.0049894 0.00328068 0.00779173 -0.00174945 0.0195958 -0.012612 -0.0138851 -0.00662595 0.0012195 -0.00539475 -0.00380076 0.00715404 0.00050685 -0.00572334 -4.10899e-05 0.00434827 -0.00060904 -0.00117925 0.0029787 0.00808667 0.0104437 0.00124697
internal_weight=1726 545 1181 748 387 433 321 361 499 312 187 301 46 105 84 95 205 282 158 107 143 262 119 83 266 205 86 87 104 61
internal_count=1726 545 1181 748 387 433 321 361 499 312 187 301 46 105 84 95 205 282 158 107 143 262 119 83 266 205 86 87 104 61
is_linear=0
shrinkage=0.03


Tree=7
num_leaves=28
num_cat=0
split_feature=24 21 19 11 19 24 11 23 19 19 11 19 21 25 25 11 19 15 21 15 17 17 15 23 11 11 16
split_gain=25.9718 12.5252 6.50485 6.15941 5.46481 4.3989 3.26156 2.40982 2.06015 1.58992 1.32981 1.31565 0.973804 0.849105 0.741875 0.676229 0.602444 0.336563 0.284113 0.267794 0.266602 0.260647 0.203554 0.193503 0.156165 0.133372 0.00883146
threshold=1.4393000000000002 97.155002593994126 452515.00000000006 0.959147288108814 411535.00000000006 5.3234000000000012 0.89951310350886582 16.035000801086404 456846.00000000006 511999.00000000006 1.0462907966946797 503424.50000000006 93.50500106811522 33.130907708507685 35.467212688581476 1.0035877910048072 445904.50000000006 0.019139097461106206 98.104999542236314 0.021394341589315503 0.0039389709486936505 0.0017416211555499501 0.018536968191472606 14.154999732971152 0.87387145008333611 1.1004773673421369 64.535692910014362
decision_type=2 2 2 2 2 2 2 2 2 2 2 2 2 2 2 2 2 2 2 2 2 2 2 2 2 2 2
left_child=3 4 7 11 23 8 -4 16 12 -5 19 -1 -6 24 -10 22 17 -3 -15 -7 -12 -17 -8 -2 -9 -11 -27
right_child=1 2 6 9 5 10 15 13 14 25 20 -13 -14 18 -16 21 -18 -19 -20 -21 -22 -23 -24 -25 -26 26 -28
leaf_value=0.013590194849967957 -0.0075298966249184949 -0.010114038163796066 0.0092513985436839547 0.0094953717694129091 0.0010410048369646342 0.0078558803899213669 -0.0011018171556076253 -0.0039351223655368969 0.0015309185801017555 0.0054653018271693821 0.001621314030670328 0.025705833980015344 -0.0020730631440768893 -0.00012982486693986821 0.0048137844368268583 -0.004307198198438114 -0.013936577437631784 -0.0047954534417208794 -0.0041470489709302776 0.013156561017036437 0.0058589887737762183 -0.0015265089619039957 0.0014872629350783037 -0.003443996972271374 -0.0073490637401666704 0.0030306858083811298 0.0015432038080433138
leaf_weight=24 55 47 25 100 171 31 76 22 156 25 29 20 188 20 108 87 39 21 124 26 31 55 41 20 135 28 22
leaf_count=24 55 47 25 100 171 31 76 22 156 25 29 20 188 20 108 87 39 21 124 26 31 55 41 20 135 28 22
internal_value=1.30569e-06 -0.00140175 -0.00436779 0.00963223 0.00111525 0.00190289 -0.000864409 -0.00679101 0.000889905 0.0070086 0.00721816 0.0196128 -0.000582656 -0.00536453 0.00289833 -0.0018842 -0.0106892 -0.00860832 -0.00361453 0.0105106 0.00392012 -0.00326936 -0.000164194 -0.00653945 -0.0069176 0.00357212 0.00247811
internal_weight=1726 1507 692 219 815 740 284 408 623 175 117 44 359 301 264 259 107 68 144 57 60 142 117 75 157 75 50
internal_count=1726 1507 692 219 815 740 284 408 623 175 117 44 359 301 264 259 107 68 144 57 60 142 117 75 157 75 50
is_linear=0
shrinkage=0.03


Tree=8
num_leaves=31
num_cat=0
split_feature=20 11 25 19 14 22 20 19 23 20 19 19 21 24 20 20 25 25 14 25 20 11 11 10 22 20 19 20 19 16
split_gain=30.9758 9.04179 8.22112 5.29985 2.96463 2.66227 2.3001 2.18 2.14317 2.55075 1.71909 1.53149 1.34792 1.11106 1.1051 0.745659 0.563509 0.518295 0.502718 0.493653 0.487493 0.341993 0.315226 0.254851 0.146727 0.142483 0.139864 0.113595 0.104439 0.0393572
threshold=617.50000000000011 0.9241924043868458 35.467212688581476 452515.00000000006 0.027162492713653851 2.3750000000000004 385.50000000000006 435571.00000000006 14.635000228881802 865.50000000000011 500265.00000000006 505690.50000000006 97.63499832153316 2.4666000000000001 902.00000000000011 807.00000000000011 29.229325637463724 33.394593931848625 0.014815280994269301 35.301246283939719 1049.0000000000002 1.125463983697353 1.1004773673421369 0.99097473286365012 2.3350000000000004 916.50000000000011 442934.50000000006 757.50000000000011 423685.50000000006 58.391741303904567
decision_type=2 2 2 2 2 2 2 2 2 2 2 2 2 2 2 2 2 2 2 2 2 2 2 2 2 2 2 2 2 2
left_child=1 10 3 8 18 25 11 21 9 15 -1 29 19 14 -7 -2 -9 -14 24 -10 -11 28 -13 -18 -5 -4 -16 -20 -8 -3
right_child=2 6 5 4 -6 13 7 16 12 20 -12 22 17 -15 26 -17 23 -19 27 -21 -22 -23 -24 -25 -26 -27 -28 -29 -30 -31
leaf_value=0.012546097520419529 -0.0094939422446947835 0.010948793649673461 0.0019181577321141954 -0.00076142602485858584 0.010128560765513352 -0.0043490563837811349 0.0088082022283758436 0.0041672593957998534 -0.00065294198409572015 -0.0029328303491386277 0.024735846979277474 0.0063955277896979275 -0.0067326606573325761 -0.0051451281120379767 0.00074318076876594063 -0.016492145429054892 0.0019359614787574266 -0.0039580132892717496 0.0013723080494415221 -0.0056819440719226132 -0.007450576206048329 0.0026022287439554925 0.0024082212860093398 -0.00054179557726964493 -0.0038196015426423401 0.0048900654738375888 0.0030471156947314737 -0.00081866150879819361 0.0057823957832796227 0.0082674506616133899
leaf_weight=34 38 51 23 21 20 39 41 43 84 44 20 33 193 44 122 35 56 107 26 22 53 20 50 105 79 108 31 92 41 51
leaf_count=34 38 51 23 21 20 39 41 43 84 44 20 33 193 44 122 35 56 107 26 22 53 20 50 105 79 108 31 92 41 51
internal_value=2.03185e-06 0.00591357 -0.00272614 -0.00440586 -0.000622188 0.000993149 0.00460212 0.00297306 -0.00596027 -0.00881456 0.017483 0.00725006 -0.00473903 -0.000901156 7.74958e-05 -0.0130673 0.00115258 -0.00576944 -0.00166394 -0.00176808 -0.00548274 0.00653837 0.00408651 0.000308145 -0.00322099 0.00440949 0.00124623 -0.00030322 0.00741934 0.00973053
internal_weight=1726 545 1181 814 238 367 491 306 576 170 54 185 406 236 192 73 204 300 218 106 97 102 83 161 100 131 153 118 82 102
internal_count=1726 545 1181 814 238 367 491 306 576 170 54 185 406 236 192 73 204 300 218 106 97 102 83 161 100 131 153 118 82 102
is_linear=0
shrinkage=0.03


Tree=9
num_leaves=30
num_cat=0
split_feature=20 25 14 19 14 22 25 25 15 24 24 22 24 20 20 19 20 15 19 25 16 20 19 16 9 19 14 13 24
split_gain=29.2005 7.74452 7.61672 4.99474 2.79706 2.50762 2.20148 2.02921 1.93935 1.70732 3.11323 1.31336 1.04695 1.04156 0.67941 1.3411 0.653175 0.589405 0.456215 0.316784 0.270691 0.13305 0.131687 0.128895 0.0730589 0.0636929 0.0235644 0.0120929 0.00123261
threshold=617.50000000000011 35.467212688581476 0.10801498343321916 452515.00000000006 0.027162492713653851 2.3750000000000004 32.123304830393757 32.123304830393757 0.025317320731335354 2.0715500000000007 2.1386000000000007 1.5550000000000004 2.4666000000000001 902.00000000000011 385.50000000000006 435571.00000000006 924.00000000000011 0.017087715145210004 511999.00000000006 35.205425000000005 57.593262719344317 916.50000000000011 442934.50000000006 42.456541988027354 1.0020168354294461 469764.00000000006 0.037099856927996853 1.0028094281767539 2.1111000000000004
decision_type=2 2 2 2 2 2 2 2 2 2 2 2 2 2 2 2 2 2 2 2 2 2 2 2 2 2 2 2 2
left_child=2 3 6 7 17 21 8 -2 14 16 -11 20 13 -7 18 -16 -9 23 -1 26 -10 -3 -15 -5 -21 -19 -8 -14 -23
right_child=1 5 -4 4 -6 12 19 9 11 10 -12 -13 27 22 15 -17 -18 25 -20 24 -22 28 -24 -25 -26 -27 -28 -29 -30
leaf_value=0.0083686317250132539 -0.014468027085065841 0.0018630107417702672 0.023104548161680047 -0.0012736418148576231 0.0098391733818820552 -0.0042218465639278294 0.0017480284156313596 -0.0066350842914120719 0.011380171227630447 -0.01388300855999643 -0.0053634862559310461 0.0024460037308931346 -0.0035294066284384043 0.00072106661289368136 0.0060635989415035998 0.0011517871615833769 -0.00079245059121555328 -0.0010067479464794613 0.0034926352500915525 0.00034831334949870195 0.0064112271443009378 0.0052438700028336971 0.0029585588760673996 -0.0035792092735568684 -0.0019676614540815353 0.00070191009329638866 0.0034895242612276753 -0.0059048661160469055 0.0038515951444705325
leaf_weight=59 23 23 21 37 20 39 38 21 84 43 400 24 20 122 98 106 89 26 31 20 20 64 31 89 24 66 20 24 44
leaf_count=59 23 23 21 37 20 39 38 21 84 43 400 24 20 122 98 106 89 26 31 20 20 64 31 89 24 66 20 24 44
internal_value=2.80242e-06 -0.00264599 0.00574248 -0.00427631 -0.000602756 0.000963689 0.00499828 -0.00578533 0.00595395 -0.00539333 -0.0062266 0.00906279 -0.000874464 7.5084e-05 0.00456413 0.00354409 -0.00198462 -0.00161498 0.00677893 0.000995885 0.0105233 0.00427944 0.00121016 -0.00294116 -0.000863932 0.000181137 0.00244836 -0.0049942 0.00474471
internal_weight=1726 1181 545 814 238 367 524 576 422 553 443 128 236 192 294 204 110 218 90 102 104 131 153 126 44 92 58 44 108
internal_count=1726 1181 545 814 238 367 524 576 422 553 443 128 236 192 294 204 110 218 90 102 104 131 153 126 44 92 58 44 108
is_linear=0
shrinkage=0.03


Tree=10
num_leaves=31
num_cat=0
split_feature=22 21 14 22 22 24 24 24 21 25 15 25 25 14 11 22 11 14 24 14 13 24 25 24 17 10 24 24 14 17
split_gain=27.215 8.54926 6.51966 4.94646 3.45397 2.29359 1.78138 1.58767 1.42932 1.4197 1.81921 1.15881 1.47036 0.813214 0.694714 0.610087 0.477039 0.416321 0.39217 0.316491 0.295944 0.266306 0.261627 0.250299 0.231376 0.193603 0.181233 0.0505999 0.0287858 0.0261782
threshold=1.4950000000000003 97.155002593994126 0.098211494507163613 2.8150000000000004 1.9750000000000003 2.4666000000000001 7.0124500000000003 1.7091500000000002 96.344997406005859 32.406870914317786 0.026812577204834206 33.197614827464761 31.970069557277061 0.014534995594155003 1.0049468959285226 1.3550000000000002 1.0602020186788923 0.038298790922090507 6.6533000000000007 0.019410746493272703 1.0164718259434131 8.775800000000002 35.418538988178604 6.3198000000000016 0.010011781697537902 0.98595887561466455 1.6552000000000002 8.2272000000000016 0.015945289500918402 -0.00013322791299659998
decision_type=2 2 2 2 2 2 2 2 2 2 2 2 2 2 2 2 2 2 2 2 2 2 2 2 2 2 2 2 2 2
left_child=2 3 9 8 7 28 14 -3 16 10 15 12 -9 -10 23 26 18 -11 -2 -18 -12 27 -7 -6 -16 -15 -1 -8 -5 -24
right_child=1 4 -4 5 6 22 21 11 13 17 20 -13 -14 25 24 -17 19 -19 -20 -21 -22 -23 29 -25 -26 -27 -28 -29 -30 -31
leaf_value=0.0068454201772357465 0.0032814066910639276 -0.00011317295468013201 0.019268026161838221 0 0.00012039660529525792 -0.0073279606357439233 -0.0041439675394068943 -0.01405207111686468 -0.0047603086115171516 -0.00081377213029190892 0.012481768723497997 -0.013756479202247247 -0.0052772603301331402 0.0024665571703490884 -0.003755996772110826 0.0014011749183603871 0.0022358678619948478 0.0042519532304543719 0.0076189693342084471 -0.00098059085767497026 0.0077058017639951275 -0.0087757118940353391 -0.0028939439681544897 -0.0027668861969458785 -0.00011148982495069504 -0.00067600857510600088 0.0043944638054090315 -0.0056708745167211253 0.0011848089773141379 -0.0049623474329710008
leaf_weight=98 205 20 36 33 140 66 88 23 35 31 46 40 79 32 122 35 127 25 22 33 32 22 24 32 20 35 63 80 41 41
leaf_count=98 205 20 36 33 140 66 88 23 35 31 46 40 79 32 122 35 127 25 22 33 32 22 24 32 20 35 63 80 41 41
internal_value=3.50972e-06 -0.00194981 0.00725544 0.000376681 -0.00437553 -0.00351919 -0.00313001 -0.0081891 0.00201989 0.00588166 0.00677207 -0.00929683 -0.00740224 -0.00110982 -0.00171956 0.00515424 0.00285324 0.00143 0.00374652 0.00155187 0.0106827 -0.00542406 -0.00589197 -0.00041232 -0.00326803 0.000795001 0.00593792 -0.00491807 0.000663839 -0.0042995
internal_weight=1726 1360 366 694 666 205 504 162 489 330 274 142 102 102 314 196 387 56 227 160 78 190 131 172 142 67 161 168 74 65
internal_count=1726 1360 366 694 666 205 504 162 489 330 274 142 102 102 314 196 387 56 227 160 78 190 131 172 142 67 161 168 74 65
is_linear=0
shrinkage=0.03


end of trees

feature_importances:
EIA_Crude_Inventory=53
US_Rig_Count=43
OPEC_Production=43
Close_to_MA_50=39
CPI_Inflation=29
US_10Y_Yield=24
USD_Index=21
Rolling_Std_10=16
Rolling_Std_20=15
VIX=11
MACD_Pct=10
RSI_14=9
Close_to_EMA_20=7
Close_to_MA_20=4
Daily_Range_Pct=1
Close_to_MA_10=1

parameters:
[boosting: gbdt]
[objective: regression]
[metric: l2]
[tree_learner: serial]
[device_type: cpu]
[data_sample_strategy: bagging]
[data: ]
[valid: ]
[num_iterations: 200]
[learning_rate: 0.03]
[num_leaves: 31]
[num_threads: 20]
[seed: 42]
[deterministic: 0]
[force_col_wise: 0]
[force_row_wise: 0]
[histogram_pool_size: -1]
[max_depth: 6]
[min_data_in_leaf: 20]
[min_sum_hessian_in_leaf: 0.001]
[bagging_fraction: 0.8]
[pos_bagging_fraction: 1]
[neg_bagging_fraction: 1]
[bagging_freq: 0]
[bagging_seed: 400]
[bagging_by_query: 0]
[feature_fraction: 0.8]
[feature_fraction_bynode: 1]
[feature_fraction_seed: 30056]
[extra_trees: 0]
[extra_seed: 12879]
[early_stopping_round: 0]
[early_stopping_min_delta: 0]
[first_metric_only: 0]
[max_delta_step: 0]
[lambda_l1: 0.1]
[lambda_l2: 1]
[linear_lambda: 0]
[min_gain_to_split: 0]
[drop_rate: 0.1]
[max_drop: 50]
[skip_drop: 0.5]
[xgboost_dart_mode: 0]
[uniform_drop: 0]
[drop_seed: 17869]
[top_rate: 0.2]
[other_rate: 0.1]
[min_data_per_group: 100]
[max_cat_threshold: 32]
[cat_l2: 10]
[cat_smooth: 10]
[max_cat_to_onehot: 4]
[top_k: 20]
[monotone_constraints: ]
[monotone_constraints_method: basic]
[monotone_penalty: 0]
[feature_contri: ]
[forcedsplits_filename: ]
[refit_decay_rate: 0.9]
[cegb_tradeoff: 1]
[cegb_penalty_split: 0]
[cegb_penalty_feature_lazy: ]
[cegb_penalty_feature_coupled: ]
[path_smooth: 0]
[interaction_constraints: ]
[verbosity: -1]
[saved_feature_importance_type: 0]
[use_quantized_grad: 0]
[num_grad_quant_bins: 4]
[quant_train_renew_leaf: 0]
[stochastic_rounding: 1]
[linear_tree: 0]
[max_bin: 255]
[max_bin_by_feature: ]
[min_data_in_bin: 3]
[bin_construct_sample_cnt: 200000]
[data_random_seed: 175]
[is_enable_sparse: 1]
[enable_bundle: 1]
[use_missing: 1]
[zero_as_missing: 0]
[feature_pre_filter: 1]
[pre_partition: 0]
[two_round: 0]
[header: 0]
[label_column: ]
[weight_column: ]
[group_column: ]
[ignore_column: ]
[categorical_feature: ]
[forcedbins_filename: ]
[precise_float_parser: 0]
[parser_config_file: ]
[objective_seed: 16083]
[num_class: 1]
[is_unbalance: 0]
[scale_pos_weight: 1]
[sigmoid: 1]
[boost_from_average: 1]
[reg_sqrt: 0]
[alpha: 0.9]
[fair_c: 1]
[poisson_max_delta_step: 0.7]
[tweedie_variance_power: 1.5]
[lambdarank_truncation_level: 30]
[lambdarank_norm: 1]
[label_gain: ]
[lambdarank_position_bias_regularization: 0]
[eval_at: ]
[multi_error_top_k: 1]
[auc_mu_weights: ]
[num_machines: 1]
[local_listen_port: 12400]
[time_out: 120]
[machine_list_filename: ]
[machines: ]
[gpu_platform_id: -1]
[gpu_device_id: -1]
[gpu_device_id_list: ]
[gpu_use_dp: 0]
[num_gpu: 1]

end of parameters

pandas_categorical:[]
