tree
version=v4
num_class=1
num_tree_per_iteration=1
label_index=0
max_feature_idx=25
objective=regression
feature_names=Return Log_Return Ret_Lag_1 Ret_Lag_2 Ret_Lag_3 Ret_Lag_5 Ret_Lag_10 Daily_Range_Pct Close_to_MA_5 Close_to_MA_10 Close_to_MA_20 Close_to_MA_50 Close_to_EMA_10 Close_to_EMA_20 Rolling_Std_10 Rolling_Std_20 RSI_14 MACD_Pct Volume_to_MA_10 EIA_Crude_Inventory US_Rig_Count USD_Index US_10Y_Yield VIX CPI_Inflation OPEC_Production
feature_infos=[-0.99945265463878241:1000.0000228881836] [-7.5104305814334893:6.9087548021805389] [-0.99945265463878241:1000.0000228881836] [-0.99945265463878241:1000.0000228881836] [-0.99945265463878241:1000.0000228881836] [-0.99945265463878241:1000.0000228881836] [-0.99945265463878241:1000.0000228881836] [0.0083536294793647992:1784.0000381469724] [0.00063995902012410003:1.4797344852633123] [0.0005133997267981:1.4539841552591597] [0.00046727879981480001:1.5269670948329741] [0.00029838810814999999:1.5922540838875798] [0.00057339711350370005:1.3303027267290908] [0.00046582756044130001:1.3470234504852556] [0.0058608158131277996:316.27152822580433] [0.0074630450429006004:223.62115619093399] [13.331281508840434:83.896914726101471] [-89.405824856286031:0.075284306871814699] [0:2.7565734898736189] [394137:540722] [250:1077] [88.589996337890597:114.11000061035099] [0.52000000000000002:4.25] [9.1400003433227504:82.690002441406193] [0.19819999999999999:8.9794] [26.25830086301988:36.13391069951679]
tree_sizes=2081 2230 2237 2297 2243 1972 2342 2412

Tree=0
num_leaves=23
num_cat=0
split_feature=15 20 20 20 19 22 11 10 25 20 15 15 23 19 25 25 23 20 25 20 25 20
split_gain=28.5046 10.5383 5.93477 8.76554 3.54166 2.92178 2.41654 1.66562 1.45249 1.67991 0.915818 0.865218 0.94744 0.827802 0.80612 2.20312 0.38004 0.292502 0.203181 0.085571 0.0821102 0.0082594
threshold=0.08321350319931152 672.50000000000011 829.00000000000011 789.50000000000011 443248.50000000006 3.0450000000000004 1.0114406357578138 0.94127228665229146 35.754452176279344 1064.0000000000002 0.03399557803986366 0.038871015184370958 23.164999961853002 431659.50000000006 27.404090617515546 29.112818182994783 16.884999275207502 807.00000000000011 27.884640993024266 572.00000000000011 35.945209941866082 252.50000000000003
decision_type=2 2 2 2 2 2 2 2 2 2 2 2 2 2 2 2 2 2 2 2 2 2
left_child=1 6 3 11 -5 8 10 -2 9 -4 18 12 -3 -7 21 -16 -17 -6 -1 -20 -10 -8
right_child=7 2 5 4 17 13 14 -9 20 -11 -12 -13 -14 -15 15 16 -18 -19 19 -21 -22 -23
leaf_value=0.050452696789046 0.072203962974541042 0.04105043461831856 0.041883039284224897 0.023800823981961965 0.033650201751175252 0.033128860148708562 0.040037484174850313 0.059106965479682229 0.045084799682094299 0.047900312273560355 0.05488104787733996 0.046049416261582016 0.037872661671448926 0.040641867764161274 0.05145804821951639 0.042617742275901496 0.044817460919878295 0.039333910503402542 0.046636010177015609 0.049055772624203881 0.046824234185130584 0.041554662180490309
leaf_weight=27 22 229 441 45 20 33 20 26 64 45 20 20 140 25 41 100 223 21 91 25 66 24
leaf_count=27 22 229 441 45 20 33 20 26 64 45 20 20 140 25 41 100 223 21 91 25 66 24
internal_value=0.0430805 0.0424381 0.0407819 0.0382166 0.029594 0.0425987 0.0457638 0.0656428 0.0432046 0.0424551 0.0488469 0.0401603 0.0398259 0.0362202 0.0445136 0.0449824 0.0441278 0.0363314 0.0479061 0.0472298 0.0460126 0.0407461
internal_weight=1768 1720 1149 475 86 674 571 48 616 486 163 389 369 58 408 364 323 41 143 116 130 44
internal_count=1768 1720 1149 475 86 674 571 48 616 486 163 389 369 58 408 364 323 41 143 116 130 44
is_linear=0
shrinkage=1


Tree=1
num_leaves=24
num_cat=0
split_feature=15 20 24 22 20 11 25 25 24 21 21 22 23 20 25 15 24 19 15 16 23 17 23
split_gain=26.9075 10.0361 6.55785 7.36947 2.99202 2.30807 2.00969 1.96184 1.318 1.15153 1.15135 1.01368 0.820517 0.752067 2.10016 0.598796 0.379823 0.337556 0.29025 0.158981 0.0521715 0.02125 0.00599233
threshold=0.067220147602615618 672.50000000000011 2.3860500000000004 2.1650000000000005 829.00000000000011 1.0114406357578138 32.406870914317786 35.619958646405635 7.148600000000001 97.75500106811522 96.514999389648423 1.5650000000000002 23.164999961853002 256.00000000000006 29.112818182994783 0.015082076602805201 7.148600000000001 439647.00000000006 0.025317320731335354 46.038852092891425 26.960000038146905 -0.00063537373824139982 24.345000267028755
decision_type=2 2 2 2 2 2 2 2 2 2 2 2 2 2 2 2 2 2 2 2 2 2 2
left_child=1 5 4 11 9 8 -2 12 18 -3 17 -4 -5 22 -15 -12 -16 -6 19 -1 -20 -11 -7
right_child=6 2 3 7 10 13 -8 -9 -10 21 15 -13 -14 14 16 -17 -18 -19 20 -21 -22 -23 -24
leaf_value=0.0041089216787764367 0.027991497897583501 -0.011393799290060996 -0.0091789327683773902 -0.0020291754290417971 0.00070576354072175241 -0.0029082041863690723 0.014825814076445318 -0.0094987063368161522 0.01206348845243454 -0.0017259265676672969 -0.0031239662742242216 -0.018896630857139825 -0.0048361369210963489 0.0081377467719971064 0.00044978486227220405 0.00012875554685472576 0.0030561653518889217 0.0029108902686460101 0.0047517901651561263 0.0010967218932365216 0.00750728778719902 -0.0037338423748379166 -0.0014740140591748057
leaf_weight=46 22 23 21 325 109 21 32 44 24 20 69 31 137 41 258 181 63 163 39 30 24 22 23
leaf_count=46 22 23 21 325 109 21 32 44 24 20 69 31 137 41 258 181 63 163 39 30 24 22 23
internal_value=0 -0.000661685 -0.00228077 -0.00460638 -6.08812e-05 0.00258943 0.0206556 -0.00347602 0.00560036 -0.00608445 0.000693644 -0.015276 -0.00287667 0.00136245 0.00181784 -0.000765913 0.000978537 0.00204403 0.0043848 0.00298854 0.00594928 -0.00290983 -0.0022746
internal_weight=1768 1714 1145 558 587 569 54 506 163 65 522 52 462 406 362 250 321 272 139 76 63 42 44
internal_count=1768 1714 1145 558 587 569 54 506 163 65 522 52 462 406 362 250 321 272 139 76 63 42 44
is_linear=0
shrinkage=0.03


Tree=2
num_leaves=24
num_cat=0
split_feature=15 20 24 22 22 20 11 25 13 24 21 21 20 25 24 15 24 19 15 16 24 17 20
split_gain=25.4061 9.35924 5.88132 5.20428 3.20962 2.82429 2.15421 1.84854 1.49498 1.24198 1.08447 1.08402 0.720726 2.03131 0.713326 0.569142 0.344385 0.317312 0.273048 0.149168 0.0296939 0.0194955 0.00602475
threshold=0.08321350319931152 672.50000000000011 2.3860500000000004 2.1650000000000005 1.5150000000000003 829.00000000000011 1.0114406357578138 35.619958646405635 0.91700369948111771 7.148600000000001 97.75500106811522 96.514999389648423 265.50000000000006 29.112818182994783 8.3472000000000026 0.013741875317673501 7.148600000000001 439647.00000000006 0.025317320731335354 46.038852092891425 1.3824000000000003 -0.00063537373824139982 252.50000000000003
decision_type=2 2 2 2 2 2 2 2 2 2 2 2 2 2 2 2 2 2 2 2 2 2 2
left_child=1 6 5 4 -4 10 9 14 -2 18 -3 17 22 -14 -5 -13 -15 -7 19 -1 -20 -12 -8
right_child=8 2 3 7 -6 11 12 -9 -10 -11 21 15 13 16 -16 -17 -18 -19 20 -21 -22 -23 -24
leaf_value=0.0039882767756885679 0.026528171857198076 -0.011066227193921804 -0.0029523616425160847 -0.0023906203292908944 -0.018239204822359856 0.00068478311238498208 -0.0027980969612571324 -0.0092200774013996133 0.014110147161328274 0.01171605980873108 -0.0016766143797763754 -0.0036814369352068752 0.0080989122619716126 0.00048331857744962961 -0.0064812858463688325 -3.3174956497318542e-05 0.0029659129682913774 0.0028240960345932895 0.0070664534072081252 0.0010648815558562355 0.0046314402152048918 -0.0036266972889070922 -0.0014091564948856827
leaf_weight=46 26 23 20 419 36 109 21 44 22 24 20 47 40 260 43 203 63 163 26 30 37 22 24
leaf_count=46 26 23 20 419 36 109 21 44 22 24 20 47 40 260 43 203 63 163 26 30 37 22 24
internal_value=0 -0.000605356 -0.00216626 -0.004357 -0.0129798 -5.98829e-05 0.00252864 -0.00337306 0.0213019 0.00543994 -0.00591231 0.000673043 0.00134776 0.00179676 -0.00279101 -0.000742935 0.000984459 0.00198344 0.00425892 0.00290208 0.00577795 -0.00282844 -0.00216928
internal_weight=1768 1720 1149 562 56 587 571 506 48 163 65 522 408 363 462 250 323 272 139 76 63 42 45
internal_count=1768 1720 1149 562 56 587 571 506 48 163 65 522 408 363 462 250 323 272 139 76 63 42 45
is_linear=0
shrinkage=0.03


Tree=3
num_leaves=25
num_cat=0
split_feature=15 21 22 15 24 22 14 14 25 24 24 13 11 24 14 24 23 17 11 11 14 25 17 13
split_gain=24.0315 8.82812 4.62096 3.39009 3.07664 5.88059 2.38115 2.03957 0.795647 0.790247 0.949329 0.666112 0.662516 0.628008 0.500276 0.478168 0.309771 0.296004 0.147128 0.104581 0.0631819 0.0544762 0.0263181 0.0238297
threshold=0.067220147602615618 96.624999999999957 2.9650000000000003 0.025317320731335354 1.7667500000000003 1.925 0.017018718538549405 0.10801498343321916 35.619958646405635 7.148600000000001 2.5459000000000005 0.98213938316788074 0.97281149889351592 6.6533000000000007 0.038559093268637705 8.064700000000002 16.579999923706001 0.0014766576134853501 0.97281149889351592 1.1113300465367735 0.018974237499010553 34.000224498453882 -0.0028237790306523494 1.013712478726535
decision_type=2 2 2 2 2 2 2 2 2 2 2 2 2 2 2 2 2 2 2 2 2 2 2 2
left_child=1 2 3 9 18 6 17 -2 -4 10 -1 -8 15 16 -14 -7 -5 -6 20 -11 -3 23 -23 -20
right_child=7 4 8 13 5 12 11 -9 -10 19 -12 -13 14 -15 -16 -17 -18 -19 21 -21 -22 22 -24 -25
leaf_value=0.0018101072312092679 0.011944368600770831 0.0032701433013592445 -0.0016576421003167826 0.0015468357498334211 -0.018128913253545757 -0.00037689868100907115 -0.010025783119457107 0.024905178521910019 -0.0085772286046828551 0.0068777795050825397 -0.0006340330674373748 -0.0028205244188958946 -0.0037019893418886712 0.010882622254931409 0.00030841689240187407 -0.0032996323173362261 0.0058119561862650096 -0.011063458080802646 0.00017347630907673962 0.0031402832459319721 0.00098460929762925328 0 0.0014859078215667977 -0.0010169351601258053
leaf_weight=372 24 27 26 21 26 168 20 30 41 20 229 32 321 22 29 73 115 20 25 21 28 20 31 27
leaf_count=372 24 27 26 21 26 168 20 30 41 20 229 32 321 22 29 73 115 20 25 21 28 20 31 27
internal_value=0 -0.000624569 0.00150044 0.00213905 -0.00280249 -0.00366824 -0.0104488 0.0195213 -0.006 0.00115997 0.000874323 -0.00578526 -0.00252307 0.00606615 -0.00336122 -0.00128458 0.00519137 -0.0154216 0.000953292 0.00515523 0.00219853 0.000244767 0.000950377 -0.000395543
internal_weight=1768 1714 867 800 847 689 98 54 67 642 601 52 591 158 350 241 136 46 158 41 55 103 51 52
internal_count=1768 1714 867 800 847 689 98 54 67 642 601 52 591 158 350 241 136 46 158 41 55 103 51 52
is_linear=0
shrinkage=0.03


Tree=4
num_leaves=24
num_cat=0
split_feature=15 20 24 22 20 25 25 13 21 25 19 17 25 24 23 24 22 15 22 19 13 15 10
split_gain=22.6624 8.48986 5.5489 6.26008 2.51271 1.82482 1.67033 1.37926 1.0082 0.988129 0.884128 0.845367 0.910143 0.754611 0.730325 0.623778 1.43184 0.538205 0.412714 0.101361 0.073261 0.0354259 0.0207574
threshold=0.067220147602615618 672.50000000000011 2.3860500000000004 2.1650000000000005 829.00000000000011 32.406870914317786 35.619958646405635 0.99254313320263254 97.75500106811522 34.535066498360372 442375.50000000006 0.0079754262777677019 32.995284623997733 1.7667500000000003 23.164999961853002 1.0261000000000002 1.1250000000000002 0.027187416853679102 2.9450000000000007 489069.00000000006 0.9747305716490533 0.028917071795868405 1.0109520222406785
decision_type=2 2 2 2 2 2 2 2 2 2 2 2 2 2 2 2 2 2 2 2 2 2 2
left_child=1 7 4 10 8 -2 14 17 -3 13 -4 15 -13 -6 -5 21 -17 20 -11 -19 -1 -9 -10
right_child=5 2 3 6 9 -7 -8 11 22 18 -12 12 -14 -15 -16 16 -18 19 -20 -21 -22 -23 -24
leaf_value=0.0043192747756838797 0.025912382646747254 -0.010540665809065104 -0.018048427194356915 -0.0018388239737455281 0.001020134388876613 0.013444555451627821 -0.0087514922678470601 -0.0023252717952243979 -0.001472280304679381 0.001996264604771641 -0.0091283434159480613 0.0078528333668773237 0.00085676455518970377 -0.002692866187737408 -0.0044871457176404476 0.0054628773857416076 0.00046871858780110821 0.0094422371345758444 -0.001606040711669559 0.0055014514195919038 0.0020961011532036698 -0.00053964028179391544 -0.0033894700220097663
leaf_weight=47 22 23 27 325 87 32 44 39 20 296 25 36 33 109 137 65 247 24 30 24 33 21 22
leaf_count=47 22 23 27 325 87 32 44 39 20 296 25 36 33 109 137 65 247 24 30 24 33 21 22
internal_value=2.79196e-08 -0.000606184 -0.00209545 -0.00423469 -5.30473e-05 0.0189574 -0.00319231 0.00238382 -0.00557351 0.000637973 -0.0140697 0.00157148 0.00460978 -0.00103271 -0.00263862 0.000989033 0.00153288 0.00512546 0.00165169 0.00768556 0.00347645 -0.00176857 -0.00260176
internal_weight=1768 1714 1145 558 587 54 506 569 65 522 52 441 69 196 462 372 312 128 326 48 80 60 42
internal_count=1768 1714 1145 558 587 54 506 569 65 522 52 441 69 196 462 372 312 128 326 48 80 60 42
is_linear=0
shrinkage=0.03


Tree=5
num_leaves=21
num_cat=0
split_feature=11 25 24 22 25 19 24 25 11 17 24 23 24 24 11 24 24 21 17 23
split_gain=18.96 7.29147 6.35353 6.03365 2.94151 2.06966 1.76295 1.65154 1.58752 1.29574 1.28365 0.959457 0.822997 1.09792 0.721093 0.544601 0.470627 0.440219 0.00784142 0.00569732
threshold=0.75434821135976271 32.406870914317786 2.3860500000000004 1.925 34.176707450715035 484359.50000000006 0.51485000000000014 35.619958646405635 0.94781643611538502 0.0081701658088028511 2.0715500000000007 17.925000190734853 1.0261000000000002 1.3824000000000003 1.0496906893303326 8.775800000000002 1.7667500000000003 96.514999389648423 -0.0079757447846786986 24.345000267028755
decision_type=2 2 2 2 2 2 2 2 2 2 2 2 2 2 2 2 2 2 2 2
left_child=5 8 4 11 10 -1 -6 15 18 12 16 -4 19 -14 -12 -5 -3 -8 -2 -10
right_child=1 2 3 7 6 -7 17 -9 9 -11 14 -13 13 -15 -16 -17 -18 -19 -20 -21
leaf_value=0.011845749139447104 0.0064197191047668462 0.00058212597868696314 -0.016454547911882396 -0.0021887001623719822 0.010123098015785217 0.026481789951974692 0.0019381421619261215 -0.0084947818974653866 -0.0027338320866904472 0.0076231830393274627 -0.0031828984823077913 -0.0072756056708416774 0.0056577617017122411 0.0012767740652948204 -0.011321581103972026 -0.0070171240023944688 -0.0026128146532325034 6.1392705440269658e-06 0.009654576791184288 -0.0013702554564177989
leaf_weight=21 24 64 35 457 20 21 279 44 21 35 23 20 64 269 20 22 109 176 20 24
leaf_count=21 24 64 35 457 20 21 279 44 21 35 23 20 64 269 20 22 109 176 20 24
internal_value=2.06062e-07 -0.000488038 -0.00165953 -0.00397795 0.000278378 0.0196792 0.00160158 -0.00296199 0.00275493 0.00215584 -0.00261159 -0.0133598 0.00162291 0.00214217 -0.00720779 -0.00243087 -0.00141708 0.00119905 0.00813865 -0.00211741
internal_weight=1768 1726 1269 578 691 42 475 523 457 413 216 55 378 333 43 479 173 455 44 45
internal_count=1768 1726 1269 578 691 42 475 523 457 413 216 55 378 333 43 479 173 455 44 45
is_linear=0
shrinkage=0.03


Tree=6
num_leaves=25
num_cat=0
split_feature=15 20 20 20 19 19 11 10 15 21 11 17 15 23 19 23 20 20 20 15 20 11 20 17
split_gain=20.2477 7.4932 4.1854 6.36726 2.66849 2.1332 1.82432 1.44275 0.788822 0.764066 0.743977 0.732272 0.702147 0.683999 0.67755 0.555685 1.02609 1.09374 0.214913 0.175899 0.190122 0.154362 0.0927277 0.0769011
threshold=0.08321350319931152 672.50000000000011 829.00000000000011 789.50000000000011 443248.50000000006 410735.50000000006 1.0315398356592709 0.94127228665229146 0.016753746278786553 96.344997406005859 0.93089873411489332 -0.014369790536976998 0.023871902169011302 23.860000610351552 439647.00000000006 18.850000381469652 295.50000000000006 361.00000000000006 807.00000000000011 0.025317320731335354 551.50000000000011 1.049175457688817 256.00000000000006 0.005994876198804751
decision_type=2 2 2 2 2 2 2 2 2 2 2 2 2 2 2 2 2 2 2 2 2 2 2 2
left_child=1 6 3 11 -5 8 10 -2 -4 14 -1 -3 -11 -13 -7 21 22 -18 -6 20 -12 -8 -17 -23
right_child=7 2 5 4 18 9 15 -9 -10 12 19 13 -14 -15 -16 16 17 -19 -20 -21 -22 23 -24 -25
leaf_value=0.0086511708255325032 0.025014222956222035 0.0023014010505543812 -0.0082442991167306912 -0.016468958662903824 -0.0078890599863869811 -0.00017160829190522364 0.0015657319676829502 0.013094701586498154 -0.00084801153356040058 -0.0018799199416204683 0.0015797623351006015 -0.0017845745728430748 0.0013845884396513509 -0.0045497523227634911 0.0025707670443686774 -0.0021046094674278385 0.0073050589125071251 0.0016900207924986984 -0.0030032292638312685 0.0048708282751031224 0.0045267425128391811 -0.0014954542593082546 0.00012688327184878288 0.00035496199595445432
leaf_weight=34 22 26 39 45 20 167 23 26 21 214 61 234 80 129 153 43 41 135 21 71 34 83 23 23
leaf_count=34 22 26 39 45 20 167 23 26 21 214 61 234 80 129 153 43 41 135 21 71 34 83 23 23
internal_value=5.21373e-07 -0.000539199 -0.00193601 -0.00409037 -0.0114404 -0.000409469 0.00226477 0.019018 -0.00576112 0.000117133 0.0045715 -0.00243258 -0.000979767 -0.00278528 0.00113417 0.00100424 0.00185225 0.0030489 -0.00558908 0.00367114 0.00270189 -0.00056555 -0.0012919 -0.00106635
internal_weight=1768 1720 1149 475 86 674 571 48 60 614 200 389 294 363 320 371 242 176 41 166 95 129 66 106
internal_count=1768 1720 1149 475 86 674 571 48 60 614 200 389 294 363 320 371 242 176 41 166 95 129 66 106
is_linear=0
shrinkage=0.03


Tree=7
num_leaves=26
num_cat=0
split_feature=15 21 15 24 15 19 19 25 15 24 24 24 10 21 23 24 23 11 19 13 25 17 21 13 9
split_gain=19.1184 7.05503 3.76997 2.47418 2.29678 4.52363 2.18235 1.57476 1.03627 0.812392 0.574465 0.806333 0.474866 0.469843 0.4339 0.14645 0.12946 0.127666 0.112458 0.0743393 0.0497701 0.0233474 0.0226105 0.0204924 0.00691545
threshold=0.067220147602615618 96.624999999999957 0.021707904942724603 1.7667500000000003 0.016920452725197151 445904.50000000006 410735.50000000006 32.406870914317786 0.015675887729843054 6.6533000000000007 7.148600000000001 2.4666000000000001 1.0165990702140204 104.42499923706002 16.579999923706001 1.3824000000000003 16.085000038146905 0.97281149889351592 416538.50000000006 0.97033714647487612 34.000224498453882 -0.0028237790306523494 98.274997711181626 1.013712478726535 1.0314766769613597
decision_type=2 2 2 2 2 2 2 2 2 2 2 2 2 2 2 2 2 2 2 2 2 2 2 2 2
left_child=1 2 6 17 5 16 8 -2 -1 14 11 -8 13 -6 24 -16 -5 22 -14 -7 23 -22 -3 -19 -4
right_child=7 3 9 4 12 19 10 -9 -10 -11 -12 -13 18 -15 15 -17 -18 20 -20 -21 21 -23 -24 -25 -26
leaf_value=-0.0080031531985849131 0.023872748190942015 0.0012562510007992386 0.0018723677802220755 -0.014152047443602765 -0.00047105913051010036 -0.0012794936806377435 0.0014044967592411024 0.012292566280473363 -8.9706708963673831e-05 0.010015143864154816 0.0045235911152192521 -0.0009648456415781028 -0.0014658307825215159 -0.0028921344384792466 0.0063356067442844784 0.0039861969758582475 -0.0091442214612449928 0.00010843942019766052 -0.0037871273006699212 -0.0033372361191616553 0 0.0013828367921960307 0.0028690481990342959 -0.00098205957943823044 0.00069818065315484993
leaf_weight=39 22 32 28 41 194 26 354 32 25 24 34 201 29 118 52 90 20 25 139 122 20 31 23 27 20
leaf_count=39 22 32 28 41 194 26 354 32 25 24 34 201 29 118 52 90 20 25 139 122 20 31 23 27 20
internal_value=1.05855e-06 -0.000555601 0.00134382 -0.0025027 -0.00327918 -0.00590686 0.000204227 0.0174132 -0.00500705 0.00479009 0.00078309 0.000540823 -0.0021189 -0.00140262 0.0040654 0.00490581 -0.0127325 0.000863799 -0.00341522 -0.00300689 0.000202218 0.000879018 0.00202345 -0.000409023 0.00146858
internal_weight=1768 1714 867 847 689 209 653 54 64 214 589 555 480 312 190 142 61 158 168 148 103 51 55 52 48
internal_count=1768 1714 867 847 689 209 653 54 64 214 589 555 480 312 190 142 61 158 168 148 103 51 55 52 48
is_linear=0
shrinkage=0.03


end of trees

feature_importances:
CPI_Inflation=28
US_Rig_Count=24
Rolling_Std_20=22
OPEC_Production=21
Close_to_MA_50=13
EIA_Crude_Inventory=13
VIX=13
USD_Index=11
US_10Y_Yield=11
MACD_Pct=10
Close_to_EMA_20=7
Close_to_MA_20=4
Rolling_Std_10=4
RSI_14=2
Close_to_MA_10=1

parameters:
[boosting: gbdt]
[objective: regression]
[metric: l2]
[tree_learner: serial]
[device_type: cpu]
[data_sample_strategy: bagging]
[data: ]
[valid: ]
[num_iterations: 200]
[learning_rate: 0.03]
[num_leaves: 31]
[num_threads: 20]
[seed: 42]
[deterministic: 0]
[force_col_wise: 0]
[force_row_wise: 0]
[histogram_pool_size: -1]
[max_depth: 6]
[min_data_in_leaf: 20]
[min_sum_hessian_in_leaf: 0.001]
[bagging_fraction: 0.8]
[pos_bagging_fraction: 1]
[neg_bagging_fraction: 1]
[bagging_freq: 0]
[bagging_seed: 400]
[bagging_by_query: 0]
[feature_fraction: 0.8]
[feature_fraction_bynode: 1]
[feature_fraction_seed: 30056]
[extra_trees: 0]
[extra_seed: 12879]
[early_stopping_round: 0]
[early_stopping_min_delta: 0]
[first_metric_only: 0]
[max_delta_step: 0]
[lambda_l1: 0.1]
[lambda_l2: 1]
[linear_lambda: 0]
[min_gain_to_split: 0]
[drop_rate: 0.1]
[max_drop: 50]
[skip_drop: 0.5]
[xgboost_dart_mode: 0]
[uniform_drop: 0]
[drop_seed: 17869]
[top_rate: 0.2]
[other_rate: 0.1]
[min_data_per_group: 100]
[max_cat_threshold: 32]
[cat_l2: 10]
[cat_smooth: 10]
[max_cat_to_onehot: 4]
[top_k: 20]
[monotone_constraints: ]
[monotone_constraints_method: basic]
[monotone_penalty: 0]
[feature_contri: ]
[forcedsplits_filename: ]
[refit_decay_rate: 0.9]
[cegb_tradeoff: 1]
[cegb_penalty_split: 0]
[cegb_penalty_feature_lazy: ]
[cegb_penalty_feature_coupled: ]
[path_smooth: 0]
[interaction_constraints: ]
[verbosity: -1]
[saved_feature_importance_type: 0]
[use_quantized_grad: 0]
[num_grad_quant_bins: 4]
[quant_train_renew_leaf: 0]
[stochastic_rounding: 1]
[linear_tree: 0]
[max_bin: 255]
[max_bin_by_feature: ]
[min_data_in_bin: 3]
[bin_construct_sample_cnt: 200000]
[data_random_seed: 175]
[is_enable_sparse: 1]
[enable_bundle: 1]
[use_missing: 1]
[zero_as_missing: 0]
[feature_pre_filter: 1]
[pre_partition: 0]
[two_round: 0]
[header: 0]
[label_column: ]
[weight_column: ]
[group_column: ]
[ignore_column: ]
[categorical_feature: ]
[forcedbins_filename: ]
[precise_float_parser: 0]
[parser_config_file: ]
[objective_seed: 16083]
[num_class: 1]
[is_unbalance: 0]
[scale_pos_weight: 1]
[sigmoid: 1]
[boost_from_average: 1]
[reg_sqrt: 0]
[alpha: 0.9]
[fair_c: 1]
[poisson_max_delta_step: 0.7]
[tweedie_variance_power: 1.5]
[lambdarank_truncation_level: 30]
[lambdarank_norm: 1]
[label_gain: ]
[lambdarank_position_bias_regularization: 0]
[eval_at: ]
[multi_error_top_k: 1]
[auc_mu_weights: ]
[num_machines: 1]
[local_listen_port: 12400]
[time_out: 120]
[machine_list_filename: ]
[machines: ]
[gpu_platform_id: -1]
[gpu_device_id: -1]
[gpu_device_id_list: ]
[gpu_use_dp: 0]
[num_gpu: 1]

end of parameters

pandas_categorical:[]
