tree
version=v4
num_class=1
num_tree_per_iteration=1
label_index=0
max_feature_idx=25
objective=regression
feature_names=Return Log_Return Ret_Lag_1 Ret_Lag_2 Ret_Lag_3 Ret_Lag_5 Ret_Lag_10 Daily_Range_Pct Close_to_MA_5 Close_to_MA_10 Close_to_MA_20 Close_to_MA_50 Close_to_EMA_10 Close_to_EMA_20 Rolling_Std_10 Rolling_Std_20 RSI_14 MACD_Pct Volume_to_MA_10 EIA_Crude_Inventory US_Rig_Count USD_Index US_10Y_Yield VIX CPI_Inflation OPEC_Production
feature_infos=[-0.99945265463878241:1000.0000228881836] [-7.5104305814334893:6.9087548021805389] [-0.99945265463878241:1000.0000228881836] [-0.99945265463878241:1000.0000228881836] [-0.99945265463878241:1000.0000228881836] [-0.99945265463878241:1000.0000228881836] [-0.99945265463878241:1000.0000228881836] [0.0083536294793647992:1784.0000381469724] [0.00063995902012410003:1.4797344852633123] [0.0005133997267981:1.4539841552591597] [0.00046727879981480001:1.5269670948329741] [0.00029838810814999999:1.5922540838875798] [0.00057339711350370005:1.3303027267290908] [0.00046582756044130001:1.3470234504852556] [0.0058608158131277996:316.27152822580433] [0.0074630450429006004:223.62115619093399] [13.331281508840434:83.896914726101471] [-89.405824856286031:0.075284306871814699] [0:2.7565734898736189] [394137:540722] [250:1077] [88.589996337890597:114.11000061035099] [0.52000000000000002:4.25] [9.1400003433227504:82.690002441406193] [0.19819999999999999:8.9794] [26.25830086301988:36.13391069951679]
tree_sizes=2608 2519 2308 1803 2609 2240

Tree=0
num_leaves=29
num_cat=0
split_feature=15 20 25 22 15 22 25 19 11 15 21 15 23 20 20 11 19 14 19 11 15 15 23 19 15 14 11 17
split_gain=23.0901 6.04135 5.0014 2.76484 1.99747 1.84707 1.64746 1.51233 1.42017 1.29531 1.28389 1.16457 1.02258 0.970416 0.795985 0.609945 0.542973 0.535528 0.31079 0.242287 0.223638 0.0706876 0.0531636 0.0394677 0.0325238 0.0131718 0.0121774 0.00932364
threshold=0.08321350319931152 704.50000000000011 33.067452310958096 1.6650000000000003 0.023013757263025052 3.0450000000000004 32.406870914317786 431834.50000000006 0.99483864511113007 0.018351660885702104 96.924999237060504 0.021369331208613753 16.579999923706001 265.50000000000006 385.50000000000006 0.97479412333301141 430793.00000000006 0.014118263899870901 431659.50000000006 0.94879202082138347 0.018217399782293853 0.025275782518074403 18.904999732971152 433889.00000000006 0.013144279057226553 0.016689466704544704 1.0551315670395802 -0.0058415726940788488
decision_type=2 2 2 2 2 2 2 2 2 2 2 2 2 2 2 2 2 2 2 2 2 2 2 2 2 2 2 2
left_child=1 8 3 4 -3 10 -2 11 19 18 16 -5 20 25 -15 -11 -4 -12 -7 21 24 -1 -9 -21 -10 -14 -22 -25
right_child=6 2 5 7 -6 9 -8 22 12 15 17 -13 13 14 -16 -17 -18 -19 -20 23 26 -23 -24 27 -26 -27 -28 -29
leaf_value=0.03581109117297044 0.058472645950803218 0.013373807976125703 0.031228500976902971 0.020150233851275946 0.026604613766668769 0.022520619566466046 0.045763373854824672 0.033487036622058736 0.027931808576732803 0.031296473813794863 0.028286072213449337 0.027629549509344552 0.02911123464619329 0.036405357273698855 0.03306792120653658 0.027722921402679339 0.033494296021234271 0.031045511459366612 0.027825284251812112 0.036361977247517163 0.032172130993097625 0.038976097579203152 0.031433024220630136 0.03366383054282765 0.029827803612961973 0.030634107122526243 0.031316633550295063 0.034946537721173648
leaf_weight=23 22 25 149 26 20 33 26 20 22 103 103 77 29 95 211 76 253 173 21 25 22 29 20 30 39 20 36 53
leaf_count=23 22 25 149 26 20 33 26 20 22 103 103 77 29 95 211 76 253 173 21 25 22 29 20 30 39 20 36 53
internal_value=0.031767 0.0311931 0.0298471 0.0254025 0.0189489 0.0307736 0.0520758 0.027529 0.033521 0.0284746 0.0315717 0.0256192 0.0326838 0.0334934 0.0341256 0.0297485 0.0326478 0.029996 0.0244198 0.0359614 0.0302993 0.0377355 0.0324038 0.0350327 0.0290448 0.0296377 0.0316933 0.0345467
internal_weight=1781 1733 1099 188 45 911 48 143 634 233 678 103 474 355 306 179 402 276 54 160 119 52 40 108 61 49 58 83
internal_count=1781 1733 1099 188 45 911 48 143 634 233 678 103 474 355 306 179 402 276 54 160 119 52 40 108 61 49 58 83
is_linear=0
shrinkage=1


Tree=1
num_leaves=27
num_cat=0
split_feature=15 20 24 22 22 25 11 23 20 21 20 24 24 22 16 15 11 15 17 15 15 19 15 19 17 19
split_gain=21.7851 5.69538 5.07499 7.97901 1.58504 1.35802 1.34178 0.963639 0.915458 0.85027 0.74908 0.669121 0.637693 0.435365 0.421967 0.26012 0.227848 0.211115 0.164277 0.0998724 0.0654258 0.0366421 0.0302509 0.0118228 0.0083277 0.000681949
threshold=0.08321350319931152 704.50000000000011 2.3860500000000004 1.9100000000000001 0.65500000000000014 35.619958646405635 0.99483864511113007 16.579999923706001 265.50000000000006 96.725002288818359 385.50000000000006 8.3472000000000026 1.7358000000000002 2.9150000000000005 58.791595965298697 0.011628734339702801 0.94879202082138347 0.018217399782293853 -0.0093870656526211984 0.012977268825117802 0.025275782518074403 433889.00000000006 0.013144279057226553 485283.00000000006 -0.0051859802181438491 524247.00000000006
decision_type=2 2 2 2 2 2 2 2 2 2 2 2 2 2 2 2 2 2 2 2 2 2 2 2 2 2
left_child=1 6 9 18 -2 11 16 17 25 13 -10 -5 -11 15 -14 -3 20 22 -4 -7 -1 -18 -8 -19 -23 -9
right_child=4 2 3 5 -6 19 7 8 10 12 -12 -13 14 -15 -16 -17 21 23 -20 -21 -22 24 -24 -25 -26 -27
leaf_value=0.0039278233512304722 0.02656085126314844 -0.00079431896648990603 -0.010717159682751767 -0.0017531503750196167 0.013993489453504825 -0.0052240305628095353 -0.0037251381789860519 -0.0024903937524982859 0.0045006560223118863 0.0020963582570219172 0.00126207762479591 -0.0057108897184106437 -0.0010195904676631848 -0.0029022270229512028 -0.0041540653093431433 0.0018983681303418188 0.0044624296944015297 -0.00043068694674998131 -0.016518271336952845 -0.009332683067321778 0.0070000336557626726 0.0019322368375336131 -0.0018824749460443853 0.00041998017623766582 0.0031464008747086841 -0.0013366277057515535
leaf_weight=23 20 35 20 392 28 20 22 27 95 45 211 43 173 20 51 241 25 37 35 24 29 35 39 21 48 22
leaf_count=23 20 35 20 392 28 20 22 27 95 45 211 43 173 20 51 241 25 37 35 24 29 35 39 21 48 22
internal_value=0 -0.000557704 -0.00186467 -0.00395889 0.0197263 -0.00269227 0.00170248 0.000888518 0.00167458 0.000112854 0.00228868 -0.00216346 -0.00109995 0.00122513 -0.00176187 0.00154444 0.0040747 -0.00142586 -0.0146914 -0.00768937 0.00579752 0.00317209 -0.00264479 -6.99414e-05 0.00269922 -0.00206947
internal_weight=1781 1733 1099 534 48 479 634 474 355 565 306 435 269 296 224 276 160 119 55 44 52 108 61 58 83 49
internal_count=1781 1733 1099 534 48 479 634 474 355 565 306 435 269 296 224 276 160 119 55 44 52 108 61 58 83 49
is_linear=0
shrinkage=0.03


Tree=2
num_leaves=25
num_cat=0
split_feature=15 20 24 22 25 25 11 21 15 24 24 21 17 14 22 20 15 11 17 21 15 15 24 9
split_gain=20.555 5.36858 4.78235 7.53776 1.5409 1.26916 1.26781 0.799721 0.78726 0.619254 0.601002 0.517703 0.68911 0.443615 0.410609 0.377652 0.24521 0.214235 0.210056 0.101227 0.0926351 0.0605024 0.0358346 0.00280881
threshold=0.08321350319931152 704.50000000000011 2.3860500000000004 1.8650000000000004 32.406870914317786 35.619958646405635 0.99483864511113007 96.725002288818359 0.013348461138612202 8.3472000000000026 1.7358000000000002 91.365001678466768 0.0073030297963531509 0.013911850312815952 2.9150000000000005 385.50000000000006 0.011628734339702801 0.94879202082138347 -0.0093870656526211984 91.88499832153316 0.012977268825117802 0.025275782518074403 1.6770500000000002 0.97593041069617115
decision_type=2 2 2 2 2 2 2 2 2 2 2 2 2 2 2 2 2 2 2 2 2 2 2 2
left_child=1 6 7 18 -2 9 17 14 19 -5 23 15 -13 -12 16 -10 -3 21 -4 -8 -7 -1 -19 -9
right_child=4 2 3 5 -6 20 8 10 11 -11 13 12 -14 -15 -16 -17 -18 22 -20 -21 -22 -23 -24 -25
leaf_value=0.0038148985973093658 0.025324658892724821 -0.00077115134149789808 -0.010410954903811217 -0.0017338981561306746 0.0130900316701995 -0.0050747724963085992 -0.0006994702277505504 0.001232677142135799 0.0053202483068135646 -0.0055434565848924899 -0.0039359975520521402 0 0.0033802884485491591 -0.00087718610415296182 -0.0028193062112799711 0.0013824171847708596 0.0018416524043399071 0.0018738574842573142 -0.016493966828374299 -0.0036841883291490376 -0.0090639016914367664 0.0067970328122377403 0.0034985564368275497 0.0024890837520360944
leaf_weight=23 22 35 20 394 26 20 20 20 43 43 59 261 68 165 20 51 241 31 33 31 24 29 77 25
leaf_count=23 22 35 20 394 26 20 20 20 43 43 59 261 68 165 20 51 241 31 33 31 24 29 77 25
internal_value=0 -0.000541827 -0.00181077 -0.00384373 0.0191612 -0.00263687 0.00165248 0.000108733 0.000861062 -0.0021274 -0.0010673 0.00129148 0.000713972 -0.0017101 0.00118759 0.00325239 0.0014979 0.00395851 -0.0144894 -0.00260736 -0.00747039 0.00563148 0.0030812 0.00203483
internal_weight=1781 1733 1099 534 48 481 634 565 474 437 269 423 329 224 296 94 276 160 53 51 44 52 108 45
internal_count=1781 1733 1099 534 48 481 634 565 474 437 269 423 329 224 296 94 276 160 53 51 44 52 108 45
is_linear=0
shrinkage=0.03


Tree=3
num_leaves=19
num_cat=0
split_feature=15 25 25 24 24 21 22 15 22 16 25 25 24 15 25 11 14 21
split_gain=19.3926 4.25312 6.17451 2.29943 2.42219 1.73487 1.48469 1.32091 0.952958 0.818326 0.6953 0.63921 0.969377 0.45782 0.355636 0.263485 0.160358 0.0949083
threshold=0.08321350319931152 32.406870914317786 32.642781253027472 2.3860500000000004 2.6213500000000005 98.81499862670897 0.65500000000000014 0.013348461138612202 0.72500000000000009 55.146166569359458 34.000224498453882 31.862831003500592 1.6552000000000002 0.012446114218982103 32.123304830393757 1.0434948589534143 0.021666166066872706 91.88499832153316
decision_type=2 2 2 2 2 2 2 2 2 2 2 2 2 2 2 2 2 2
left_child=1 7 -3 10 5 -5 -2 17 16 -6 15 12 -10 -12 -13 -4 -9 -1
right_child=6 2 3 4 9 -7 -8 8 11 -11 13 14 -14 -15 -16 -17 -18 -19
leaf_value=-0.00067948536112505409 0.025200754523277278 -0.01385176405331918 -0.0009903254452003768 -0.011109244012962215 -0.00084195628284542074 -0.0025387558469718153 0.013095092638813217 -0.002047585096066961 0.0051836176966919617 -0.0036535334508866072 -0.0016466127355268007 0.0074024133841196701 0.0013014838383351162 0.00098040333025459811 0.0021919959219438689 -0.004163200497386917 0.00094835534648826485 -0.0035771166267804799
leaf_weight=20 20 34 123 45 348 43 28 38 84 129 67 44 195 457 20 30 25 31
leaf_count=20 20 34 123 45 348 43 28 38 84 129 67 44 195 457 20 30 25 31
internal_value=0 -0.000526093 -0.00141672 -0.00106302 -0.00247444 -0.00703068 0.0186117 0.00195175 0.00252737 -0.00161465 0.000112383 0.00315069 0.00249535 0.000636295 0.00587908 -0.00165493 -0.000815603 -0.0025334
internal_weight=1781 1733 1276 1242 565 88 48 457 406 477 677 343 279 524 64 153 63 51
internal_count=1781 1733 1276 1242 565 88 48 457 406 477 677 343 279 524 64 153 63 51
is_linear=0
shrinkage=0.03


Tree=4
num_leaves=28
num_cat=0
split_feature=15 20 24 22 25 25 15 21 21 25 19 24 24 17 19 19 15 17 17 19 21 24 20 20 15 15 23
split_gain=18.2975 4.79612 4.28205 6.72795 1.44039 1.1276 1.05588 0.844023 0.730268 0.727737 0.768476 0.595804 0.586055 0.320173 0.315608 0.310162 0.305833 0.207164 0.203726 0.200642 0.192053 0.168938 0.154157 0.153695 0.0676861 0.0586456 0.0131706
threshold=0.08321350319931152 704.50000000000011 2.3860500000000004 1.8650000000000004 32.406870914317786 35.619958646405635 0.015825230349112106 91.594997406005817 96.624999999999957 32.995284623997733 493937.50000000006 1.7358000000000002 8.3472000000000026 0.0079754262777677019 484648.00000000006 436942.50000000006 0.013760665734757552 -0.0093870656526211984 -0.0080105193277606474 468366.00000000006 95.444999694824205 2.2220500000000007 649.00000000000011 256.00000000000006 0.012977268825117802 0.014616134517107101 13.170000076293901
decision_type=2 2 2 2 2 2 2 2 2 2 2 2 2 2 2 2 2 2 2 2 2 2 2 2 2 2 2
left_child=1 6 8 17 -2 12 7 14 15 10 13 26 -5 -8 -1 21 -13 -4 -11 -17 25 -3 -20 -12 -7 -9 -10
right_child=4 2 3 5 -6 24 9 20 11 18 23 16 -14 -15 -16 19 -18 -19 22 -21 -22 -23 -24 -25 -26 -27 -28
leaf_value=-9.6236511441280255e-05 0.024016909267591393 -0.0016384222456254064 -0.0097451597074312817 -0.0016299324581706806 0.012239417526457045 -0.0048575247526168822 0.0032566143203518142 -0.0036538311893842663 0.0010398911420382898 0.0028539237427711484 -0.0015495763339235312 -0.0037802544164005666 -0.0053351612568578932 0.0065499412281548276 0.0047304544986950031 0.002531393465915121 -0.0010337027862155968 -0.015639408974963076 0.00048813441154391807 0.00022764011914841833 0.00014704469836909661 0.00082221165387454673 -0.001988788503780961 0.0012589819117995867 -0.0084918614673614497 -0.0015970984779763967 0.0025121285473478252
leaf_weight=20 22 40 20 394 26 20 243 48 21 24 27 47 43 33 26 132 184 33 89 50 21 63 29 45 24 29 28
leaf_count=20 22 40 20 394 26 20 243 48 21 24 27 47 43 33 26 132 184 33 89 50 21 63 29 45 24 29 28
internal_value=0 -0.000510987 -0.00171045 -0.00363414 0.0180786 -0.00249352 0.0015629 -0.000675961 0.000105607 0.00222699 0.00296515 -0.000974939 -0.00201272 0.00368344 0.00261067 0.00117738 -0.00161934 -0.0136924 0.000388927 0.00191959 -0.00225975 -0.000111094 -0.000106988 0.000157877 -0.00705121 -0.00294809 0.00197459
internal_weight=1781 1733 1099 534 48 481 634 144 565 490 348 280 437 276 46 285 231 53 142 182 98 103 118 72 44 77 49
internal_count=1781 1733 1099 534 48 481 634 144 565 490 348 280 437 276 46 285 231 53 142 182 98 103 118 72 44 77 49
is_linear=0
shrinkage=0.03


Tree=5
num_leaves=24
num_cat=0
split_feature=24 25 24 22 7 10 25 25 11 21 16 25 17 24 22 25 16 11 22 21 19 22 18
split_gain=15.7545 3.72779 2.91892 3.92146 4.01482 2.28803 1.30435 1.27367 0.67152 0.985809 0.66459 0.603537 0.572405 0.491948 0.419649 0.359181 0.325806 0.247922 0.177069 0.0665277 0.062418 0.0371713 0.0181857
threshold=0.51485000000000014 32.406870914317786 2.3860500000000004 1.8550000000000002 0.072023724511806206 1.0935490817427267 35.619958646405635 31.862831003500592 1.022405523655286 91.365001678466768 55.146166569359458 34.000224498453882 0.006583475991294001 1.6552000000000002 3.0450000000000004 32.123304830393757 64.310700570575193 1.0490160622491744 0.72500000000000009 96.475002288818359 402727.00000000006 2.2450000000000006 1.035812536473242
decision_type=2 2 2 2 2 2 2 2 2 2 2 2 2 2 2 2 2 2 2 2 2 2 2
left_child=5 7 11 4 -4 -1 10 8 18 13 -5 17 -11 -10 16 22 -13 21 -2 -20 -8 -3 -9
right_child=1 2 3 6 -6 -7 20 15 9 12 -12 14 -14 -15 -16 -17 -18 -19 19 -21 -22 -23 -24
leaf_value=0.02484350168434056 0.00028036648477427659 -0.00069766999651781384 -0.014766868651906649 -0.00083337435579421701 0.00094710576212541622 0.010021411286100098 -0.0047187383174896241 0.0055231857784092432 0.0049214405477046967 -0.0019967227521966295 -0.0033757497841669687 0.0011592649986319828 0.0031998820216818285 0.00060612645913144133 -0.0035654451142264794 0.0020407634875071897 -0.00065838492367559817 -0.0042200254582696484 0.0037276345230638983 0.0016511212078233559 -0.0082472963619232183 -0.0022084296808711117 0.0085830341266549155
leaf_weight=21 23 107 44 373 21 22 20 23 44 131 125 388 21 55 20 20 112 26 93 26 24 20 22
leaf_count=21 23 107 44 373 21 22 20 23 44 131 125 388 21 55 20 20 112 26 93 26 24 20 22
internal_value=0 -0.000448644 -0.001281 -0.00278779 -0.00970716 0.0177284 -0.0019361 0.00186877 0.00120798 0.000258881 -0.00148302 7.56916e-05 -0.00124294 0.00258408 0.000567528 0.00573973 0.000745622 -0.00156926 0.0028511 0.00331648 -0.00685058 -0.000974417 0.0072384
internal_weight=1781 1738 1280 607 65 43 542 458 393 251 498 673 152 99 520 65 500 153 142 119 44 127 45
internal_count=1781 1738 1280 607 65 43 542 458 393 251 498 673 152 99 520 65 500 153 142 119 44 127 45
is_linear=0
shrinkage=0.03


end of trees

feature_importances:
Rolling_Std_20=26
OPEC_Production=18
CPI_Inflation=17
US_10Y_Yield=14
EIA_Crude_Inventory=12
USD_Index=12
Close_to_MA_50=11
US_Rig_Count=11
MACD_Pct=9
Rolling_Std_10=4
RSI_14=4
VIX=4
Daily_Range_Pct=1
Close_to_MA_10=1
Close_to_MA_20=1
Volume_to_MA_10=1

parameters:
[boosting: gbdt]
[objective: regression]
[metric: l2]
[tree_learner: serial]
[device_type: cpu]
[data_sample_strategy: bagging]
[data: ]
[valid: ]
[num_iterations: 200]
[learning_rate: 0.03]
[num_leaves: 31]
[num_threads: 20]
[seed: 42]
[deterministic: 0]
[force_col_wise: 0]
[force_row_wise: 0]
[histogram_pool_size: -1]
[max_depth: 6]
[min_data_in_leaf: 20]
[min_sum_hessian_in_leaf: 0.001]
[bagging_fraction: 0.8]
[pos_bagging_fraction: 1]
[neg_bagging_fraction: 1]
[bagging_freq: 0]
[bagging_seed: 400]
[bagging_by_query: 0]
[feature_fraction: 0.8]
[feature_fraction_bynode: 1]
[feature_fraction_seed: 30056]
[extra_trees: 0]
[extra_seed: 12879]
[early_stopping_round: 0]
[early_stopping_min_delta: 0]
[first_metric_only: 0]
[max_delta_step: 0]
[lambda_l1: 0.1]
[lambda_l2: 1]
[linear_lambda: 0]
[min_gain_to_split: 0]
[drop_rate: 0.1]
[max_drop: 50]
[skip_drop: 0.5]
[xgboost_dart_mode: 0]
[uniform_drop: 0]
[drop_seed: 17869]
[top_rate: 0.2]
[other_rate: 0.1]
[min_data_per_group: 100]
[max_cat_threshold: 32]
[cat_l2: 10]
[cat_smooth: 10]
[max_cat_to_onehot: 4]
[top_k: 20]
[monotone_constraints: ]
[monotone_constraints_method: basic]
[monotone_penalty: 0]
[feature_contri: ]
[forcedsplits_filename: ]
[refit_decay_rate: 0.9]
[cegb_tradeoff: 1]
[cegb_penalty_split: 0]
[cegb_penalty_feature_lazy: ]
[cegb_penalty_feature_coupled: ]
[path_smooth: 0]
[interaction_constraints: ]
[verbosity: -1]
[saved_feature_importance_type: 0]
[use_quantized_grad: 0]
[num_grad_quant_bins: 4]
[quant_train_renew_leaf: 0]
[stochastic_rounding: 1]
[linear_tree: 0]
[max_bin: 255]
[max_bin_by_feature: ]
[min_data_in_bin: 3]
[bin_construct_sample_cnt: 200000]
[data_random_seed: 175]
[is_enable_sparse: 1]
[enable_bundle: 1]
[use_missing: 1]
[zero_as_missing: 0]
[feature_pre_filter: 1]
[pre_partition: 0]
[two_round: 0]
[header: 0]
[label_column: ]
[weight_column: ]
[group_column: ]
[ignore_column: ]
[categorical_feature: ]
[forcedbins_filename: ]
[precise_float_parser: 0]
[parser_config_file: ]
[objective_seed: 16083]
[num_class: 1]
[is_unbalance: 0]
[scale_pos_weight: 1]
[sigmoid: 1]
[boost_from_average: 1]
[reg_sqrt: 0]
[alpha: 0.9]
[fair_c: 1]
[poisson_max_delta_step: 0.7]
[tweedie_variance_power: 1.5]
[lambdarank_truncation_level: 30]
[lambdarank_norm: 1]
[label_gain: ]
[lambdarank_position_bias_regularization: 0]
[eval_at: ]
[multi_error_top_k: 1]
[auc_mu_weights: ]
[num_machines: 1]
[local_listen_port: 12400]
[time_out: 120]
[machine_list_filename: ]
[machines: ]
[gpu_platform_id: -1]
[gpu_device_id: -1]
[gpu_device_id_list: ]
[gpu_use_dp: 0]
[num_gpu: 1]

end of parameters

pandas_categorical:[]
