tree
version=v4
num_class=1
num_tree_per_iteration=1
label_index=0
max_feature_idx=26
objective=regression
feature_names=Return Log_Return Ret_Lag_1 Ret_Lag_2 Ret_Lag_3 Ret_Lag_5 Ret_Lag_10 Daily_Range_Pct Close_to_MA_5 Close_to_MA_10 Close_to_MA_20 Close_to_MA_50 Close_to_EMA_10 Close_to_EMA_20 Rolling_Std_10 Rolling_Std_20 RSI_14 MACD_Pct Volume_to_MA_10 USD_Index US_10Y_Yield VIX CPI_Inflation Fed_Funds_Rate Real_Yield_10Y Gold_Silver_Ratio ETF_Holdings
feature_infos=[-0.049787261049700701:0.059476675923340702] [-0.051069383720258002:0.057775084253924198] [-0.049787261049700701:0.059476675923340702] [-0.049787261049700701:0.059476675923340702] [-0.049787261049700701:0.059476675923340702] [-0.049787261049700701:0.059476675923340702] [-0.049787261049700701:0.059476675923340702] [0:0.078740156186575705] [0.93793313810140777:1.0826779071998462] [0.91799856664688517:1.0763535109640261] [0.91691942540963522:1.0993067380055597] [0.91826784837337083:1.1345926026918298] [0.93433552769747197:1.0629203962718834] [0.92724732402649179:1.0870129484146571] [0.0019845374892284002:0.036763592403246198] [0.0031889989828997999:0.029169517904935601] [19.736579673164101:88.210785159824809] [-0.0145814313866162:0.0092135890202180992] [0:9.9989886445000487] [80.040000919999997:113.2200012] [0.52000000000000002:4.2199999999999998] [9.1400003430000005:75.47000122] [234.74700000000001:298.786] [0.050000000000000003:4.0999999999999996] [-1.1899999999999999:1.74] [62.384080060000002:116.34043130000001] [634.63:1277.9400000000001]
tree_sizes=1648 2070 1687 1772 1852 1663 1864 1657 1662 1952 1690 1496 1578 1667 1683 1496 1308 1780 2045 1401 1554 2120 1557 1207 1536 2010 2408 2287 2520 1898 1969 1626 1616 1638 1985 1659 1808 1750 1344 1708 2007

Tree=0
num_leaves=17
num_cat=0
split_feature=26 14 21 21 16 21 19 17 26 17 11 26 24 11 0 11
split_gain=0.057969 0.0445967 0.0347073 0.0577341 0.0452855 0.0312698 0.0310477 0.0276919 0.0216236 0.0199143 0.0160437 0.0201805 0.00782978 0.00719361 0.00380413 0.000775746
threshold=639.99500000000012 0.020993444577939353 14.164999965000002 13.614999775000003 36.800914132840582 14.215000155000002 97.89500046000002 0.0044527649107814005 1259.1150000000002 0.0036541731783052002 1.052818876456447 881.29500000000019 0.71500000000000008 1.0222418432505209 -0.0028365351252770993 1.0064856568421086
decision_type=2 2 2 2 2 2 2 2 2 2 2 2 2 2 2 2
left_child=6 2 3 4 14 -4 -1 8 -7 -6 11 -5 15 -9 -2 -8
right_child=1 -3 5 10 9 7 12 13 -10 -11 -12 -13 -14 -15 -16 -17
leaf_value=0.0027708034549443128 0.0028838800966463417 0.0039491061812754798 0.0016545151583279097 0.0029534070542784623 0.0025320851219113793 0.0026155367988736906 0.0023766461093193232 0.0015569267094866952 0.0032569161213645854 0.0031236742987770863 0.0028152908970670854 0.0040547004984202821 0.001171738563734354 0.0023930865933010884 0.0035274860048478251 0.0018093130082659501
leaf_weight=27 28 24 31 33 433 1242 27 25 48 56 38 52 27 36 56 29
leaf_count=27 28 24 31 33 433 1242 27 25 48 56 38 52 27 36 56 29
internal_value=0.00265249 0.00268776 0.00267113 0.00284486 0.00271205 0.00258573 0.00198432 0.00261004 0.00264218 0.00260678 0.00343392 0.00367049 0.0016944 0.00198987 0.00335349 0.00202058
internal_weight=2212 2102 2078 696 573 1382 110 1351 1290 489 123 85 83 61 84 56
internal_count=2212 2102 2078 696 573 1382 110 1351 1290 489 123 85 83 61 84 56
is_linear=0
shrinkage=1


Tree=1
num_leaves=22
num_cat=0
split_feature=14 21 21 16 21 17 25 20 14 11 17 16 17 24 20 15 20 18 1 2 18
split_gain=0.0445491 0.0468952 0.0545462 0.0427683 0.0371176 0.027331 0.0227095 0.0204707 0.0368253 0.023703 0.01529 0.0152044 0.0102983 0.00874498 0.00770348 0.00739366 0.00718146 0.00581901 0.00344595 0.00049297 5.45626e-05
threshold=0.020993444577939353 14.164999965000002 13.614999775000003 36.800914132840582 14.934999945000003 0.004284888414889651 68.730187940000022 0.81500000000000006 0.0077440515671182006 0.95746073416954725 0.0027704483153692503 71.195972774358424 0.0010200396454043503 0.48500000000000004 1.9100000000000001 0.0086598583354738513 0.94000000000000006 0.20064461978679674 -0.0028405657223871494 0.0039718510404762007 0.52125107477819133
decision_type=2 2 2 2 2 2 2 2 2 2 2 2 2 2 2 2 2 2 2 2 2
left_child=1 2 3 18 14 7 15 8 -6 -9 -8 12 -4 16 20 -5 -7 -16 -1 -15 -3
right_child=-2 4 11 6 5 13 10 9 -10 -11 -12 -13 -14 19 17 -17 -18 -19 -20 -21 -22
leaf_value=0.00022468821301751223 0.0012592741125449537 0 0.00054123566617209713 -0.00070676522330031719 0.0011751804000531721 -0.00023806499883674247 -4.1773948465410575e-05 0.00034760056620706679 -5.0484137927961282e-05 -0.00010200835845876418 0.00042249991029180435 0 0.0013277137347026422 0 -0.00021779301748611033 0 -0.0012121989826804824 -0.00091337065083002122 0.00084920712004072567 -0.00024061153017894616 -0.000187631282822362
leaf_weight=28 24 20 57 54 34 22 337 114 48 1070 76 23 43 20 29 22 27 67 56 21 20
leaf_count=28 24 20 57 54 34 22 337 114 48 1070 76 23 43 20 29 22 27 67 56 21 20
internal_value=0 -1.43359e-05 0.000187262 5.80057e-05 -0.000110451 -6.03836e-05 -4.41337e-05 -2.1799e-05 0.00042961 -5.59299e-05 3.72292e-05 0.000759893 0.000918922 -0.00056397 -0.000583669 -0.000519979 -0.000848341 -0.000738588 0.000681421 -0.000140576 -0.000129747
internal_weight=2212 2188 696 573 1492 1356 489 1266 82 1184 413 123 100 90 136 76 49 96 84 41 40
internal_count=2212 2188 696 573 1492 1356 489 1266 82 1184 413 123 100 90 136 76 49 96 84 41 40
is_linear=0
shrinkage=0.03


Tree=2
num_leaves=17
num_cat=0
split_feature=26 14 21 21 16 19 21 17 26 17 11 26 24 11 0 11
split_gain=0.0532615 0.0396327 0.0309105 0.0515226 0.0404706 0.0284851 0.0281755 0.0249886 0.0190786 0.0181247 0.0144295 0.0185801 0.00781657 0.00637988 0.00321575 0.000629445
threshold=639.99500000000012 0.020993444577939353 14.164999965000002 13.614999775000003 37.018815320453179 97.89500046000002 14.215000155000002 0.0044527649107814005 1259.1150000000002 0.0036541731783052002 1.052818876456447 881.29500000000019 0.71500000000000008 1.0222418432505209 -0.0028365351252770993 1.0023172645058513
decision_type=2 2 2 2 2 2 2 2 2 2 2 2 2 2 2 2
left_child=5 2 3 4 14 -1 -4 8 -8 -6 11 -5 15 -9 -2 -7
right_child=1 -3 6 10 9 12 7 13 -10 -11 -12 -13 -14 -15 -16 -17
leaf_value=0.00010876791353803127 0.00021428511667763813 0.0012230070105940102 -0.00094654268492013209 0.00027223230498459413 -0.00011706712892190029 -0.00023279299171050436 -3.3818085955069607e-05 -0.0010388234368023965 0.00056866844725552757 0.00044714513493971411 0.00014752361400034996 0.0013316810833345681 -0.0014346670401947836 -0.0002418857860202725 0.00081057524671422914 -0.0007786723119133967
leaf_weight=27 29 24 31 33 430 25 1242 25 48 56 38 52 27 36 58 31
leaf_count=27 29 24 31 33 430 25 1242 25 48 56 38 52 27 36 58 31
internal_value=0 3.37745e-05 1.80147e-05 0.000182026 5.62436e-05 -0.000640498 -6.24871e-05 -3.92976e-05 -8.65308e-06 -4.51102e-05 0.000738616 0.000963198 -0.000918343 -0.000628374 0.000650597 -0.000595967
internal_weight=2212 2102 2078 696 573 110 1382 1351 1290 486 123 85 83 61 87 56
internal_count=2212 2102 2078 696 573 110 1382 1351 1290 486 123 85 83 61 87 56
is_linear=0
shrinkage=0.03


Tree=3
num_leaves=18
num_cat=0
split_feature=26 11 11 20 20 25 22 11 11 26 21 24 24 25 25 22 22
split_gain=0.050354 0.0258967 0.0255083 0.0244024 0.040032 0.0231045 0.0214629 0.0237125 0.0177101 0.0167809 0.0144166 0.0177465 0.00715626 0.00480939 0.00755843 0.00373021 0.00437569
threshold=639.99500000000012 0.97667502679058427 0.95540947442274349 2.4650000000000003 2.4450000000000007 67.940476510000011 237.57500000000002 1.0415458124520824 1.0155984111037653 748.79000000000008 30.500000000000004 1.1650000000000003 0.71500000000000008 78.471115895000011 84.879039635000012 241.88350000000005 261.47800000000007
decision_type=2 2 2 2 2 2 2 2 2 2 2 2 2 2 2 2 2
left_child=1 -1 5 4 6 -2 9 -8 10 -4 11 -5 -3 -10 -15 -7 -17
right_child=2 12 3 8 -6 15 7 -9 13 -11 -12 -13 -14 14 -16 16 -18
leaf_value=6.9302900967284511e-05 -0.00034486091096187012 -0.00058939531898920836 -5.5059591747439382e-05 -0.00030277107543666697 0.0012910821994300929 0.00028337026632668327 0.0001588805571309093 -0.00017940248280993309 -0.00027595273897583998 -0.00074794941488653412 -0.0010040294292569161 0.0002570569694116288 -0.0014210547036849533 0.00037014737085194646 -4.759889151422872e-05 0.0011435540156559116 0.0004068369730942052
leaf_weight=28 23 57 131 320 23 46 995 221 20 46 24 54 25 78 55 30 36
leaf_count=28 23 57 131 320 23 46 995 221 20 46 24 54 25 78 55 30 36
internal_value=0 -0.000622726 3.28845e-05 3.86745e-06 7.12648e-05 0.000430477 4.80604e-05 9.48379e-05 -0.000163716 -0.000255177 -0.000271058 -0.00021347 -0.000893161 9.59811e-05 0.000175941 0.00061789 0.000798554
internal_weight=2212 110 2102 1967 1416 135 1393 1216 551 177 398 374 82 153 133 112 66
internal_count=2212 110 2102 1967 1416 135 1393 1216 551 177 398 374 82 153 133 112 66
is_linear=0
shrinkage=0.03


Tree=4
num_leaves=19
num_cat=0
split_feature=26 14 19 10 11 19 19 22 15 11 22 25 26 24 8 26 16 11
split_gain=0.0474455 0.03698 0.0258892 0.0152485 0.019085 0.0300093 0.0225091 0.0188163 0.0177603 0.0140816 0.0120814 0.016179 0.00994916 0.00663347 0.00618227 0.00354006 0.00184906 0.000584473
threshold=639.99500000000012 0.020993444577939353 97.89500046000002 0.97859139032760367 0.99163928578282523 93.619998930000023 106.33000180000001 298.39650000000006 0.0085776751732187014 1.0366579753988883 241.88350000000005 77.89415046000002 841.6350000000001 0.71500000000000008 0.99554413123768659 906.80000000000007 36.800914132840582 1.0064856568421086
decision_type=2 2 2 2 2 2 2 2 2 2 2 2 2 2 2 2 2 2
left_child=2 3 -1 10 6 9 8 -7 -5 -6 12 16 14 17 -2 -13 -12 -4
right_child=1 -3 13 4 5 7 -8 -9 -10 -11 11 15 -14 -15 -16 -17 -18 -19
leaf_value=0.00010573381526462201 -1.9671668325788634e-05 0.0011805481163039803 -0.0002300551991886875 -0.00023863801919389842 -8.3664880804214833e-05 0.00016422573062522804 -0.0010741060519358144 -0.00060598684612653286 0.00011849273416922474 -0.00060536897889826259 0.00071797842531449974 0.00019951093555861261 -0.00059931721974333576 -0.0013552486593169824 0.00052531384088797494 -0.00022947549804978602 0.00013096852515757614 -0.00075597213605069549
leaf_weight=27 46 24 27 355 263 911 23 27 180 62 78 42 21 27 23 27 20 29
leaf_count=27 46 24 27 355 263 911 23 27 180 62 78 42 21 27 23 27 20 29
internal_value=0 3.18259e-05 -0.000604569 1.65542e-05 -1.24621e-05 5.0301e-05 -0.000159725 0.000138239 -0.000112888 -0.000193944 0.000233032 0.000384668 -1.65057e-05 -0.000869853 0.000124042 0 0.000631017 -0.000563521
internal_weight=2212 2102 110 2078 1821 1263 558 938 535 325 257 167 90 83 69 69 98 56
internal_count=2212 2102 110 2078 1821 1263 558 938 535 325 257 167 90 83 69 69 98 56
is_linear=0
shrinkage=0.03


Tree=5
num_leaves=17
num_cat=0
split_feature=26 15 21 21 16 21 19 17 25 26 16 26 24 21 0 11
split_gain=0.0448332 0.0305385 0.0287331 0.0478584 0.0368247 0.0255148 0.024625 0.0230227 0.0211871 0.0197368 0.013515 0.013538 0.00603577 0.00514234 0.00290131 0.000459047
threshold=639.99500000000012 0.017471475160184102 14.164999965000002 13.614999775000003 37.018815320453179 14.215000155000002 97.89500046000002 0.0044527649107814005 68.730187940000022 1259.1150000000002 71.195972774358424 881.29500000000019 0.71500000000000008 22.330000880000004 -0.0028365351252770993 1.0023172645058513
decision_type=2 2 2 2 2 2 2 2 2 2 2 2 2 2 2 2
left_child=6 2 3 4 14 -4 -1 9 -6 -7 11 -5 15 -9 -2 -8
right_child=1 -3 5 10 8 7 12 13 -10 -11 -12 -13 -14 -15 -16 -17
leaf_value=0.00010267509764526038 0.00019749837915005627 0.00095205795778019811 -0.0009045987281715497 0.00034017565222033722 -0.00050752918590028697 -3.6776091412915637e-05 -0.00020395988878982069 -0.001085474651905575 3.3541458755863256e-05 0.00060821768290373831 0 0.0011867989162775961 -0.0013160432881143475 -0.00027313140721193379 0.00077185044251382347 -0.00071792849035409744
leaf_weight=27 29 31 31 43 75 1247 25 20 411 43 23 57 27 34 58 31
leaf_count=27 29 31 31 43 75 1247 25 20 411 43 23 57 27 34 58 31
internal_value=0 3.07796e-05 1.50886e-05 0.000173171 5.17613e-05 -6.28174e-05 -0.000587847 -4.05127e-05 -4.46676e-05 -1.24981e-05 0.000709591 0.000859426 -0.000846737 -0.00064281 0.000618911 -0.000548713
internal_weight=2212 2102 2071 696 573 1375 110 1344 486 1290 123 100 83 54 87 56
internal_count=2212 2102 2071 696 573 1375 110 1344 486 1290 123 100 83 54 87 56
is_linear=0
shrinkage=0.03


Tree=6
num_leaves=20
num_cat=0
split_feature=14 21 21 16 21 17 25 11 20 19 16 17 24 15 21 20 20 1 7
split_gain=0.035576 0.0381102 0.0451672 0.0348054 0.0305283 0.0232231 0.0197314 0.0172384 0.0201585 0.014334 0.0127056 0.0084438 0.00836981 0.00683442 0.00601884 0.00592027 0.0056831 0.00253143 0.00173343
threshold=0.020993444577939353 14.164999965000002 13.614999775000003 36.800914132840582 14.934999945000003 0.004284888414889651 68.730187940000022 0.95430260582967918 0.81500000000000006 94.094997405000015 71.195972774358424 0.0010200396454043503 0.48500000000000004 0.0086598583354738513 23.975000385000005 1.8250000000000004 0.94000000000000006 -0.0028405657223871494 0.0082776004036641017
decision_type=2 2 2 2 2 2 2 2 2 2 2 2 2 2 2 2 2 2 2
left_child=1 2 3 17 15 7 13 14 -9 -8 11 -4 16 -5 -6 -3 -7 -1 -14
right_child=-2 4 10 6 5 12 9 8 -10 -11 -12 -13 18 -15 -16 -17 -18 -19 -20
leaf_value=0.00019523294081415674 0.0011250620843097567 0 0.00048450927705512027 -0.00066411109480580882 0.00049891157420065045 -0.00022541541633520112 -0.00013302022294472127 0.00039205779644649428 -8.8667817992695711e-05 0.00021651341831117554 0 0.0012098244415564376 0 0 0 -0.00061913482148788469 -0.0011253171885785248 0.00076230878989506305 -0.00031156496091612744
leaf_weight=28 24 23 57 54 72 22 207 82 1090 206 23 43 21 22 22 113 27 56 20
leaf_count=28 24 23 57 54 72 22 207 82 1090 206 23 43 21 22 22 113 27 56 20
internal_value=0 -1.30755e-05 0.000168502 5.03912e-05 -9.98446e-05 -5.42107e-05 -4.12017e-05 -1.84592e-05 -5.21703e-05 3.41789e-05 0.000689686 0.000834988 -0.000518419 -0.000484921 0.0003664 -0.000529227 -0.000793869 0.000613098 -0.00010673
internal_weight=2212 2188 696 573 1492 1356 489 1266 1172 413 123 100 90 76 94 136 49 84 41
internal_count=2212 2188 696 573 1492 1356 489 1266 1172 413 123 100 90 76 94 136 49 84 41
is_linear=0
shrinkage=0.03


Tree=7
num_leaves=17
num_cat=0
split_feature=26 15 21 21 16 11 26 17 21 25 26 11 26 23 24 0
split_gain=0.0412054 0.0275041 0.0256049 0.0439897 0.0329511 0.0219807 0.0208287 0.0209052 0.0208808 0.0188352 0.014847 0.0130341 0.0135623 0.00792841 0.00589546 0.00232887
threshold=639.99500000000012 0.017471475160184102 14.125000000000002 13.614999775000003 37.018815320453179 0.97667502679058427 1259.1150000000002 0.0044527649107814005 14.215000155000002 68.730187940000022 1273.5600000000002 1.052818876456447 881.29500000000019 0.40500000000000008 0.71500000000000008 -0.0028365351252770993
decision_type=2 2 2 2 2 2 2 2 2 2 2 2 2 2 2 2
left_child=5 2 3 4 15 -1 7 8 -4 -6 -8 12 -5 -9 -7 -2
right_child=1 -3 6 11 9 14 10 13 -10 -11 -12 -13 -14 -15 -16 -17
leaf_value=6.7343819212039983e-05 0.00018696851964923554 0.0009039901290007037 -0.0007835533974958317 0.00024933585956797842 -0.00047860974080839164 -0.0005292122699460817 0.00099462794607305637 -0.0011019015981070697 -3.3965042077686392e-05 3.1301022220485743e-05 0 0.00012423663998309235 0.0012160667725311556 -0.00015255229594185948 -0.001300293639445534 0.00072733851406975812
leaf_weight=28 29 31 34 30 75 57 27 24 1247 411 21 38 52 25 25 58
leaf_count=28 29 31 34 30 75 57 27 24 1247 411 21 38 52 25 25 58
internal_value=0 2.95656e-05 1.45989e-05 0.000164366 4.88566e-05 -0.000563504 -5.86084e-05 -8.289e-05 -5.67962e-05 -4.20499e-05 0.00054093 0.000686167 0.000905795 -0.000690278 -0.000813276 0.000585478
internal_weight=2212 2102 2071 693 573 110 1378 1330 1281 486 48 120 82 49 82 87
internal_count=2212 2102 2071 693 573 110 1378 1330 1281 486 48 120 82 49 82 87
is_linear=0
shrinkage=0.03


Tree=8
num_leaves=17
num_cat=0
split_feature=26 14 21 21 16 21 19 17 25 26 16 26 24 11 1 11
split_gain=0.038847 0.0305062 0.0240557 0.0404173 0.0311342 0.0219837 0.0218409 0.0207143 0.0177438 0.0148804 0.0116252 0.0117943 0.00552878 0.00465413 0.00207934 0.000485124
threshold=639.99500000000012 0.020993444577939353 14.164999965000002 13.614999775000003 37.018815320453179 14.215000155000002 97.89500046000002 0.0044527649107814005 68.730187940000022 1259.1150000000002 70.858181864849016 881.29500000000019 0.71500000000000008 1.0222418432505209 -0.0028405657223871494 1.0011582396430769
decision_type=2 2 2 2 2 2 2 2 2 2 2 2 2 2 2 2
left_child=6 2 3 4 14 -4 -1 9 -6 -7 11 -5 15 -9 -2 -8
right_child=1 -3 5 10 8 7 12 13 -10 -11 -12 -13 -14 -15 -16 -17
leaf_value=9.823909413535147e-05 0.00018154642722802237 0.001072253105342388 -0.00083754319235231382 0.00030670765660430665 -0.00046444038842922671 -2.9696572381641411e-05 -0.00016138226433657109 -0.0009331887044234183 3.0364270470934714e-05 0.00050230465637287128 0 0.0011063652206702451 -0.0012405781729945113 -0.00022109320814834557 0.00070588820961982768 -0.00065773698890751059
leaf_weight=27 29 24 31 43 75 1242 24 25 411 48 24 56 27 36 58 32
leaf_count=27 29 24 31 43 75 1242 24 25 411 48 24 56 27 36 58 32
internal_value=0 2.87719e-05 1.47672e-05 0.000159606 4.75721e-05 -5.60699e-05 -0.000547075 -3.53131e-05 -4.06312e-05 -7.20365e-06 0.000652736 0.00079558 -0.000791382 -0.000571667 0.000569248 -0.000504208
internal_weight=2212 2102 2078 696 573 1382 110 1351 486 1290 123 99 83 61 87 56
internal_count=2212 2102 2078 696 573 1382 110 1351 486 1290 123 99 83 61 87 56
is_linear=0
shrinkage=0.03


Tree=9
num_leaves=20
num_cat=0
split_feature=26 14 19 19 26 26 11 20 15 19 19 19 20 22 18 8 25 11 16
split_gain=0.0367377 0.0287686 0.0207882 0.0135201 0.0394941 0.023155 0.0177422 0.0187156 0.0342487 0.0169326 0.0427218 0.0334184 0.0146104 0.0105514 0.00955846 0.00584818 0.00268354 0.00186747 0.000840487
threshold=639.99500000000012 0.020993444577939353 97.89500046000002 96.975002290000006 940.81000000000006 944.47000000000014 1.0419340138286259 1.3900000000000001 0.007835366372799352 101.0550003 104.78999710000001 100.88000110000002 1.4450000000000001 260.61500000000007 0.32168856740668411 1.0106585903362284 76.663052700000023 1.0049023467278988 44.05218521423982
decision_type=2 2 2 2 2 2 2 2 2 2 2 2 2 2 2 2 2 2 2
left_child=2 3 -1 6 9 -6 7 8 -2 11 -11 -5 -9 15 -7 -8 -15 18 -4
right_child=1 -3 17 4 5 14 13 12 -10 10 -12 -13 -14 16 -16 -17 -18 -19 -20
leaf_value=9.5397173194214688e-05 0.0010249635573269275 0.0010413722216337919 -0.00063201308030901211 0.00022051318760091642 -0.0010450869836461018 0.00011181325100478715 -0.00034872481500497086 -0.00073916636252422524 4.1421325756340965e-05 -0.00045296292452917008 0.00041181193231155206 0.0012663223170224698 -4.3717653515505188e-05 -0.0010990689694034782 -0.00045606837631203238 0.00011617532536312116 -0.00032040089290015977 -0.00099778642429208201 -7.3747504635580932e-05
leaf_weight=27 40 24 20 486 33 59 50 28 178 105 98 30 851 21 41 33 25 43 20
leaf_count=27 40 24 20 486 33 59 50 28 178 105 98 30 851 21 41 33 25 43 20
internal_value=0 2.79915e-05 -0.000532004 1.43492e-05 0.000107177 -0.000358052 -4.77508e-05 -5.68793e-06 0.000239443 0.000197779 -2.08073e-05 0.000289451 -7.00946e-05 -0.000379577 -9.35255e-05 -0.000128988 -0.000755531 -0.000770519 -0.000434658
internal_weight=2212 2102 110 2078 852 133 1226 1097 218 719 203 516 879 129 100 83 46 83 40
internal_count=2212 2102 110 2078 852 133 1226 1097 218 719 203 516 879 129 100 83 46 83 40
is_linear=0
shrinkage=0.03


Tree=10
num_leaves=17
num_cat=0
split_feature=26 14 21 21 10 21 19 17 17 26 11 26 24 11 0 11
split_gain=0.0347193 0.0271377 0.0224872 0.0369395 0.029881 0.0199156 0.0197861 0.0194629 0.0155652 0.0136149 0.0107213 0.0135746 0.00504646 0.00435778 0.00199292 0.000218961
threshold=639.99500000000012 0.020993444577939353 14.164999965000002 13.614999775000003 0.97813861129238966 14.215000155000002 97.89500046000002 0.0044527649107814005 0.0036541731783052002 1259.1150000000002 1.052818876456447 881.29500000000019 0.71500000000000008 1.0222418432505209 -0.0046122176084042983 1.0011582396430769
decision_type=2 2 2 2 2 2 2 2 2 2 2 2 2 2 2 2
left_child=6 2 3 4 14 -4 -1 9 -6 -7 11 -5 15 -9 -2 -8
right_child=1 -3 5 10 8 7 12 13 -10 -11 -12 -13 -14 -15 -16 -17
leaf_value=9.2637467996350346e-05 0.00017913723872650574 0.0010113806915190071 -0.00079878859286714029 0.00021326997023639061 -9.0830462128238179e-05 -2.9043723931278869e-05 -0.00014925117413629779 -0.00090596621806393011 0.00043194500705622457 0.0004797147920453797 0.00010507191556434217 0.0011360334715331498 -0.0011815183293074367 -0.00021182635671308114 0.00080049831903694808 -0.00061209637584926731
leaf_weight=27 22 24 31 33 451 1242 24 25 56 48 38 52 27 36 44 32
leaf_count=27 22 24 31 33 451 1242 24 25 56 48 38 52 27 36 44 32
internal_value=0 2.71051e-05 1.38132e-05 0.000153898 4.65298e-05 -5.46271e-05 -0.000517289 -3.47545e-05 -2.64459e-05 -7.43247e-06 0.000625474 0.000819313 -0.000750154 -0.000554721 0.000643919 -0.000472464
internal_weight=2212 2102 2078 696 573 1382 110 1351 507 1290 123 85 83 61 66 56
internal_count=2212 2102 2078 696 573 1382 110 1351 507 1290 123 85 83 61 66 56
is_linear=0
shrinkage=0.03


Tree=11
num_leaves=15
num_cat=0
split_feature=26 14 21 21 10 19 17 21 19 20 26 24 21 8
split_gain=0.0328445 0.0255893 0.0213337 0.0364293 0.0239046 0.0188409 0.0169186 0.0182762 0.0144534 0.0128384 0.00762097 0.00456764 0.00412292 0.000466442
threshold=639.99500000000012 0.020993444577939353 14.125000000000002 13.924999715000002 0.97813861129238966 97.89500046000002 0.0044527649107814005 14.215000155000002 101.5550003 0.81500000000000006 883.1400000000001 0.71500000000000008 22.330000880000004 0.99164384875725553
decision_type=2 2 2 2 2 2 2 2 2 2 2 2 2 2
left_child=5 2 3 4 13 -1 7 -4 -6 -9 -5 -7 -8 -2
right_child=1 -3 6 10 8 11 12 9 -10 -11 -12 -13 -14 -15
leaf_value=8.9957605914345803e-05 0.00029067597700015862 0.00098225292782852199 -0.00070528532750571942 0.00037453723321003574 4.8407100768765137e-05 -0.00046026994770172197 -0.00095675761608539952 0.0003507051043442439 -0.00058867762373376864 -3.4170776776130688e-05 0.0012491460499353705 -0.0011473386744037268 -0.00024744141313047817 0.00077233250912793559
leaf_weight=27 33 24 34 34 527 56 20 82 33 1208 29 27 41 37
leaf_count=27 33 24 34 34 527 56 20 82 33 1208 29 27 41 37
internal_value=0 2.64107e-05 1.3461e-05 0.000150373 7.5714e-05 -0.000503082 -5.29389e-05 -2.78407e-05 4.5346e-06 -7.12931e-06 0.000837237 -0.000730487 -0.000540072 0.000594812
internal_weight=2212 2102 2078 693 630 110 1385 1324 560 1290 63 83 61 70
internal_count=2212 2102 2078 693 630 110 1385 1324 560 1290 63 83 61 70
is_linear=0
shrinkage=0.03


Tree=12
num_leaves=16
num_cat=0
split_feature=26 15 21 21 10 19 21 17 17 26 16 26 24 23 0
split_gain=0.0309605 0.0217489 0.0205207 0.0336719 0.026863 0.0178964 0.0176851 0.0166192 0.0146297 0.0142425 0.0103646 0.00948529 0.00417867 0.00409247 0.00169741
threshold=639.99500000000012 0.017471475160184102 14.164999965000002 13.614999775000003 0.97813861129238966 97.89500046000002 14.215000155000002 0.0044527649107814005 0.0036541731783052002 1259.1150000000002 70.858181864849016 881.29500000000019 0.71500000000000008 1.4150000000000003 -0.0046122176084042983
decision_type=2 2 2 2 2 2 2 2 2 2 2 2 2 2 2
left_child=5 2 3 4 14 -1 -4 9 -6 -8 11 -5 -7 -9 -2
right_child=1 -3 6 10 8 12 7 13 -10 -11 -12 -13 -14 -15 -16
leaf_value=8.7355256230304274e-05 0.00016377090002693559 0.00080335574953642203 -0.00075507644390745553 0.00028061457231392113 -8.8249761715919725e-05 -0.00044670408810979048 -3.1226827933288892e-05 -0.00075752221644589945 0.00041845786990597842 0.00051648242886155702 0 0.0010129683637427852 -0.0011141478061742548 -2.5405747549874435e-05 0.000757572981629831
leaf_weight=27 22 31 31 43 451 56 1247 34 56 43 24 56 27 20 44
leaf_count=27 22 31 31 43 451 56 1247 34 56 43 24 56 27 20 44
internal_value=0 2.56831e-05 1.22124e-05 0.000145996 4.32417e-05 -0.000488399 -5.33831e-05 -3.44183e-05 -2.5663e-05 -1.02602e-05 0.000596278 0.000730862 -0.000710218 -0.000546305 0.000609814
internal_weight=2212 2102 2071 696 573 110 1375 1344 507 1290 123 99 83 54 66
internal_count=2212 2102 2071 696 573 110 1375 1344 507 1290 123 99 83 54 66
is_linear=0
shrinkage=0.03


Tree=13
num_leaves=17
num_cat=0
split_feature=26 14 21 21 16 19 21 17 17 11 16 26 11 5 11 16
split_gain=0.0291875 0.0232333 0.0192078 0.0317752 0.0256797 0.0170024 0.0167359 0.0168469 0.0146289 0.013537 0.00975649 0.00879306 0.00378109 0.00229596 0.00181792 0.000680337
threshold=639.99500000000012 0.020993444577939353 14.164999965000002 13.614999775000003 36.800914132840582 97.89500046000002 14.215000155000002 0.0044527649107814005 0.0036541731783052002 0.95430260582967918 70.858181864849016 881.29500000000019 1.0222418432505209 0.0012566087791210003 1.0049023467278988 44.05218521423982
decision_type=2 2 2 2 2 2 2 2 2 2 2 2 2 2 2 2
left_child=5 2 3 4 13 -1 -4 9 -6 -8 11 -5 -9 -2 15 -7
right_child=1 -3 6 10 8 14 7 12 -10 -11 -12 -13 -14 -15 -16 -17
leaf_value=8.482820173126778e-05 0.00062670818047168156 0.00093583488517440857 -0.00073313203445286488 0.00027238746556064474 -0.00010056686061321787 -0.00054286148745034425 0.00036589876151943255 -0.0008452983244832677 0.00040612437353640987 -3.3930126882929573e-05 0 0.00098311249523076651 -0.00018943443804400392 4.5930607310895403e-05 -0.00090563191721131173 -3.6069262915199414e-05
leaf_weight=27 64 24 31 43 433 20 80 25 56 1210 24 56 36 20 43 20
leaf_count=27 64 24 31 43 433 20 80 25 56 1210 24 56 36 20 43 20
internal_value=0 2.50003e-05 1.25924e-05 0.00014215 4.21666e-05 -0.000474146 -5.05413e-05 -3.2129e-05 -3.5708e-05 -6.54654e-06 0.000579635 0.000710225 -0.000515917 0.000525889 -0.00069054 -0.000369696
internal_weight=2212 2102 2078 696 573 110 1382 1351 489 1290 123 99 61 84 83 40
internal_count=2212 2102 2078 696 573 110 1382 1351 489 1290 123 99 61 84 83 40
is_linear=0
shrinkage=0.03


Tree=14
num_leaves=17
num_cat=0
split_feature=26 17 22 19 21 21 19 21 25 10 17 24 26 24 24 0
split_gain=0.0276067 0.0200971 0.0237787 0.0161978 0.0158075 0.036504 0.0159812 0.0134486 0.0138253 0.013135 0.012977 0.00981879 0.0140143 0.0042585 0.00384962 0.00108997
threshold=639.99500000000012 -0.0052688217007400987 241.88350000000005 97.89500046000002 14.164999965000002 13.614999775000003 87.729999540000009 14.215000155000002 77.89415046000002 0.97813861129238966 0.0036541731783052002 0.14500000000000005 881.29500000000019 -0.92499999999999993 0.71500000000000008 -0.0022430091373124993
decision_type=2 2 2 2 2 2 2 2 2 2 2 2 2 2 2 2
left_child=3 2 -2 -1 5 9 -6 -8 -9 15 -11 -7 -13 -4 -5 -3
right_child=1 4 13 14 6 11 7 8 -10 10 -12 12 -14 -15 -16 -17
leaf_value=8.2374237926809908e-05 -2.7562897773792165e-05 0.00010983778293510631 0.00036402183819816199 -0.00041706884720109599 -0.00081059960883110766 6.4360465456654001e-05 -0.00070291134383943345 9.823562957317049e-05 -0.00010087194287618992 -8.2988106618707744e-05 0.00039415439790536764 0.0002750302610670174 0.0011657124149535472 0.0012897277265042065 -0.0010613143470005265 0.00070374194953590631
leaf_weight=27 34 20 21 56 24 35 26 510 791 450 56 43 44 24 27 24
leaf_count=27 34 20 21 56 24 35 26 510 791 450 56 43 44 24 27 24
internal_value=0 2.43299e-05 0.000491087 -0.00046111 4.38681e-06 0.000124539 -5.32069e-05 -3.66497e-05 -2.05009e-05 1.44089e-05 -2.35914e-05 0.000592483 0.000767709 0.000940254 -0.000672497 0.000508892
internal_weight=2212 2102 79 110 2023 672 1351 1327 1301 550 506 122 87 45 83 44
internal_count=2212 2102 79 110 2023 672 1351 1327 1301 550 506 122 87 45 83 44
is_linear=0
shrinkage=0.03


Tree=15
num_leaves=15
num_cat=0
split_feature=26 14 21 21 10 11 21 17 19 11 26 21 24 8
split_gain=0.0260353 0.0213899 0.0172567 0.0287734 0.0194662 0.0154163 0.0150067 0.0158126 0.0132505 0.0126668 0.0069889 0.00352578 0.00332248 0.000286756
threshold=639.99500000000012 0.020993444577939353 14.164999965000002 13.924999715000002 0.97813861129238966 0.97667502679058427 14.215000155000002 0.0044527649107814005 101.5550003 0.95430260582967918 883.1400000000001 22.330000880000004 0.71500000000000008 0.99164384875725553
decision_type=2 2 2 2 2 2 2 2 2 2 2 2 2 2
left_child=5 2 3 4 13 -1 -4 9 -6 -8 -5 -9 -7 -2
right_child=1 -3 6 10 8 12 7 11 -10 -11 -12 -13 -14 -15
leaf_value=6.7658280279358907e-05 0.0002499513887348311 0.00089775828329846262 -0.00069456271246599497 0.00031822598765689978 4.3958393543475567e-05 -0.00041867536825633702 0.00035470447441265506 -0.00088794857077300552 -0.00056638202980598986 -3.2111836200528374e-05 0.00112831834689714 -0.00022128377039501047 -0.0010526364733859036 0.00069654820881796223
leaf_weight=28 33 24 31 37 527 57 80 20 33 1210 29 41 25 37
leaf_count=28 33 24 31 37 527 57 80 20 33 1210 29 41 25 37
internal_value=0 2.37675e-05 1.18033e-05 0.000134666 6.64346e-05 -0.000447654 -4.7956e-05 -3.03973e-05 1.69883e-06 -5.54328e-06 0.00073048 -0.000499046 -0.000658454 0.000534749
internal_weight=2212 2102 2078 696 630 110 1382 1351 560 1290 66 61 82 70
internal_count=2212 2102 2078 696 630 110 1382 1351 560 1290 66 61 82 70
is_linear=0
shrinkage=0.03


Tree=16
num_leaves=13
num_cat=0
split_feature=26 14 19 24 24 19 19 18 10 24 24 11
split_gain=0.0245438 0.0201716 0.0147195 0.0126379 0.0219114 0.0416005 0.0413933 0.0156325 0.00374254 0.00519255 0.00323221 0.000346058
threshold=639.99500000000012 0.020993444577939353 97.89500046000002 1.5900000000000003 1.1650000000000003 101.5550003 98.795001985000013 0.25957065673416818 0.99822725373639509 1.3450000000000002 0.71500000000000008 1.0011582396430769
decision_type=2 2 2 2 2 2 2 2 2 2 2 2
left_child=2 3 -1 4 5 6 -2 -7 -6 -10 11 -4
right_child=1 -3 10 -5 8 7 -8 -9 9 -11 -12 -13
leaf_value=7.9597228589201594e-05 -1.3068576597020283e-05 0.00087190284814685584 -9.0025658144149916e-05 -0.00052034436865450021 0.00066908326197196442 -2.6780187345405171e-05 0.00044686134893872427 -0.00086440719033337437 -6.0332410725886391e-05 0.00047774067365277846 -0.0010025614037045411 -0.00051961857929233124
leaf_weight=27 1643 24 24 38 50 40 195 65 22 25 27 32
leaf_count=27 1643 24 24 38 50 40 195 65 22 25 27 32
internal_value=0 2.31157e-05 -0.000434604 1.14549e-05 2.30809e-05 0 3.43122e-05 -0.000576876 0.000460784 0.000167367 -0.000636545 -0.000392948
internal_weight=2212 2102 110 2078 2040 1943 1838 105 97 47 83 56
internal_count=2212 2102 110 2078 2040 1943 1838 105 97 47 83 56
is_linear=0
shrinkage=0.03


Tree=17
num_leaves=19
num_cat=0
split_feature=11 26 20 20 11 22 22 11 25 21 20 21 15 20 11 11 21 21
split_gain=0.0234028 0.0302359 0.0160909 0.0251023 0.0171313 0.0201325 0.0162239 0.0155099 0.0138522 0.0115448 0.0129694 0.0108217 0.00857597 0.00814754 0.00466011 0.00369726 0.00258515 0.00271941
threshold=0.95540947442274349 639.99500000000012 2.4650000000000003 2.4450000000000007 1.0419340138286259 237.57500000000002 260.61500000000007 1.0155984111037653 67.940476510000011 30.500000000000004 3.52 23.975000385000005 0.0079416679409253527 3.52 1.0049023467278988 1.0337700916911901 17.880000115000005 14.295000075000003
decision_type=2 2 2 2 2 2 2 2 2 2 2 2 2 2 2 2 2 2
left_child=8 14 3 4 5 -3 -6 9 -1 10 -4 16 15 -14 -2 -9 17 -10
right_child=1 2 7 -5 6 -7 -8 12 11 -11 -12 -13 13 -15 -16 -17 -18 -19
leaf_value=-0.00023160907917190341 -0.00024896438448107801 -0.00021049038897842233 -0.00026123296552516803 0.0010182263487949969 -4.4437834024779606e-05 0.00013354276691265895 -0.00068130935691570961 0.00048611731205464286 0.00056622079745284289 -0.00089874947659671306 0.00022826232869000012 0 -0.00040038479442591778 0.00018663756346116618 -0.00082253268174827096 0 0.00079830006136701005 0
leaf_weight=23 49 174 324 23 166 1003 50 50 23 24 50 22 41 35 43 27 58 27
leaf_count=23 49 174 324 23 166 1003 50 50 23 24 50 22 41 35 43 27 58 27
internal_value=0 -2.6635e-05 -1.16032e-07 5.18777e-05 3.30511e-05 8.0001e-05 -0.000208147 -0.00013902 0.000356763 -0.00023992 -0.000187358 0.000484734 0.000103825 -9.21715e-05 -0.000555265 0.000334439 0.000609708 0.000320755
internal_weight=2212 2059 1967 1416 1393 1177 216 551 153 398 374 130 153 76 92 77 108 50
internal_count=2212 2059 1967 1416 1393 1177 216 551 153 398 374 130 153 76 92 77 108 50
is_linear=0
shrinkage=0.03


Tree=18
num_leaves=21
num_cat=0
split_feature=26 11 25 21 21 11 20 21 21 10 17 24 26 11 7 23 16 25 25 0
split_gain=0.0221363 0.0239553 0.0155213 0.015497 0.0291793 0.0157765 0.0218561 0.0234088 0.0211036 0.0134991 0.0127687 0.00894472 0.015064 0.00746007 0.00463255 0.0036633 0.00157526 0.00192191 0.0029209 0.000890079
threshold=636.71500000000003 0.95540947442274349 67.940476510000011 14.164999965000002 13.614999775000003 1.0569940101680244 1.3900000000000001 27.654999735000004 27.739999770000004 0.9796321958721198 0.0036541731783052002 0.14500000000000005 881.29500000000019 1.0049023467278988 0.011835764171624153 0.28500000000000009 24.563785594514162 77.516985155000015 74.274551910000014 -0.0028365351252770993
decision_type=2 2 2 2 2 2 2 2 2 2 2 2 2 2 2 2 2 2 2 2
left_child=13 2 -2 4 9 6 7 -5 -8 19 -11 -6 -13 -1 -7 -16 -4 18 -18 -3
right_child=1 3 16 5 11 14 8 -9 -10 10 -12 12 -14 -15 15 -17 17 -19 -20 -21
leaf_value=-0.00016407674129784156 -0.00022495030451682394 0.00014037859936853728 0.00010922435966494958 1.0722875858350148e-05 1.6837169030415155e-05 -3.2985152769833794e-05 -6.475030708652689e-05 0.00065657605544491729 -0.00062166665850102551 -9.4263985542172626e-05 0.00037840872165428375 0.00019480759460235609 0.0010950902330068249 -0.00092622811763129877 -0.0008554175127031547 -0.00013237470889504511 0.00041888903215041626 0.00015405711860512383 0.0010633122414749647 0.00066412165978302557
leaf_weight=41 23 25 23 197 34 29 915 72 67 438 56 43 44 28 34 22 45 23 27 26
leaf_count=41 23 25 23 197 34 29 915 72 67 438 56 43 44 28 34 22 45 23 27 26
internal_value=0 1.71011e-05 0.000394096 -8.13619e-06 0.000108259 -6.84407e-05 -3.87631e-05 0.000196493 -0.000106393 8.73358e-06 -3.39648e-05 0.000528196 0.000691484 -0.000525026 -0.000464811 -0.000631302 0.000540844 0.000611865 0.000712899 0.000472714
internal_weight=2212 2143 141 2002 666 1336 1251 269 982 545 494 121 87 69 85 56 118 95 72 51
internal_count=2212 2143 141 2002 666 1336 1251 269 982 545 494 121 87 69 85 56 118 95 72 51
is_linear=0
shrinkage=0.03


Tree=19
num_leaves=14
num_cat=0
split_feature=26 14 21 21 16 25 19 21 25 11 26 24 21
split_gain=0.0210428 0.0186522 0.0150877 0.0260878 0.0179559 0.0168055 0.0136444 0.0132361 0.0130865 0.0128262 0.00449444 0.00278861 0.00266927
threshold=639.99500000000012 0.020993444577939353 14.125000000000002 13.924999715000002 36.800914132840582 68.730187940000022 87.729999540000009 14.215000155000002 77.89415046000002 0.97667502679058427 883.1400000000001 0.71500000000000008 12.945000175000002
decision_type=2 2 2 2 2 2 2 2 2 2 2 2 2
left_child=9 2 3 4 12 -6 -4 -8 -9 -1 -5 -11 -2
right_child=1 -3 6 10 5 -7 7 8 -10 11 -12 -13 -14
leaf_value=6.0018381714050105e-05 0.00056325031030626793 0.00083748583059757955 -0.00071837770555996231 0.00031391546113216984 -0.0004139325242435148 6.4315579489708074e-05 -0.00061640906060004934 9.8512413809678236e-05 -9.2539307712279312e-05 -0.00036944282547307823 0.0010425994553137569 -0.00096100635342568589 1.8815539486240588e-05
leaf_weight=28 65 24 26 34 76 466 33 539 787 57 29 25 23
leaf_count=28 65 24 26 34 76 466 33 539 787 57 29 25 23
internal_value=0 2.13564e-05 1.00891e-05 0.000125438 6.14717e-05 0 -4.55111e-05 -2.99134e-05 -1.26031e-05 -0.000402462 0.000707266 -0.000595348 0.000456473
internal_weight=2212 2102 2078 693 630 542 1385 1359 1326 110 63 82 88
internal_count=2212 2102 2078 693 630 542 1385 1359 1326 110 63 82 88
is_linear=0
shrinkage=0.03


Tree=20
num_leaves=16
num_cat=0
split_feature=26 14 21 21 16 21 19 25 25 16 26 16 20 18 5
split_gain=0.0200188 0.0178051 0.0152183 0.0240504 0.0202643 0.0154161 0.0143314 0.0134828 0.0114567 0.00814094 0.00668317 0.00617717 0.00295283 0.00380664 0.00225404
threshold=636.71500000000003 0.020993444577939353 14.164999965000002 13.614999775000003 36.800914132840582 14.934999945000003 87.729999540000009 68.730187940000022 77.89415046000002 70.858181864849016 881.29500000000019 55.148014361296212 1.8250000000000004 0.20064461978679674 0.0012566087791210003
decision_type=2 2 2 2 2 2 2 2 2 2 2 2 2 2 2
left_child=11 2 3 4 14 12 -7 -6 -8 10 -5 -1 -4 -14 -2
right_child=1 -3 5 9 7 6 8 -9 -10 -11 -12 -13 13 -15 -16
leaf_value=-0.00019275210678903893 0.00055953340723824039 0.00081336625434458255 0 0.0002276067451201181 -0.00040167582439645734 -0.0007158904360750546 0.00010062778522088217 2.6642088374870396e-05 -8.0212107067630393e-05 0 0.00086223823311248492 -0.00092270810591988262 -6.063435818068682e-05 -0.00062760732298042493 4.4604352276239995e-06
leaf_weight=45 64 24 23 43 76 25 543 413 746 24 56 24 29 57 20
leaf_count=45 64 24 23 43 76 25 543 413 746 24 56 24 29 57 20
internal_value=0 1.64837e-05 5.66365e-06 0.000121776 3.40838e-05 -4.90667e-05 -1.80913e-05 -3.44882e-05 -1.68754e-06 0.000502531 0.000621623 -0.000499061 -0.000391645 -0.000473796 0.000464275
internal_weight=2212 2143 2119 696 573 1423 1314 489 1289 123 99 69 109 86 84
internal_count=2212 2143 2119 696 573 1423 1314 489 1289 123 99 69 109 86 84
is_linear=0
shrinkage=0.03


Tree=21
num_leaves=23
num_cat=0
split_feature=11 26 20 19 25 11 11 21 25 25 15 11 25 15 20 24 25 11 11 11 25 25
split_gain=0.020543 0.0249247 0.0120224 0.0270819 0.0148309 0.0130067 0.0144114 0.0129698 0.0140504 0.012737 0.0114749 0.0109919 0.0106924 0.0080824 0.00765148 0.00569834 0.00347671 0.00341641 0.00317954 0.00273128 0.00190167 0.00230737
threshold=0.94899238432474464 639.99500000000012 2.4650000000000003 98.795001985000013 71.689835645000016 1.0155984111037653 0.96451113888975704 12.875000000000002 85.772045625000018 71.257475520000014 0.0093741974951980517 1.0415458124520824 67.940476510000011 0.0079416679409253527 3.52 0.71500000000000008 77.516985155000015 1.0337700916911901 0.99206421591148131 0.98290502573289984 77.516985155000015 73.654215225000016
decision_type=2 2 2 2 2 2 2 2 2 2 2 2 2 2 2 2 2 2 2 2 2 2
left_child=12 15 3 4 9 6 16 18 -9 -3 -8 -6 -1 17 -15 19 -4 -7 -5 -2 21 -14
right_child=1 2 5 7 11 13 10 8 -10 -11 -12 -13 20 14 -16 -17 -18 -19 -20 -21 -22 -23
leaf_value=-0.00010544441088235802 0 -0.00012501467422935578 0.00051996329147368668 0.00035284904975976263 7.7634916905929203e-05 0.00047771913328067652 -0.00034456578229467237 0.00076912375737050412 0 -0.00092919812623411409 0.00014022830680810979 -0.00017918186562683908 0.00038567591418977822 -0.00038137235017815589 0.00018864496938961867 -0.0009052673876727308 0 0 -7.5271806573373783e-05 -0.00038412245897254457 0.0001719269823282957 0.0010675444029537694
leaf_weight=20 20 112 20 20 961 50 313 87 21 24 41 172 39 41 35 27 35 27 45 53 29 20
leaf_count=20 20 112 20 20 961 50 313 87 21 24 41 172 39 41 35 27 35 27 45 53 29 20
internal_value=0 -2.06451e-05 1.0381e-06 4.8385e-05 0 -0.000114988 -0.00020575 0.000399366 0.000601307 -0.000294574 -0.00027973 3.58786e-05 0.000401733 0.000107919 -8.08626e-05 -0.000480586 0.000213331 0.000331357 1.43534e-05 -0.000272861 0.000550599 0.000680758
internal_weight=2212 2104 2004 1442 1269 562 409 173 108 136 354 1133 108 153 76 100 55 77 65 73 88 59
internal_count=2212 2104 2004 1442 1269 562 409 173 108 136 354 1133 108 153 76 100 55 77 65 73 88 59
is_linear=0
shrinkage=0.03


Tree=22
num_leaves=16
num_cat=0
split_feature=26 14 21 21 16 17 21 25 26 24 26 16 24 20 5
split_gain=0.0180975 0.0165932 0.0140152 0.0221035 0.0187679 0.0149161 0.0134365 0.0124819 0.0114026 0.00743493 0.0133927 0.00551186 0.00388147 0.00248179 0.00211103
threshold=636.71500000000003 0.020993444577939353 14.164999965000002 13.614999775000003 36.800914132840582 0.0044527649107814005 14.215000155000002 68.730187940000022 1259.1150000000002 0.14500000000000005 881.29500000000019 55.148014361296212 0.67500000000000016 0.94000000000000006 0.0012566087791210003
decision_type=2 2 2 2 2 2 2 2 2 2 2 2 2 2 2
left_child=11 2 3 4 14 6 -4 -6 -8 -5 -11 -1 13 -7 -2
right_child=1 -3 5 9 7 12 8 -9 -10 10 -12 -13 -14 -15 -16
leaf_value=-0.00018021223315989356 0.00053847843062741535 0.00078498925466090439 -0.00063071665610186752 6.8305223381945021e-06 -0.00038675348900179922 -0.00013687455520795827 -2.4820559811699719e-05 2.5172441513543322e-05 0.00044066899926259125 0.00017230181929240326 0.0010128076238557695 -0.00087694150338482927 0 -0.00081480170514714703 0
leaf_weight=45 64 24 31 34 76 21 1272 413 48 45 44 24 20 31 20
leaf_count=45 64 24 31 34 76 21 1272 413 48 45 44 24 20 31 20
internal_value=0 1.5706e-05 5.21179e-06 0.000116696 3.23967e-05 -4.72528e-05 -2.23275e-05 -3.3385e-05 -5.30189e-06 0.000481785 0.000627803 -0.000474476 -0.000467141 -0.000605375 0.000446521
internal_weight=2212 2143 2119 696 573 1423 1351 489 1320 123 89 69 72 52 84
internal_count=2212 2143 2119 696 573 1423 1351 489 1320 123 89 69 72 52 84
is_linear=0
shrinkage=0.03


Tree=23
num_leaves=12
num_cat=0
split_feature=11 26 24 24 19 19 11 23 22 24 11
split_gain=0.0193151 0.0225082 0.0110499 0.0205376 0.0212157 0.029007 0.0147861 0.0102771 0.0129297 0.00526877 0.0024818
threshold=0.94899238432474464 639.99500000000012 1.5900000000000003 1.2600000000000002 101.5550003 98.795001985000013 0.97046267324886981 0.33500000000000008 241.88350000000005 0.71500000000000008 0.98290502573289984
decision_type=2 2 2 2 2 2 2 2 2 2 2
left_child=7 9 3 4 5 -3 -6 -1 -9 10 -2
right_child=1 2 -4 -5 6 -7 -8 8 -10 -11 -12
leaf_value=0.00068401484986269751 0 -1.2737071500983863e-05 -0.00050442799939283813 0.00068483236182946701 0.00014719528870575066 0.00038471093213426129 -0.00051681453331624836 -0.00047137600530616259 0.00044755813167156544 -0.00086615947197424238 -0.0003616711641726498
leaf_weight=54 20 1601 37 39 32 182 113 21 33 27 53
leaf_count=54 20 1601 37 39 32 182 113 21 33 27 53
internal_value=0 -1.99501e-05 5.80015e-07 1.18553e-05 -5.50596e-07 2.63438e-05 -0.000349722 0.00038961 3.35764e-05 -0.000457008 -0.000255478
internal_weight=2212 2104 2004 1967 1928 1783 145 108 54 100 73
internal_count=2212 2104 2004 1967 1928 1783 145 108 54 100 73
is_linear=0
shrinkage=0.03


Tree=24
num_leaves=16
num_cat=0
split_feature=26 15 21 21 16 26 17 26 17 21 16 26 16 15 5
split_gain=0.0164431 0.0156415 0.0133496 0.0212648 0.017517 0.0151835 0.0143878 0.0140312 0.0125241 0.0102872 0.00749206 0.00532175 0.00486126 0.00405798 0.00346268
threshold=636.71500000000003 0.017471475160184102 14.125000000000002 13.614999775000003 38.84345808346788 1259.1150000000002 0.0044527649107814005 1273.5600000000002 0.0030526322341877005 14.934999945000003 70.858181864849016 881.29500000000019 55.148014361296212 0.010168191148499402 0.0016339651205435502
decision_type=2 2 2 2 2 2 2 2 2 2 2 2 2 2 2
left_child=12 2 3 4 14 6 9 -7 -6 -4 11 -5 -1 -8 -2
right_child=1 -3 5 10 8 7 13 -9 -10 -11 -12 -13 -14 -15 -16
leaf_value=-0.00017012729125765518 0.00049247526305587052 0.0006738329106301535 -0.0003311193984800151 0.00020802048081909231 -0.00011425245804319714 0.00090946267107002701 -0.00071322730197498449 0 0.00029260466721680136 -1.7180088876959467e-05 0 0.00080750294132648321 -0.00083339944842271505 -1.7743218362077385e-05 0
leaf_weight=45 76 31 104 40 395 27 39 21 79 1207 24 56 24 21 23
leaf_count=45 76 31 104 40 395 27 39 21 79 1207 24 56 24 21 23
internal_value=0 1.49424e-05 3.53707e-06 0.000112677 3.06772e-05 -4.7693e-05 -6.81053e-05 0.000463601 -3.96539e-05 -4.46045e-05 0.000475944 0.000593366 -0.000452298 -0.00052327 0.000394443
internal_weight=2212 2143 2112 693 573 1419 1371 48 474 1311 120 96 69 60 99
internal_count=2212 2143 2112 693 573 1419 1371 48 474 1311 120 96 69 60 99
is_linear=0
shrinkage=0.03


Tree=25
num_leaves=21
num_cat=0
split_feature=11 26 19 19 24 26 18 11 20 22 25 21 7 17 26 24 21 21 8 11
split_gain=0.018188 0.0199521 0.012209 0.0291281 0.0258688 0.0268967 0.0150046 0.011075 0.0165995 0.0134552 0.0108926 0.00894617 0.00728591 0.0109196 0.00680838 0.00444068 0.0028637 0.00212194 0.00129638 0.00128455
threshold=0.95540947442274349 639.99500000000012 101.5550003 98.584999085000007 1.1650000000000003 917.60000000000014 0.25957065673416818 1.0419340138286259 1.3900000000000001 260.61500000000007 67.940476510000011 23.975000385000005 0.015348389400061552 -0.00019107312444074999 910.2600000000001 0.71500000000000008 17.880000115000005 14.295000075000003 1.0015145494494495 1.0011582396430769
decision_type=2 2 2 2 2 2 2 2 2 2 2 2 2 2 2 2 2 2 2 2
left_child=10 15 3 7 6 14 -4 8 -3 -9 -1 16 13 -5 -6 19 17 -12 -14 -2
right_child=1 2 4 12 5 -7 -8 9 -10 -11 11 -13 18 -15 -16 -17 -18 -19 -20 -21
leaf_value=-0.00019778359663905575 -2.2747000193168523e-06 0.00024799063448347321 -2.2027781573482424e-05 0.00014964962782819798 1.3813081026241617e-05 -0.00081732990229806016 -0.0008714133349741564 -6.6578925606098764e-05 -3.5990645342400496e-05 -0.00066249889137747224 0.00047176060074707491 -3.9829386767687605e-07 0.00015324728842824696 0.00068555324677787395 0.00059992487156265522 -0.00082890920388412526 0.00072841033028533389 0 -0.0001790928315396221 -0.0003889687800441276
leaf_weight=23 33 220 38 87 50 22 60 156 1117 49 23 22 20 86 42 27 58 27 20 32
leaf_count=23 33 220 38 87 50 22 60 156 1117 49 23 22 20 86 42 27 58 27 20 32
internal_value=0 -2.33861e-05 -1.55109e-06 2.29272e-05 -0.00021743 6.69796e-05 -0.000575912 -2.07449e-05 8.64603e-06 -0.000226106 0.000314607 0.00042898 0.000351727 0.000435703 0.000317218 -0.000452933 0.00054317 0.000259398 0 -0.000241111
internal_weight=2212 2059 1967 1755 212 114 98 1542 1337 205 153 130 213 173 92 92 108 50 40 65
internal_count=2212 2059 1967 1755 212 114 98 1542 1337 205 153 130 213 173 92 92 108 50 40 65
is_linear=0
shrinkage=0.03


Tree=26
num_leaves=26
num_cat=0
split_feature=11 21 21 11 20 15 21 15 25 25 10 17 10 11 21 11 24 19 24 19 7 21 21 24 0
split_gain=0.017128 0.0151397 0.0211295 0.0126349 0.0208419 0.0402789 0.0205998 0.0188135 0.0173015 0.0103395 0.0102755 0.0111169 0.00941787 0.00913742 0.00854605 0.00709443 0.00695506 0.0051487 0.00435094 0.0047935 0.00434254 0.00359425 0.0026497 0.00123873 0.000854025
threshold=0.95540947442274349 14.164999965000002 13.614999775000003 1.0569940101680244 1.3900000000000001 0.0070812466868487014 27.654999735000004 0.010753679215846102 74.758794835000018 67.940476510000011 0.9796321958721198 0.0036541731783052002 1.0240865990879522 0.99395401571468522 23.975000385000005 1.0419340138286259 0.14500000000000005 93.744998930000023 0.47500000000000003 97.684997560000014 0.011835764171624153 21.164999965000003 21.244999885000002 0.34500000000000003 -0.0028365351252770993
decision_type=2 2 2 2 2 2 2 2 2 2 2 2 2 2 2 2 2 2 2 2 2 2 2 2 2
left_child=9 2 10 4 5 6 -3 8 -6 -1 24 12 -12 -9 22 -7 -4 -13 19 -18 -5 -22 23 -11 -2
right_child=1 3 16 20 7 15 -8 13 -10 14 11 17 -14 -15 -16 -17 18 -19 -20 -21 21 -23 -24 -25 -26
leaf_value=-0.00019209731920273042 9.7930945648561009e-05 0.00025847261612943842 0 -1.8771997746080157e-05 -0.0004894987806579248 5.123098872118983e-05 0.001594623123644851 0.00043812341415682836 -0.000110481309968553 0 -4.1836235860633342e-05 0 -0.00062702764309480175 0 -3.8686253474619647e-07 -0.00049490903697733295 0.0002673540109139867 0.00058098172248075052 0.0001879646997079752 0.0010981828762218354 -0.00012358341152139473 -0.00082672554843456431 0.00090643638218394838 0.0004435074730536144 0.00058898661347726985
leaf_weight=23 25 31 34 29 136 192 23 67 745 20 411 22 27 91 22 23 24 34 34 29 23 33 25 63 26
leaf_count=23 25 31 34 29 136 192 23 67 745 20 411 22 27 91 22 23 24 34 34 29 23 33 25 63 26
internal_value=0 -2.28451e-05 9.26476e-05 -8.02416e-05 -5.44071e-05 0.000176118 0.000900765 -0.000117087 -0.00017288 0.000305151 7.11686e-06 -2.94203e-05 -8.60895e-05 0.000174274 0.000416822 0 0.000450083 0.000354917 0.000593274 0.000789432 -0.000437649 -0.000597801 0.000528556 0.000369586 0.000412478
internal_weight=2212 2059 666 1393 1308 269 54 1039 881 153 545 494 438 158 130 215 121 56 87 53 85 56 108 83 51
internal_count=2212 2059 666 1393 1308 269 54 1039 881 153 545 494 438 158 130 215 121 56 87 53 85 56 108 83 51
is_linear=0
shrinkage=0.03


Tree=27
num_leaves=24
num_cat=0
split_feature=11 21 21 11 20 15 21 21 24 10 17 14 21 23 20 19 15 24 7 24 19 23 14
split_gain=0.0162747 0.0142976 0.0193202 0.0123996 0.0207825 0.0369828 0.0192681 0.017675 0.020652 0.0115738 0.0105719 0.0109167 0.0102102 0.00966282 0.0110264 0.00797935 0.00786182 0.00634618 0.0040411 0.00370618 0.0050691 0.00356406 0.00153576
threshold=0.94899238432474464 14.164999965000002 13.614999775000003 1.0569940101680244 1.3900000000000001 0.0070812466868487014 27.654999735000004 27.739999770000004 1.2600000000000002 0.9796321958721198 0.0030526322341877005 0.0099715601594940525 30.704999925000006 0.33500000000000008 2.4650000000000003 101.5550003 0.016454585189204653 0.14500000000000005 0.011835764171624153 0.47500000000000003 97.684997560000014 0.28500000000000009 0.0070077396967216507
decision_type=2 2 2 2 2 2 2 2 2 2 2 2 2 2 2 2 2 2 2 2 2 2 2
left_child=13 2 9 4 5 6 -3 8 -6 22 15 -12 -9 -1 -15 -11 -7 -4 -5 20 -19 -20 -2
right_child=1 3 17 18 7 16 -8 12 -10 10 11 -13 -14 14 -16 -17 -18 19 21 -21 -22 -23 -24
leaf_value=0.00064137460248841138 0.00056434357604788 0.00025096074664907064 0 -1.8227612925693385e-05 -0.00010806919337358555 -5.5656706455258906e-05 0.0015487777233356608 -0.00092233232035313876 0.00049844112424985863 -4.8654310244655506e-05 0.00053594218355525896 -0.0001366177485583143 -7.0903796925532247e-05 -0.00045098832884634088 0.00040066381068626307 -0.00056785628546570093 0.00051890494553663308 0.00024529525777996656 -0.00079809955881376341 0.00018248686829798057 0.0010663355957716703 -9.7280669365199665e-05 2.1809257666713416e-05
leaf_weight=54 35 31 34 29 954 197 23 37 51 385 53 26 32 21 33 30 23 25 34 34 29 22 20
leaf_count=54 35 31 34 29 954 197 23 37 51 385 53 26 32 21 33 30 23 25 34 34 29 22 20
internal_value=0 -1.83653e-05 9.38978e-05 -7.30532e-05 -4.82139e-05 0.000180491 0.000876389 -0.000109466 -7.38441e-05 1.20772e-05 -2.85493e-05 0.000278152 -0.000576978 0.000357582 1.27423e-05 -9.46733e-05 0 0.000434608 -0.000426951 0.000570278 0.000752141 -0.000581946 0.000424542
internal_weight=2212 2104 671 1433 1348 274 54 1074 1005 549 494 79 69 108 54 415 220 122 85 88 54 56 55
internal_count=2212 2104 671 1433 1348 274 54 1074 1005 549 494 79 69 108 54 415 220 122 85 88 54 56 55
is_linear=0
shrinkage=0.03


Tree=28
num_leaves=27
num_cat=0
split_feature=11 21 21 11 24 24 19 21 21 25 24 14 11 19 8 19 21 11 12 17 7 21 21 19 24 8
split_gain=0.0153972 0.0136362 0.0191603 0.0114654 0.0158193 0.0146332 0.0144372 0.0140145 0.0242324 0.00951386 0.00948864 0.00944714 0.0118274 0.0108754 0.0100455 0.00807658 0.0080265 0.00634101 0.00595942 0.00390775 0.00375772 0.00326437 0.00242516 0.00223107 0.00103373 0.000920207
threshold=0.95540947442274349 14.164999965000002 13.614999775000003 1.0569940101680244 0.115 0.34500000000000003 88.665000915000022 28.019999505000005 30.935000420000005 67.940476510000011 -0.98499999999999988 0.0079723879088818509 1.0340803001890919 101.5550003 1.009714621522156 94.554996490000022 23.975000385000005 1.052818876456447 1.0004821946213192 0.0015267475327684502 0.011835764171624153 21.164999965000003 21.244999885000002 96.655002595000013 0.34500000000000003 1.0059873165913358
decision_type=2 2 2 2 2 2 2 2 2 2 2 2 2 2 2 2 2 2 2 2 2 2 2 2 2 2
left_child=9 2 11 4 7 19 -7 10 -9 -1 -3 12 13 -2 23 -14 22 18 -4 -6 -5 -22 24 -13 -11 -20
right_child=1 3 17 20 5 6 -8 8 -10 16 -12 14 15 -15 -16 -17 -18 -19 25 -21 21 -23 -24 -25 -26 -27
leaf_value=-0.00018445272999815642 0.00020481568017228523 -0.0002806457041440992 1.6989903713692902e-05 -1.7699008900672193e-05 -0.0002952875164943786 0.00057521931578715638 -0.00011920534604241486 0.00084650646409093443 -7.314533035137823e-05 0 6.2633539806424435e-05 -0.00047553538280429647 -0.00065587676438936507 -0.00040186144458130004 0.00019078039396074872 0 -4.5825437270610961e-06 1.7899288240676887e-05 0.00090300059887231322 -0.0008664184591865965 -0.00010847334230493287 -0.00078497980140587872 0.00087075693601778204 -5.312735142554932e-05 0.00041991895394676248 0.00027519126570339059
leaf_weight=23 330 88 23 29 71 26 616 50 41 20 389 67 28 25 33 27 22 38 39 27 23 33 25 35 63 21
leaf_count=23 330 88 23 29 71 26 616 50 41 20 389 67 28 25 33 27 22 38 39 27 23 33 25 35 63 21
internal_value=0 -2.13713e-05 8.81388e-05 -7.59064e-05 -5.11764e-05 -0.000143778 -8.55657e-05 6.42343e-05 0.000403258 0.00028961 0 6.42581e-06 8.33843e-05 0.000152656 -0.000204136 -0.000304904 0.000397151 0.000428525 0.000578357 -0.000490105 -0.000416554 -0.000566538 0.0005058 -0.000361641 0.000351102 0.000740561
internal_weight=2212 2059 666 1393 1308 740 642 568 91 153 477 545 410 355 135 55 130 121 83 98 85 56 108 102 83 60
internal_count=2212 2059 666 1393 1308 740 642 568 91 153 477 545 410 355 135 55 130 121 83 98 85 56 108 102 83 60
is_linear=0
shrinkage=0.03


Tree=29
num_leaves=20
num_cat=0
split_feature=15 21 19 11 19 26 11 25 19 14 19 19 25 26 26 16 9 17 4
split_gain=0.0150977 0.0144232 0.0165874 0.0166572 0.0163523 0.0140047 0.0147184 0.0129896 0.0111635 0.0114474 0.00988306 0.0119037 0.00940502 0.00718126 0.00620214 0.0054178 0.00504369 0.00378746 0.000993951
threshold=0.017471475160184102 14.164999965000002 94.094997405000015 1.0305106238814929 101.0550003 1259.1150000000002 1.0445098382746234 77.990117185000017 100.88000110000002 0.0076728703872462516 87.729999540000009 88.665000915000022 76.700095150000024 945.36500000000012 860.35000000000014 39.310477664801134 1.0048759046536466 -0.0032118118554668993 0.00017404340306575002
decision_type=2 2 2 2 2 2 2 2 2 2 2 2 2 2 2 2 2 2 2
left_child=1 2 3 15 8 6 10 -7 9 -4 -3 -12 18 -14 -6 17 -17 -1 -8
right_child=-2 5 4 -5 14 7 12 -9 -10 -11 11 -13 13 -15 -16 16 -18 -19 -20
leaf_value=0.00060953203468982662 0.0006470961777231423 -0.00063605008088947772 0.00038171604143215186 -0.00066052090486429823 0 0.00096706931872970678 -0.00024840700087536659 0 0.00088095674300265887 6.2220676189900682e-06 0.00056763096231900688 -5.1327223708593586e-05 0.00012594763202165873 -0.00042693548888354072 -0.00052039273153641266 -0.00020765736059878362 9.4782568625968822e-05 0 -0.0008995462855408815
leaf_weight=20 31 25 198 37 34 21 20 27 30 142 27 1261 35 37 29 98 84 24 32
leaf_count=20 31 25 198 37 34 21 20 27 30 142 27 1261 35 37 29 98 84 24 32
internal_value=0 -9.29447e-06 0.000101671 -7.78056e-05 0.000217523 -6.33546e-05 -8.20651e-05 0.000425808 0.00029693 0.000234168 -4.97858e-05 -3.55945e-05 -0.000396728 -0.000119033 -0.000199309 6.8684e-06 -5.19211e-05 0.00031246 -0.000715124
internal_weight=2212 2181 696 263 433 1485 1437 48 370 340 1313 1288 124 72 63 226 182 44 52
internal_count=2212 2181 696 263 433 1485 1437 48 370 340 1313 1288 124 72 63 226 182 44 52
is_linear=0
shrinkage=0.03


Tree=30
num_leaves=20
num_cat=0
split_feature=15 21 21 21 10 17 23 24 20 24 13 20 15 21 15 18 16 20 0
split_gain=0.0142286 0.0136419 0.0161502 0.0133304 0.0118467 0.0111798 0.0104619 0.0119081 0.00936784 0.0128527 0.00857607 0.00846486 0.0248843 0.00799565 0.00304304 0.00303214 0.00295946 0.00121775 0.000447847
threshold=0.017471475160184102 14.164999965000002 13.924999715000002 14.934999945000003 0.97813861129238966 0.0029962081786306005 0.39500000000000007 -0.99499999999999988 2.3250000000000006 0.50500000000000012 1.0015607549253995 0.81500000000000006 0.0086306372180565017 27.654999735000004 0.010683398675095603 0.20064461978679674 62.520890437639842 2.1450000000000005 -0.0046122176084042983
decision_type=2 2 2 2 2 2 2 2 2 2 2 2 2 2 2 2 2 2 2
left_child=1 2 4 15 18 11 7 -7 10 -10 -6 12 -5 -13 -4 -3 -8 -17 -1
right_child=-2 3 14 5 8 6 16 -9 9 -11 -12 13 -14 -15 -16 17 -18 -19 -20
leaf_value=8.9977276157587747e-05 0.00062828992880531584 -2.8289013291941952e-05 0.00069479964980409732 0.00090860928117430628 -0.00010175478561590848 0.00015617586253210901 -0.0001378385252485584 -0.00053609885644084971 -0.00023840957384822396 0.00013480931205293794 0.00028144058430803239 5.1094028271218117e-06 -0.00013975767854644802 -0.00027401912146571706 4.4943304433088208e-05 -0.00011553443004677613 0.00027215605006891897 -0.00053897160689880623 0.00051010447045035179
leaf_weight=24 31 39 46 34 65 20 20 106 221 121 153 999 39 99 20 30 32 67 46
leaf_count=24 31 39 46 34 65 20 20 106 221 121 153 999 39 99 20 30 32 67 46
internal_value=0 -8.92367e-06 9.89521e-05 -6.1535e-05 4.65455e-05 -3.0428e-05 -0.000251376 -0.000402227 0 -9.76099e-05 0.000153544 7.8371e-07 0.000313662 -1.75546e-05 0.00054626 -0.000345717 5.82366e-05 -0.000441139 0.00041161
internal_weight=2212 2181 696 1485 630 1349 178 126 560 342 218 1171 73 1098 66 136 52 97 70
internal_count=2212 2181 696 1485 630 1349 178 126 560 342 218 1171 73 1098 66 136 52 97 70
is_linear=0
shrinkage=0.03


Tree=31
num_leaves=17
num_cat=0
split_feature=11 26 19 16 11 12 26 25 20 26 25 21 25 9 14 25
split_gain=0.0141375 0.0173597 0.00937899 0.0132593 0.0100918 0.0174788 0.0144504 0.0114954 0.00992128 0.00881076 0.00769547 0.00606787 0.00364088 0.00204403 0.0017841 0.00109787
threshold=0.94899238432474464 639.99500000000012 86.720001220000015 44.393667310983751 1.0419340138286259 1.0029505861522716 944.47000000000014 76.674715590000019 2.4550000000000005 1255.3450000000003 67.940476510000011 11.910000325000002 75.395638325000007 1.0090700779016437 0.0089772608265787004 74.274551910000014
decision_type=2 2 2 2 2 2 2 2 2 2 2 2 2 2 2 2
left_child=10 12 3 -3 5 8 11 -7 -4 -8 -1 -6 -2 -14 15 -12
right_child=1 2 4 -5 6 7 9 -9 -10 -11 14 -13 13 -15 -16 -17
leaf_value=-7.9889824314575102e-05 0 7.6860162382836269e-05 2.8192224621633526e-05 -0.00073245035797181359 -0.00036026417851731508 0.00032755552262694047 -0.00054086870407017186 5.382783910511584e-05 -0.0001671015341135915 0 0 0.00016111435618284823 -0.00063575286808638615 -0.00010883229222640188 0.00069494733740187566 0.00034827940311173307
leaf_weight=20 23 24 729 36 22 250 92 382 333 32 20 104 51 26 35 33
leaf_count=20 23 24 729 36 22 250 92 382 333 32 20 104 51 26 35 33
internal_value=0 -1.68696e-05 9.80281e-07 -0.000363593 1.39561e-05 4.16525e-05 -0.00016118 0.000167192 -3.03213e-05 -0.000392698 0.000333521 4.4338e-05 -0.000400752 -0.00049997 0.000461028 0.000240988
internal_weight=2212 2104 2004 60 1944 1694 250 632 1062 124 108 126 100 77 88 53
internal_count=2212 2104 2004 60 1944 1694 250 632 1062 124 108 126 100 77 88 53
is_linear=0
shrinkage=0.03


Tree=32
num_leaves=17
num_cat=0
split_feature=14 26 11 16 20 19 23 26 11 20 20 11 18 19 8 16
split_gain=0.0138465 0.0126149 0.00989785 0.0133155 0.0149898 0.0170846 0.0112828 0.0118094 0.0091336 0.0160627 0.00977382 0.00499445 0.00416681 0.00460979 0.00331803 0.000202304
threshold=0.020993444577939353 636.71500000000003 1.0427810575099772 61.536590258673634 1.3200000000000003 94.554996490000022 0.28500000000000009 1240.1550000000002 0.95746073416954725 2.4650000000000003 2.2250000000000005 1.0049023467278988 0.070104340270527712 97.625000000000014 1.0071752673643541 43.74276741379694
decision_type=2 2 2 2 2 2 2 2 2 2 2 2 2 2 2 2
left_child=1 11 3 8 -5 -6 7 14 10 -10 -3 15 -8 -14 -4 -1
right_child=-2 2 6 4 5 -7 12 -9 9 -11 -12 -13 13 -15 -16 -17
leaf_value=-0.00016578155200529308 0.0007023894825205207 0 -0.00094549659251788381 0.00088200526137952691 -0.00023293546936308432 0.00032088098870971821 0.00033694597845001579 0 3.7377260979284005e-05 -0.00017611531659776422 0.00046599109626667748 -0.00073218561297057772 -0.00032951813387529307 2.8686150128172859e-05 -0.0002796296579339965 0
leaf_weight=20 24 80 31 29 69 147 25 32 1035 449 73 28 44 73 32 21
leaf_count=20 24 80 31 29 69 147 25 32 1035 449 73 28 44 73 32 21
internal_value=0 -7.6485e-06 4.03977e-06 2.84556e-05 0.00023433 0.000129884 -0.000176544 -0.00042784 -6.49083e-07 -2.52721e-05 0.000217311 -0.000404384 0 -8.22503e-05 -0.000663807 -9.6988e-05
internal_weight=2212 2188 2119 1882 245 216 237 95 1637 1484 153 69 142 117 63 41
internal_count=2212 2188 2119 1882 245 216 237 95 1637 1484 153 69 142 117 63 41
is_linear=0
shrinkage=0.03


Tree=33
num_leaves=17
num_cat=0
split_feature=14 21 21 21 16 25 19 19 19 14 15 21 18 15 18 20
split_gain=0.0130606 0.0121099 0.015007 0.0125249 0.0109908 0.0116736 0.0128961 0.00957816 0.0102528 0.00848677 0.00548357 0.00280165 0.00321659 0.00272131 0.00267998 0.000831307
threshold=0.020993444577939353 14.164999965000002 13.924999715000002 14.934999945000003 38.84345808346788 68.730187940000022 94.094997405000015 87.729999540000009 88.665000915000022 0.016447883818972903 0.0086598583354738513 12.945000175000002 0.080682177671993663 0.010683398675095603 0.20064461978679674 2.1450000000000005
decision_type=2 2 2 2 2 2 2 2 2 2 2 2 2 2 2 2
left_child=1 2 4 14 11 10 -7 -5 -9 -10 -6 12 -1 -4 -3 -16
right_child=-2 3 13 7 5 6 -8 8 9 -11 -12 -13 -14 -15 15 -17
leaf_value=0 0.00068216067116707571 -2.7524960777373048e-05 0.00066704506040649839 -0.00059997665811533805 -0.00054029747266089547 -0.00012622622613173742 0.00019035740928991478 0.00054971488502009635 -1.0333272905331138e-05 -0.00042102037126278444 0 0 0.00052852496244131691 4.0649338342648518e-05 -0.00011589012793715923 -0.00051222084754194567
leaf_weight=20 24 39 46 25 49 202 254 27 1257 47 22 25 58 20 30 67
leaf_count=20 24 39 46 25 49 202 254 27 1257 47 22 25 58 20 30 67
internal_value=0 -7.43259e-06 9.42185e-05 -5.68923e-05 4.3527e-05 -6.54672e-06 4.35825e-05 -2.68354e-05 -1.33755e-05 -2.77458e-05 -0.000366304 0.000326175 0.000414699 0.000525444 -0.000332296 -0.00042269
internal_weight=2212 2188 696 1492 630 527 456 1356 1331 1304 71 103 78 66 136 97
internal_count=2212 2188 696 1492 630 527 456 1356 1331 1304 71 103 78 66 136 97
is_linear=0
shrinkage=0.03


Tree=34
num_leaves=21
num_cat=0
split_feature=11 26 19 19 24 26 18 8 11 25 25 8 17 26 24 25 25 20 14 11
split_gain=0.0128335 0.0149868 0.00943413 0.0244425 0.0228819 0.0237225 0.0133983 0.00965475 0.0125867 0.010857 0.00826238 0.00673534 0.00975548 0.00576136 0.00469046 0.00440787 0.0052265 0.00399379 0.00232676 0.00115929
threshold=0.95540947442274349 639.99500000000012 101.5550003 98.584999085000007 1.1650000000000003 917.60000000000014 0.25957065673416818 0.99741677269387374 1.0401320323577621 74.806078415000016 67.940476510000011 1.0083186542263969 -0.00043748246202159996 910.2600000000001 0.71500000000000008 77.516985155000015 74.274551910000014 3.2250000000000005 0.0089772608265787004 1.0011582396430769
decision_type=2 2 2 2 2 2 2 2 2 2 2 2 2 2 2 2 2 2 2 2
left_child=10 14 3 7 6 13 -4 9 -9 -3 -1 12 -5 -6 19 16 18 -17 -12 -2
right_child=1 2 4 11 5 -7 -8 8 -10 -11 15 -13 -14 -15 -16 17 -18 -19 -20 -21
leaf_value=-0.0001725680714007467 0 -0.0003558692122057047 -2.5702196961412019e-06 0.00013349364474997858 2.5689618353841493e-05 -0.00075050462593587684 -0.00080670560006678219 8.2452789194013202e-05 -0.00017916632729839645 -3.0922705246049114e-05 0 0 0.00063847633720433804 0.00057498451940671995 -0.00076247363452733091 -0.00014357716591621283 0.00089585610899874676 0.00035971134593244645 0.00043403706173412499 -0.00031395128571470692
leaf_weight=23 33 139 38 89 50 22 60 855 200 348 27 38 86 42 27 23 27 24 29 32
leaf_count=23 33 139 38 89 50 22 60 855 200 348 27 38 86 42 27 23 27 24 29 32
internal_value=0 -1.94361e-05 -3.11834e-07 2.10266e-05 -0.000190312 7.62861e-05 -0.000528377 -1.88247e-05 2.98931e-05 -0.000130356 0.000264477 0.000322286 0.00040092 0.000312199 -0.000391662 0.000365428 0.000503858 5.30611e-05 0.000249827 -0.000182959
internal_weight=2212 2059 1967 1755 212 114 98 1542 1055 487 153 213 175 92 92 130 83 47 56 65
internal_count=2212 2059 1967 1755 212 114 98 1542 1055 487 153 213 175 92 92 130 83 47 56 65
is_linear=0
shrinkage=0.03


Tree=35
num_leaves=17
num_cat=0
split_feature=11 26 23 20 19 16 11 9 17 25 26 25 7 9 10 5
split_gain=0.0121477 0.0145502 0.00939384 0.00825536 0.00814991 0.0122647 0.00892699 0.0148325 0.0112446 0.0100532 0.00968759 0.00337646 0.00313773 0.0020571 0.00161302 0.000144779
threshold=0.94899238432474464 639.99500000000012 0.33500000000000008 2.4650000000000003 86.720001220000015 44.393667310983751 1.0569940101680244 1.0017632809555976 -0.0016419394336616498 76.663052700000023 944.47000000000014 75.395638325000007 0.012041129413953503 1.0090700779016437 1.036647617636951 -0.0032249097697476495
decision_type=2 2 2 2 2 2 2 2 2 2 2 2 2 2 2 2
left_child=2 11 15 -4 5 -3 7 8 -6 -9 14 -2 -12 -13 -8 -1
right_child=1 4 3 -5 6 -7 10 9 -10 -11 12 13 -14 -15 -16 -17
leaf_value=0.00077151881167183403 0 8.1288080052472638e-05 -0.00042534861980344759 0.00031852399974527276 6.140475388850632e-05 -0.00069552519308038155 -8.5809637152124184e-05 0.00025535721701712335 -0.00014116032384241242 3.5316835084895703e-05 -6.9891978584399197e-06 -0.00059382226324613337 -0.00062834211307294342 -8.0325968033220207e-05 0.00020782134473195361 0.00025313333993674152
leaf_weight=28 23 24 21 33 432 36 27 325 535 531 21 51 45 26 28 26
leaf_count=28 23 24 21 33 432 36 27 325 535 531 21 51 45 26 28 26
internal_value=0 -1.58025e-05 0.000308998 0 4.11847e-07 -0.000339381 1.26108e-05 3.06806e-05 -4.75968e-05 0.000122561 -0.00023306 -0.000367228 -0.00047847 -0.000462148 1.11455e-05 0.000585612
internal_weight=2212 2104 108 54 2004 60 1944 1823 967 856 121 100 66 77 55 54
internal_count=2212 2104 108 54 2004 60 1944 1823 967 856 121 100 66 77 55 54
is_linear=0
shrinkage=0.03


Tree=36
num_leaves=19
num_cat=0
split_feature=15 21 21 16 26 26 21 14 15 25 19 18 8 8 5 18 6 20
split_gain=0.0122753 0.011395 0.0137268 0.0124643 0.011997 0.0126467 0.00967772 0.00822429 0.0158027 0.00815856 0.00941799 0.00590286 0.00557161 0.005596 0.00473193 0.00241098 0.00173356 0.000582578
threshold=0.017471475160184102 14.164999965000002 13.614999775000003 42.833597048496515 1259.1150000000002 1273.5600000000002 14.934999945000003 0.016447883818972903 0.010652388808836951 68.730187940000022 94.094997405000015 0.20064461978679674 1.0077514359681479 0.99876301860329131 0.0027998347046623503 0.20064461978679674 0.0050403243513461012 2.1450000000000005
decision_type=2 2 2 2 2 2 2 2 2 2 2 2 2 2 2 2 2 2
left_child=1 2 3 14 6 -6 15 8 -8 11 -11 -5 13 -4 16 -3 -1 -17
right_child=-2 4 12 9 5 -7 7 -9 -10 10 -12 -13 -14 -15 -16 17 -18 -19
leaf_value=0.00042181764601583968 0.00058346925661317069 -2.400794038912863e-05 7.5677312408307828e-05 0 0.00082444321037369915 -3.1630179564341552e-05 -8.0767114421401561e-05 -0.00046944121652419069 0.00019670001437178521 -0.00015151105526912124 0.00015001352173757754 -0.00061048862366697978 0 0.00068354304939887269 -3.5842756927013327e-06 -0.0001119062021494873 0 -0.0004868408263475216
leaf_weight=90 31 39 34 27 27 21 1041 40 220 181 190 36 31 58 24 30 25 67
leaf_count=90 31 39 34 27 27 21 1041 40 220 181 190 36 31 58 24 30 25 67
internal_value=0 -8.39527e-06 9.00478e-05 2.24619e-05 -5.65826e-05 0.000395685 -7.40405e-05 -4.60336e-05 -2.98642e-05 -5.10688e-05 0 -0.000363945 0.000377985 0.000494384 0.0002722 -0.000317771 0.000355152 -0.000403819
internal_weight=2212 2181 696 573 1485 48 1437 1301 1261 434 371 63 123 92 139 136 115 97
internal_count=2212 2181 696 573 1485 48 1437 1301 1261 434 371 63 123 92 139 136 115 97
is_linear=0
shrinkage=0.03


Tree=37
num_leaves=18
num_cat=0
split_feature=11 15 23 16 20 19 26 10 24 14 15 23 18 19 8 14 25
split_gain=0.0117805 0.0188677 0.0112361 0.0107877 0.0154643 0.0133953 0.0102703 0.0096992 0.00886539 0.00841062 0.00939315 0.00619805 0.00438884 0.00545212 0.0027184 0.000873628 0.00141042
threshold=1.0427810575099772 0.016454585189204653 0.28500000000000009 61.536590258673634 1.3200000000000003 93.564998625000015 1240.1550000000002 1.0224851007778344 0.50500000000000012 0.016949520716960351 0.010753679215846102 0.39500000000000007 0.10133594794091896 97.274997710000022 1.0071752673643541 0.0080092416908828512 82.609894270000026
decision_type=2 2 2 2 2 2 2 2 2 2 2 2 2 2 2 2 2
left_child=1 3 6 7 -5 8 14 9 -6 10 -1 -7 -4 -14 -2 -15 -17
right_child=2 -3 12 4 5 11 -8 -9 -10 -11 -12 -13 13 15 -16 16 -18
leaf_value=-2.1523227322061383e-05 -0.00090710201499645006 0.00082942329824660333 0.00025992376484901871 0.0008493709291273263 -0.0006780951978372676 -0.00010302809272403025 0 -0.00050075433982662318 7.6159345626365317e-06 -0.0005483838826837019 0.00018523576047497982 0.00031419345874278339 -0.00041450477464476955 0.00019021486011998993 -0.00031415975977462239 8.8034458258854479e-05 -0.00018817163959829484
leaf_weight=1400 32 25 36 29 27 28 33 35 23 24 228 145 36 20 40 20 31
leaf_count=1400 32 25 36 29 27 28 33 35 23 24 228 145 36 20 40 20 31
internal_value=0 2.47608e-05 -0.000194273 1.24175e-05 0.000195896 9.41096e-05 -0.000429021 -1.33127e-05 -0.00030988 -8.73956e-07 5.68751e-06 0.000229221 0 -0.000115879 -0.000627602 0 -2.25532e-05
internal_weight=2212 1964 248 1939 252 223 105 1687 50 1652 1628 173 143 107 72 71 51
internal_count=2212 1964 248 1939 252 223 105 1687 50 1652 1628 173 143 107 72 71 51
is_linear=0
shrinkage=0.03


Tree=38
num_leaves=14
num_cat=0
split_feature=11 26 24 24 19 19 24 25 21 24 21 14 11
split_gain=0.0115297 0.0127595 0.0092115 0.0177948 0.01847 0.0225233 0.0109202 0.00758173 0.0063874 0.00453125 0.0027116 0.00147229 0.00107387
threshold=0.95540947442274349 639.99500000000012 1.5900000000000003 1.2600000000000002 101.5550003 98.584999085000007 1.1650000000000003 67.940476510000011 23.975000385000005 0.71500000000000008 17.880000115000005 0.0089772608265787004 1.0011582396430769
decision_type=2 2 2 2 2 2 2 2 2 2 2 2 2
left_child=7 9 3 4 5 -3 -6 -1 10 12 11 -9 -2
right_child=1 2 -4 -5 6 -7 -8 8 -10 -11 -12 -13 -14
leaf_value=-0.000165230552709545 0 -1.8621142113749798e-05 -0.00047100704502805161 0.00063343928935937583 -0.00051069489751843675 0.00030881126369589014 1.4235801846371028e-05 0 0 -0.00072266089883383502 0.00061575619879788393 0.00033814641299585886 -0.00028177017066098581
leaf_weight=23 33 1542 36 39 98 213 39 25 22 27 58 25 32
leaf_count=23 33 1542 36 39 98 213 39 25 22 27 58 25 32
internal_value=0 -1.86442e-05 -8.76963e-07 6.57422e-06 -5.09043e-06 1.95633e-05 -0.000340503 0.000250462 0.000347608 -0.000362163 0.000444927 0.000179753 -0.000158283
internal_weight=2212 2059 1967 1931 1892 1755 137 153 130 92 108 50 65
internal_count=2212 2059 1967 1931 1892 1755 137 153 130 92 108 50 65
is_linear=0
shrinkage=0.03


Tree=39
num_leaves=18
num_cat=0
split_feature=11 15 23 21 14 20 15 21 21 24 21 7 0 19 17 24 13
split_gain=0.0111328 0.0187808 0.0118598 0.0120762 0.00987194 0.0132903 0.0280343 0.023215 0.0156853 0.0133312 0.00855391 0.00689119 0.00526203 0.00371422 0.00381261 0.00181943 0.00304405
threshold=1.0419340138286259 0.016454585189204653 0.28500000000000009 21.244999885000002 0.016949520716960351 1.3900000000000001 0.007835366372799352 27.739999770000004 27.654999735000004 1.1650000000000003 30.704999925000006 0.012265272310905802 -1.0000000180025095e-35 97.375000000000014 0.0010200396454043503 0.14500000000000005 1.030739448066305
decision_type=2 2 2 2 2 2 2 2 2 2 2 2 2 2 2 2 2
left_child=1 4 3 -2 5 6 8 9 -1 -7 -9 -5 -8 14 -4 -15 -17
right_child=2 -3 13 11 -6 7 12 10 -10 -11 -12 -13 -14 15 -16 16 -18
leaf_value=0.00018327493610559029 -0.00078834612939681378 0.00084368911892641332 -0.00042597584715188151 0.00013795765651988663 -0.00055291096483253775 -3.8444003663552006e-06 0.00024267807107006725 -0.00086114448248286182 0.0014897519827051005 0.00035388116873130482 -2.7950439726867306e-05 -0.00044247651245349248 -8.124968178689164e-05 0 0 0.00039179642546999574 0
leaf_weight=23 47 24 30 34 26 1523 75 37 22 98 27 30 93 31 33 35 24
leaf_count=23 47 24 30 34 26 1523 75 37 22 98 27 30 93 31 33 35 24
internal_value=0 2.47829e-05 -0.000182462 -0.000417222 1.25764e-05 2.21897e-05 0.000245182 -4.348e-06 0.000905715 1.61377e-05 -0.000561632 -9.05885e-05 4.61897e-05 0 -0.000185142 0.000112368 0.000215504
internal_weight=2212 1948 264 111 1924 1898 213 1685 45 1621 64 64 168 153 63 90 59
internal_count=2212 1948 264 111 1924 1898 213 1685 45 1621 64 64 168 153 63 90 59
is_linear=0
shrinkage=0.03


Tree=40
num_leaves=22
num_cat=0
split_feature=11 26 19 19 24 26 18 25 15 25 22 23 21 8 26 24 11 21 13 11 21
split_gain=0.0106672 0.0118993 0.00906059 0.0204664 0.0184889 0.0195638 0.0124136 0.00928221 0.0152175 0.0119534 0.00735456 0.0101417 0.00625236 0.0107292 0.00516206 0.00414966 0.00295833 0.00277886 0.00252136 0.000915608 0.00087428
threshold=0.95746073416954725 639.99500000000012 101.5550003 98.584999085000007 1.1650000000000003 917.60000000000014 0.25957065673416818 75.155492570000021 0.0086598583354738513 75.855032310000013 241.88350000000005 0.33500000000000008 14.065000055000001 1.0083186542263969 910.2600000000001 0.71500000000000008 0.94825150027161231 22.715000155000002 1.0043278852543305 1.0011582396430769 17.880000115000005
decision_type=2 2 2 2 2 2 2 2 2 2 2 2 2 2 2 2 2 2 2 2 2
left_child=10 15 3 7 6 14 -4 8 -3 -9 11 16 18 -14 -6 19 -1 20 -5 -2 -12
right_child=1 2 4 12 5 -7 -8 9 -10 -11 17 -13 13 -15 -16 -17 -18 -19 -20 -21 -22
leaf_value=0.00042732193309833139 0 -0.00031916214619257449 0 0.00017839331396034039 0 -0.00069786860933527346 -0.00076451266407748329 0.00039911179186310618 3.2501568854272856e-05 0 0.00021982497259831198 -0.0004408855778682563 0.00056710418429491778 0 0.00051940084774313225 -0.00069912254067769808 0 1.7684907549437404e-05 -0.00015996046710759401 -0.00026561637017981739 0.0007896350368079895
leaf_weight=35 32 211 38 53 49 22 59 71 203 1044 25 26 104 31 41 27 35 23 24 32 27
leaf_count=35 32 211 38 53 49 22 59 71 203 1044 25 26 104 31 41 27 35 23 24 32 27
internal_value=0 -1.92023e-05 -1.92089e-06 1.89622e-05 -0.000189427 4.96733e-05 -0.000493804 -1.75604e-05 -0.000139836 2.52372e-05 0.000226803 1.81482e-05 0.000295302 0.000421068 0.000271034 -0.000352863 0.000234708 0.000450654 3.37721e-05 -0.000152122 0.000581608
internal_weight=2212 2041 1950 1741 209 112 97 1529 414 1115 171 96 212 135 90 91 70 75 77 64 52
internal_count=2212 2041 1950 1741 209 112 97 1529 414 1115 171 96 212 135 90 91 70 75 77 64 52
is_linear=0
shrinkage=0.03


end of trees

feature_importances:
VIX=109
Close_to_MA_50=82
ETF_Holdings=78
USD_Index=61
Real_Yield_10Y=54
Gold_Silver_Ratio=49
US_10Y_Yield=37
RSI_14=36
MACD_Pct=35
Rolling_Std_10=30
Rolling_Std_20=29
Volume_to_MA_10=15
Close_to_MA_5=14
Close_to_MA_20=14
Fed_Funds_Rate=13
CPI_Inflation=12
Return=11
Daily_Range_Pct=8
Ret_Lag_5=6
Close_to_MA_10=4
Log_Return=3
Close_to_EMA_20=3
Close_to_EMA_10=2
Ret_Lag_1=1
Ret_Lag_3=1
Ret_Lag_10=1

parameters:
[boosting: gbdt]
[objective: regression]
[metric: l2]
[tree_learner: serial]
[device_type: cpu]
[data_sample_strategy: bagging]
[data: ]
[valid: ]
[num_iterations: 200]
[learning_rate: 0.03]
[num_leaves: 31]
[num_threads: 20]
[seed: 42]
[deterministic: 0]
[force_col_wise: 0]
[force_row_wise: 0]
[histogram_pool_size: -1]
[max_depth: 6]
[min_data_in_leaf: 20]
[min_sum_hessian_in_leaf: 0.001]
[bagging_fraction: 0.8]
[pos_bagging_fraction: 1]
[neg_bagging_fraction: 1]
[bagging_freq: 0]
[bagging_seed: 400]
[bagging_by_query: 0]
[feature_fraction: 0.8]
[feature_fraction_bynode: 1]
[feature_fraction_seed: 30056]
[extra_trees: 0]
[extra_seed: 12879]
[early_stopping_round: 0]
[early_stopping_min_delta: 0]
[first_metric_only: 0]
[max_delta_step: 0]
[lambda_l1: 0.1]
[lambda_l2: 1]
[linear_lambda: 0]
[min_gain_to_split: 0]
[drop_rate: 0.1]
[max_drop: 50]
[skip_drop: 0.5]
[xgboost_dart_mode: 0]
[uniform_drop: 0]
[drop_seed: 17869]
[top_rate: 0.2]
[other_rate: 0.1]
[min_data_per_group: 100]
[max_cat_threshold: 32]
[cat_l2: 10]
[cat_smooth: 10]
[max_cat_to_onehot: 4]
[top_k: 20]
[monotone_constraints: ]
[monotone_constraints_method: basic]
[monotone_penalty: 0]
[feature_contri: ]
[forcedsplits_filename: ]
[refit_decay_rate: 0.9]
[cegb_tradeoff: 1]
[cegb_penalty_split: 0]
[cegb_penalty_feature_lazy: ]
[cegb_penalty_feature_coupled: ]
[path_smooth: 0]
[interaction_constraints: ]
[verbosity: -1]
[saved_feature_importance_type: 0]
[use_quantized_grad: 0]
[num_grad_quant_bins: 4]
[quant_train_renew_leaf: 0]
[stochastic_rounding: 1]
[linear_tree: 0]
[max_bin: 255]
[max_bin_by_feature: ]
[min_data_in_bin: 3]
[bin_construct_sample_cnt: 200000]
[data_random_seed: 175]
[is_enable_sparse: 1]
[enable_bundle: 1]
[use_missing: 1]
[zero_as_missing: 0]
[feature_pre_filter: 1]
[pre_partition: 0]
[two_round: 0]
[header: 0]
[label_column: ]
[weight_column: ]
[group_column: ]
[ignore_column: ]
[categorical_feature: ]
[forcedbins_filename: ]
[precise_float_parser: 0]
[parser_config_file: ]
[objective_seed: 16083]
[num_class: 1]
[is_unbalance: 0]
[scale_pos_weight: 1]
[sigmoid: 1]
[boost_from_average: 1]
[reg_sqrt: 0]
[alpha: 0.9]
[fair_c: 1]
[poisson_max_delta_step: 0.7]
[tweedie_variance_power: 1.5]
[lambdarank_truncation_level: 30]
[lambdarank_norm: 1]
[label_gain: ]
[lambdarank_position_bias_regularization: 0]
[eval_at: ]
[multi_error_top_k: 1]
[auc_mu_weights: ]
[num_machines: 1]
[local_listen_port: 12400]
[time_out: 120]
[machine_list_filename: ]
[machines: ]
[gpu_platform_id: -1]
[gpu_device_id: -1]
[gpu_device_id_list: ]
[gpu_use_dp: 0]
[num_gpu: 1]

end of parameters

pandas_categorical:[]
