tree
version=v4
num_class=1
num_tree_per_iteration=1
label_index=0
max_feature_idx=26
objective=regression
feature_names=Return Log_Return Ret_Lag_1 Ret_Lag_2 Ret_Lag_3 Ret_Lag_5 Ret_Lag_10 Daily_Range_Pct Close_to_MA_5 Close_to_MA_10 Close_to_MA_20 Close_to_MA_50 Close_to_EMA_10 Close_to_EMA_20 Rolling_Std_10 Rolling_Std_20 RSI_14 MACD_Pct Volume_to_MA_10 USD_Index US_10Y_Yield VIX CPI_Inflation EIA_Storage_Level Heating_Degree_Days Cooling_Degree_Days Rig_Count
feature_infos=[-0.25953710489588089:0.46481176972811999] [-0.30047975442423092:0.3817267493869263] [-0.25953710489588089:0.46481176972811999] [-0.25953710489588089:0.46481176972811999] [-0.25953710489588089:0.46481176972811999] [-0.25953710489588089:0.46481176972811999] [-0.25953710489588089:0.46481176972811999] [0.0017521826490472:0.49736635943841118] [0.84956273887500966:1.3847751908081158] [0.79372315714634623:1.448186552283947] [0.72649827249158727:1.4990189649360941] [0.69560686648338077:1.5115317390034022] [0.82652070235046038:1.3922727109650179] [0.76555395000077109:1.4587988368072369] [0.0075971995904466003:0.19324897156218779] [0.0101270268425171:0.1415741040779375] [18.806082754753248:90.72666898325852] [-0.047345077241480002:0.037280324466973602] [0.18930515529939049:2.8509042652839689] [79.779998779296875:114.11000061035156] [0.52000000000000002:3.9700000000000002] [9.1400003433227539:82.69000244140625] [234.74700000000001:296.34899999999999] [1107:4047] [0:41.399999999999999] [0:20.100000000000001] [244:1931]
tree_sizes=2678 2812 2857 2877

Tree=0
num_leaves=30
num_cat=0
split_feature=26 22 26 15 15 22 11 11 26 24 22 26 14 26 22 15 26 26 20 10 10 15 10 26 20 22 24 24 20
split_gain=28.3918 15.2623 6.81924 5.56216 3.9801 4.24049 3.31725 1.872 2.56696 1.65756 1.41113 1.36323 1.2393 1.09483 1.07746 0.981719 0.909986 1.39266 0.939166 0.737949 0.696749 0.557808 0.407651 0.283442 0.270875 0.188657 0.154313 0.0323083 0.00640108
threshold=663.50000000000011 281.69400000000007 502.50000000000006 0.012941804842287201 0.023983794705125506 259.65650000000005 1.1058294205364352 1.0756654962565089 756.50000000000011 1.4500000000000002 279.88200000000006 338.50000000000006 0.029558365490241354 1915.5000000000002 251.43850000000003 0.025781519126149954 885.50000000000011 756.50000000000011 1.7650000000000003 0.94973946138197551 1.0565817084676552 0.029563775525040654 1.1418702980226958 488.50000000000006 2.4350000000000005 269.51850000000007 6.8500000000000005 3.5500000000000003 1.6050000000000002
decision_type=2 2 2 2 2 2 2 2 2 2 2 2 2 2 2 2 2 2 2 2 2 2 2 2 2 2 2 2 2
left_child=1 2 4 9 23 11 10 13 22 14 15 -6 26 16 -2 -4 17 -5 -18 -7 -3 -8 27 25 -15 -1 -10 -9 -23
right_child=3 20 6 7 5 19 21 8 12 -11 -12 -13 -14 24 -16 -17 18 -19 -20 -21 -22 28 -24 -25 -26 -27 -28 -29 -30
leaf_value=0.043233776038144871 0.03701880933745566 0.057557416051912932 0.0388019612966094 0.033509765505430687 0.043369990048569396 0.037349984354297566 0.031985142777162349 0.033904096543420803 0.030629653735014847 0.033845912339017792 0.042287716005932091 0.038365891807816986 0.023141755158989259 0.025818904897914649 0.046656802868550312 0.032915504853024455 0.037882245276768214 0.029516167570415898 0.032088113299151184 0.032266361861677938 0.048022646486513727 0.024503240855904385 0.029790944130446639 0.040077386760330173 0.030689056880884219 0.047055372984249028 0.027281464512187867 0.035659292129409124 0.027688958489223661
leaf_weight=73 20 31 32 107 81 33 20 23 38 31 22 142 71 38 26 110 25 316 630 103 20 26 20 24 20 34 29 21 20
leaf_count=73 20 31 32 107 81 33 20 23 38 31 22 142 71 38 26 110 25 316 630 103 20 26 20 24 20 34 29 21 20
internal_value=0.0338768 0.0385051 0.0373611 0.0313535 0.0393588 0.0376934 0.0331128 0.0308999 0.0282297 0.0391339 0.0353876 0.0402312 0.0259385 0.0313819 0.0426862 0.0342462 0.0316067 0.030516 0.0323196 0.0335381 0.0542199 0.0274775 0.0332624 0.0438365 0.0273649 0.0445867 0.0290606 0.0348295 0.0256634
internal_weight=2186 771 720 1415 490 359 230 1338 202 77 164 223 138 1136 46 142 1078 423 655 136 51 66 64 131 58 107 67 44 46
internal_count=2186 771 720 1415 490 359 230 1338 202 77 164 223 138 1136 46 142 1078 423 655 136 51 66 64 131 58 107 67 44 46
is_linear=0
shrinkage=1


Tree=1
num_leaves=31
num_cat=0
split_feature=20 22 23 20 15 22 23 22 22 23 11 24 23 21 21 22 20 15 20 15 15 9 11 11 19 22 23 22 17 25
split_gain=16.5185 13.7861 7.56747 6.7715 5.21815 4.35123 2.69447 2.66298 2.9681 2.62858 3.26779 2.49353 2.48372 2.45063 1.84524 1.20617 0.848553 0.530615 0.396333 0.739354 0.356811 0.291493 0.193576 0.18468 0.16522 0.151605 0.149041 0.130665 0.0885231 0.047379
threshold=2.0350000000000006 281.69400000000007 2838.0000000000005 0.72500000000000009 0.012941804842287201 264.27000000000004 2413.5000000000005 279.88200000000006 256.23300000000006 2366.0000000000005 1.0756654962565089 15.850000000000003 2369.5000000000005 22.805000305175785 14.50500011444092 259.28300000000007 2.7850000000000006 0.018773825762767853 2.7350000000000008 0.022249764581021004 0.043431720484234555 1.0179430204349216 0.88767573226279062 1.0052466997269984 96.255001068115249 237.57500000000002 2201.5000000000005 242.33150000000003 0.0024569451643227506 1.2500000000000002
decision_type=2 2 2 2 2 2 2 2 2 2 2 2 2 2 2 2 2 2 2 2 2 2 2 2 2 2 2 2 2 2
left_child=1 2 5 15 12 6 21 8 -5 13 14 -8 26 18 17 24 -15 -11 19 -6 27 -1 -18 -20 -4 -16 -2 -12 -3 -7
right_child=4 28 3 7 9 29 11 -9 -10 10 20 -13 -14 16 25 -17 22 -19 23 -21 -22 -23 -24 -25 -26 -27 -28 -29 -30 -31
leaf_value=0.00080461069274198019 0 0.022789261156862431 0.014149378785065243 0.0010255848506188442 -0.0038930885410767843 0.0071680358818599155 0.0083267185078256499 0.0080961561687290674 -0.0041038562620184229 0.00062355343318899693 -0.0089583736757437391 0.00023501563039071 0.013013030265569688 0.0089610626822603616 -0.0064270217674581897 0.0037141241463953829 0.0041059725832726275 -0.0022090571620200063 0.0011512541512663406 -0.0007018905529171327 -0.010724762432277202 -0.0024050721114501354 0.00039829867455857588 -0.0014929572485302659 0.0083900120556354534 -0.0044453578874901201 0.0032113870139355246 -0.0055544145326404011 0.015468149586447646 0.010602354580346418
leaf_weight=92 30 21 20 162 167 20 109 23 266 75 26 51 24 20 68 35 20 256 40 112 47 34 38 54 20 167 22 50 20 97
leaf_count=92 30 21 20 162 167 20 109 23 266 75 26 51 24 20 68 35 20 256 40 112 47 34 38 54 20 167 22 50 20 97
internal_value=0 0.002919 0.00215285 -0.000212933 -0.00232757 0.00524102 0.00321189 -0.00161118 -0.00215748 -0.00283776 -0.00400371 0.0057836 0.00522381 -0.00104496 -0.00302226 0.00806626 0.00374609 -0.00155825 -0.0020622 -0.00262983 -0.008435 -4.999e-05 0.00177558 -0.000335908 0.0116177 -0.00505629 0.00139448 -0.00685911 0.0197427 0.0101064
internal_weight=2186 970 929 526 1216 403 286 451 428 1140 689 160 76 451 566 75 78 331 373 279 123 126 58 94 40 235 52 76 41 117
internal_count=2186 970 929 526 1216 403 286 451 428 1140 689 160 76 451 566 75 78 331 373 279 123 126 58 94 40 235 52 76 41 117
is_linear=0
shrinkage=0.03


Tree=2
num_leaves=31
num_cat=0
split_feature=26 23 22 23 20 22 21 19 20 23 22 21 17 11 10 20 26 22 24 11 24 11 14 23 22 26 26 11 26 11
split_gain=25.4724 14.2699 6.74662 5.06865 4.77983 2.75178 2.2066 2.02188 3.07671 2.53299 1.99885 1.87049 1.62561 1.2989 1.04186 0.990087 0.992403 0.986584 0.878133 0.708299 0.693633 0.635252 0.497208 0.467801 0.407247 0.330587 0.322916 0.246352 0.241392 0.197185
threshold=663.50000000000011 2838.0000000000005 281.69400000000007 2871.5000000000005 0.71500000000000008 279.88200000000006 19.765000343322757 105.1800003051758 2.8150000000000004 2369.5000000000005 241.88350000000005 11.795000076293947 0.0042969929031983507 1.1034151688150808 1.0256078253545502 2.1050000000000004 788.00000000000011 259.28300000000007 13.350000000000003 0.86670034847935795 9.3500000000000032 1.0127496083935095 0.031995040646599353 2091.5000000000005 237.69500000000002 570.00000000000011 899.50000000000011 1.0768099329174745 802.50000000000011 0.99267930518926539
decision_type=2 2 2 2 2 2 2 2 2 2 2 2 2 2 2 2 2 2 2 2 2 2 2 2 2 2 2 2 2 2
left_child=1 2 6 7 17 10 -1 8 15 23 25 29 20 -12 -11 22 -17 -3 24 -20 -8 -9 -2 -10 -13 -6 -26 -4 -21 -5
right_child=3 4 27 11 5 -7 12 21 9 14 13 18 -14 -15 -16 16 -18 -19 19 28 -22 -23 -24 -25 26 -27 -28 -29 -30 -31
leaf_value=0.0095217077200284266 0.0012277942717815417 0.011276746777771041 0.022570859325783593 -0.00047115191871167287 0.0022933994530791755 0.008697114708168167 0.0091293316231324112 -0.0018861924824970107 -0.0001022763151504048 0.013669615887782791 -0.00079411453385155916 -0.0066925844539489059 -0.0015674510464099617 -0.0055146281777586981 0.0036851874148207051 0.001143782998190727 -0.0029742386185982492 0.0038411598005755384 -0.0030425144691020247 -0.0064437796841649445 0.0028618079831146379 -0.0088592579711127932 -0.0022782422516440205 0.0034107375308547331 -0.0043933690532777948 -0.0017314114276585832 -0.0010208754165450464 0.01483392606569188 -0.0097510995749384155 -0.0028449350447608875
leaf_weight=166 125 39 27 69 121 27 38 20 126 21 122 62 33 94 20 59 398 32 29 50 32 36 50 45 126 20 36 20 79 64
leaf_count=166 125 39 27 69 121 27 38 20 126 21 122 62 33 94 20 59 398 32 29 50 32 36 50 45 126 20 36 20 79 64
internal_value=8.26801e-07 0.00438605 0.00927385 -0.00238787 0.000971966 -0.00034964 0.00737154 -0.00102326 -0.00064918 0.00246491 -0.00106461 -0.0047602 0.00381914 -0.00287818 0.0090743 -0.00170076 -0.0024347 0.00806706 -0.00582861 -0.00758488 0.00638709 -0.00649829 0.000201771 0.000819214 -0.00454828 0.0016932 -0.00367319 0.0197187 -0.0085517 -0.00164852
internal_weight=2186 771 316 1415 455 384 269 900 844 212 357 515 103 216 41 632 457 71 382 158 70 56 175 171 224 141 162 47 129 133
internal_count=2186 771 316 1415 455 384 269 900 844 212 357 515 103 216 41 632 457 71 382 158 70 56 175 171 224 141 162 47 129 133
is_linear=0
shrinkage=0.03


Tree=3
num_leaves=31
num_cat=0
split_feature=26 23 22 23 20 22 21 22 21 20 22 23 17 11 20 22 24 11 24 11 22 23 23 22 26 26 22 17 26 11
split_gain=23.9993 13.4427 6.37059 4.77805 4.51591 2.62295 2.07369 1.97383 1.76095 1.70996 2.70296 1.9473 1.53332 1.25356 1.2213 1.06825 0.826471 0.665272 0.652366 0.613602 0.542677 0.404499 0.396236 0.382748 0.311851 0.303149 0.278136 0.227467 0.225344 0.185396
threshold=663.50000000000011 2838.0000000000005 281.69400000000007 2871.5000000000005 0.72500000000000009 279.88200000000006 19.765000343322757 241.88350000000005 11.795000076293947 2.8150000000000004 295.02700000000004 2430.5000000000005 0.0042969929031983507 1.1034151688150808 2.5050000000000003 259.28300000000007 13.350000000000003 0.86670034847935795 9.3500000000000032 0.95857851690204365 256.03400000000005 2369.5000000000005 2091.5000000000005 237.69500000000002 570.00000000000011 899.50000000000011 235.04450000000006 0.0032402114285410505 802.50000000000011 0.99267930518926539
decision_type=2 2 2 2 2 2 2 2 2 2 2 2 2 2 2 2 2 2 2 2 2 2 2 2 2 2 2 2 2 2
left_child=1 2 6 9 15 7 -1 24 29 14 11 22 18 -9 19 -3 23 -18 -8 26 -21 -16 -11 -10 -6 -25 -2 -4 -19 -5
right_child=3 4 27 8 5 -7 12 13 16 10 -12 -13 -14 -15 21 -17 17 28 -20 20 -22 -23 -24 25 -26 -27 -28 -29 -30 -31
leaf_value=0.0092377668519219944 -0.002836790686270789 0.010966673250060255 0.021917977528912679 -0.00045721925882223456 0.0022251613652295448 0.0084455195111887808 0.0088624745103029097 -0.00087317334993200404 -0.0064949938821650685 -7.479463231129557e-05 -0.0078773855351739457 0.0082642878417212243 -0.0015218105475103263 -0.0055639685649708226 -0.0027664805322140454 0.0035171512032005315 -0.0029542815672233698 -0.0062542568681871183 0.0027785554173487153 -0.0025360218695837607 0.0018894704089699578 -0.0057673767180669881 0.0027979683475568892 -0.0042626057887361858 -0.0016819425427487917 -0.00099107685292492038 0.00064566429508221951 0.014410018832555839 -0.0094622233618050795 -0.0027608999460649033
leaf_weight=166 22 40 27 69 121 27 38 121 62 127 26 38 33 91 149 35 29 50 32 197 27 62 63 126 20 36 189 20 79 64
leaf_count=166 22 40 27 69 121 27 38 121 62 127 26 38 33 91 149 35 29 50 32 197 27 62 63 126 20 36 189 20 79 64
internal_value=1.29301e-06 0.00425786 0.00900192 -0.00231726 0.000943996 -0.000382648 0.00715294 -0.00108831 -0.00462063 -0.000992231 0.0010828 0.00214761 0.00370757 -0.00291743 -0.00181316 0.00762172 -0.00565739 -0.0073621 0.00620181 -0.000891737 -0.00198323 -0.00368546 0.000871708 -0.00441425 0.00164189 -0.00356454 0.000256745 0.0191524 -0.00829958 -0.00160048
internal_weight=2186 771 316 1415 455 380 269 353 515 900 254 228 103 212 646 75 382 158 70 435 224 211 190 224 141 162 211 47 129 133
internal_count=2186 771 316 1415 455 380 269 353 515 900 254 228 103 212 646 75 382 158 70 435 224 211 190 224 141 162 211 47 129 133
is_linear=0
shrinkage=0.03


end of trees

feature_importances:
CPI_Inflation=25
Rig_Count=17
Close_to_MA_50=14
EIA_Storage_Level=14
US_10Y_Yield=13
Rolling_Std_20=8
Heating_Degree_Days=8
VIX=6
Close_to_MA_20=4
MACD_Pct=4
Rolling_Std_10=2
USD_Index=2
Close_to_MA_10=1
Cooling_Degree_Days=1

parameters:
[boosting: gbdt]
[objective: regression]
[metric: l2]
[tree_learner: serial]
[device_type: cpu]
[data_sample_strategy: bagging]
[data: ]
[valid: ]
[num_iterations: 200]
[learning_rate: 0.03]
[num_leaves: 31]
[num_threads: 20]
[seed: 42]
[deterministic: 0]
[force_col_wise: 0]
[force_row_wise: 0]
[histogram_pool_size: -1]
[max_depth: 6]
[min_data_in_leaf: 20]
[min_sum_hessian_in_leaf: 0.001]
[bagging_fraction: 0.8]
[pos_bagging_fraction: 1]
[neg_bagging_fraction: 1]
[bagging_freq: 0]
[bagging_seed: 400]
[bagging_by_query: 0]
[feature_fraction: 0.8]
[feature_fraction_bynode: 1]
[feature_fraction_seed: 30056]
[extra_trees: 0]
[extra_seed: 12879]
[early_stopping_round: 0]
[early_stopping_min_delta: 0]
[first_metric_only: 0]
[max_delta_step: 0]
[lambda_l1: 0.1]
[lambda_l2: 1]
[linear_lambda: 0]
[min_gain_to_split: 0]
[drop_rate: 0.1]
[max_drop: 50]
[skip_drop: 0.5]
[xgboost_dart_mode: 0]
[uniform_drop: 0]
[drop_seed: 17869]
[top_rate: 0.2]
[other_rate: 0.1]
[min_data_per_group: 100]
[max_cat_threshold: 32]
[cat_l2: 10]
[cat_smooth: 10]
[max_cat_to_onehot: 4]
[top_k: 20]
[monotone_constraints: ]
[monotone_constraints_method: basic]
[monotone_penalty: 0]
[feature_contri: ]
[forcedsplits_filename: ]
[refit_decay_rate: 0.9]
[cegb_tradeoff: 1]
[cegb_penalty_split: 0]
[cegb_penalty_feature_lazy: ]
[cegb_penalty_feature_coupled: ]
[path_smooth: 0]
[interaction_constraints: ]
[verbosity: -1]
[saved_feature_importance_type: 0]
[use_quantized_grad: 0]
[num_grad_quant_bins: 4]
[quant_train_renew_leaf: 0]
[stochastic_rounding: 1]
[linear_tree: 0]
[max_bin: 255]
[max_bin_by_feature: ]
[min_data_in_bin: 3]
[bin_construct_sample_cnt: 200000]
[data_random_seed: 175]
[is_enable_sparse: 1]
[enable_bundle: 1]
[use_missing: 1]
[zero_as_missing: 0]
[feature_pre_filter: 1]
[pre_partition: 0]
[two_round: 0]
[header: 0]
[label_column: ]
[weight_column: ]
[group_column: ]
[ignore_column: ]
[categorical_feature: ]
[forcedbins_filename: ]
[precise_float_parser: 0]
[parser_config_file: ]
[objective_seed: 16083]
[num_class: 1]
[is_unbalance: 0]
[scale_pos_weight: 1]
[sigmoid: 1]
[boost_from_average: 1]
[reg_sqrt: 0]
[alpha: 0.9]
[fair_c: 1]
[poisson_max_delta_step: 0.7]
[tweedie_variance_power: 1.5]
[lambdarank_truncation_level: 30]
[lambdarank_norm: 1]
[label_gain: ]
[lambdarank_position_bias_regularization: 0]
[eval_at: ]
[multi_error_top_k: 1]
[auc_mu_weights: ]
[num_machines: 1]
[local_listen_port: 12400]
[time_out: 120]
[machine_list_filename: ]
[machines: ]
[gpu_platform_id: -1]
[gpu_device_id: -1]
[gpu_device_id_list: ]
[gpu_use_dp: 0]
[num_gpu: 1]

end of parameters

pandas_categorical:[]
