tree
version=v4
num_class=1
num_tree_per_iteration=1
label_index=0
max_feature_idx=26
objective=regression
feature_names=Return Log_Return Ret_Lag_1 Ret_Lag_2 Ret_Lag_3 Ret_Lag_5 Ret_Lag_10 Daily_Range_Pct Close_to_MA_5 Close_to_MA_10 Close_to_MA_20 Close_to_MA_50 Close_to_EMA_10 Close_to_EMA_20 Rolling_Std_10 Rolling_Std_20 RSI_14 MACD_Pct Volume_to_MA_10 USD_Index US_10Y_Yield VIX CPI_Inflation EIA_Storage_Level Heating_Degree_Days Cooling_Degree_Days Rig_Count
feature_infos=[-0.25953710489588089:0.46481176972811999] [-0.30047975442423092:0.3817267493869263] [-0.25953710489588089:0.46481176972811999] [-0.25953710489588089:0.46481176972811999] [-0.25953710489588089:0.46481176972811999] [-0.25953710489588089:0.46481176972811999] [-0.25953710489588089:0.46481176972811999] [0.0017521826490472:0.49736635943841118] [0.84956273887500966:1.3847751908081158] [0.79372315714634623:1.448186552283947] [0.72649827249158727:1.4990189649360941] [0.64226601139488082:1.5115317390034022] [0.82652070235046038:1.3922727109650179] [0.76555395000077109:1.4587988368072369] [0.0075971995904466003:0.19324897156218779] [0.0101270268425171:0.1415741040779375] [18.806082754753248:90.72666898325852] [-0.047345077241480002:0.037280324466973602] [0.18930515529939049:2.8509042652839689] [79.779998779296875:114.11000061035156] [0.52000000000000002:4.25] [9.1400003433227539:82.69000244140625] [234.74700000000001:298.00700000000001] [1107:4047] [0:41.399999999999999] [0:20.100000000000001] [244:1931]
tree_sizes=2776 2847 2815 2509 2840 2900 2884 2844 2844 2840 2868 2863 2843 2784 2584 2873 2354 2175 2419 2860 2859 2897 2912 2432 2878 2519

Tree=0
num_leaves=31
num_cat=0
split_feature=26 14 11 20 15 22 15 24 11 11 11 11 24 15 24 20 20 17 24 26 20 26 17 15 26 22 9 9 10 26
split_gain=6.12718 2.22727 2.01584 1.85445 1.6419 2.95908 2.7154 2.62047 1.23224 1.21561 1.16067 0.920033 0.84644 0.848768 0.725824 0.643444 0.622204 0.614682 0.439243 0.413207 0.400696 0.395615 0.275238 0.305808 0.259766 0.382266 0.204582 0.192024 0.174115 0.115145
threshold=758.50000000000011 0.029434523471054953 0.84461205451875498 3.0450000000000004 0.046333556493784005 267.49850000000004 0.055640912443559606 11.950000000000001 1.0534304512865547 0.9157288853805311 1.1006488538143457 0.96439133913744557 7.4500000000000011 0.030233598160801754 10.550000000000002 0.70500000000000007 2.8450000000000002 -0.004286780371182599 4.3500000000000005 1891.0000000000002 2.7650000000000001 1049.5000000000002 -0.0032084655254300495 0.040117467677333561 844.50000000000011 255.54900000000001 0.96296388618204454 0.99913213719222871 1.0868613862206236 1058.0000000000002
decision_type=2 2 2 2 2 2 2 2 2 2 2 2 2 2 2 2 2 2 2 2 2 2 2 2 2 2 2 2 2 2
left_child=2 3 14 17 5 7 15 8 -4 21 -8 -9 13 -7 -1 -6 19 24 -5 27 28 22 23 -3 -2 -26 -17 -11 -19 -22
right_child=1 9 4 18 6 12 10 11 -10 16 -12 -13 -14 -15 -16 26 -18 20 -20 -21 29 -23 -24 -25 25 -27 -28 -29 -30 -31
leaf_value=0.028858265466966578 0.014549020145490251 0.020902566190561654 0.021678215736327836 0.019394762415353151 0.016088872447634957 0.02274871096976587 0.02328916976469159 0.018029613380724889 0.017813185552366387 0.015449383738745492 0.016182656105284188 0.014233372149729449 0.026311325539875377 0.017012951932195094 0.021499485030469393 0.014170341609157398 0.0090776930435838583 0.015490410531230861 0.025473575810215081 0.0094872094836615968 0.017669097533792671 0.013967464688814298 0.015054341218111453 0.016221408554098479 0.017349211092846512 0.021207414135847549 0.010019218793155364 0.012845047775425968 0.013045780655347651 0.015243387784787362
leaf_weight=20 21 24 165 28 39 88 45 93 139 52 36 144 44 30 39 20 50 529 20 24 101 64 33 23 147 27 48 66 29 20
leaf_count=20 21 24 165 28 39 88 45 93 139 52 36 144 44 30 39 20 50 529 20 24 101 64 33 23 147 27 48 66 29 20
internal_value=0.0170433 0.0156705 0.0188609 0.016438 0.0184964 0.0191631 0.016021 0.0180866 0.0199291 0.0135813 0.0201222 0.0157335 0.0227114 0.0212773 0.0241993 0.0128888 0.0120179 0.0161177 0.0221092 0.0131226 0.0156905 0.0157068 0.017082 0.0185799 0.0175892 0.0179854 0.0111373 0.0139445 0.0153511 0.0172321
internal_weight=2208 1258 950 922 891 703 188 541 304 336 81 237 162 118 59 107 192 874 48 142 679 144 80 47 195 174 68 118 558 121
internal_count=2208 1258 950 922 891 703 188 541 304 336 81 237 162 118 59 107 192 874 48 142 679 144 80 47 195 174 68 118 558 121
is_linear=0
shrinkage=1


Tree=1
num_leaves=31
num_cat=0
split_feature=20 25 22 10 24 15 23 19 24 21 11 11 19 23 14 23 23 22 22 23 19 24 20 11 16 10 11 16 21 19
split_gain=2.57186 2.48778 2.23955 1.54895 1.50636 1.61471 1.17174 1.20244 1.14601 2.12258 1.72087 1.50139 1.08752 1.00184 0.842773 0.831889 0.802823 1.07651 0.64944 0.57645 0.571276 0.561177 0.54573 0.50064 0.491047 0.376328 0.373915 0.372352 0.348598 0.224
threshold=1.9850000000000001 1.6500000000000001 279.88200000000006 0.9906146719353176 18.050000000000004 0.059948144719599257 2838.0000000000005 91.284999847412124 5.0500000000000007 18.380000114440922 1.025521491270353 1.131516769377128 95.844997406005874 2529.0000000000005 0.04293007858079801 3624.5000000000005 3268.0000000000005 256.73600000000005 240.16150000000002 3997.5000000000005 108.03999710083009 16.750000000000004 1.3550000000000002 1.190744674539491 56.986405193241566 0.94013008123681108 0.85926509626779268 41.602079163344591 12.055000305175783 96.954998016357436
decision_type=2 2 2 2 2 2 2 2 2 2 2 2 2 2 2 2 2 2 2 2 2 2 2 2 2 2 2 2 2 2
left_child=1 2 6 12 5 8 21 -8 11 19 -11 20 22 29 -4 28 17 18 -5 -10 -2 -1 -3 -19 -17 -23 -9 -14 -15 -6
right_child=4 3 14 16 13 -7 7 26 9 10 -12 -13 27 15 -16 24 -18 23 -20 -21 -22 25 -24 -25 -26 -27 -28 -29 -30 -31
leaf_value=0.0019094102851242886 -0.00063685410882124668 0.011589073558305872 0.0098165277546005594 0.0038212503870441155 -0.0011840013547765988 0.0067784580569381697 0.0013584461710808048 -0.00014835869775249323 -0.0012435156231930258 0.0005569599284952143 0.0083152998820520373 -0.0066260052211582661 0.0051504893067704383 -0.0027812208599100512 0.0021757035549820922 0.0027757418311455031 -0.00057563947219350323 0.0051629378151889374 -0.0011922386229450169 0.0039603236751364805 -0.0048439153697822359 0.0012815570462944689 0.0050872625991188252 6.1853234777631966e-05 -0.0035483305379748341 -0.0029280761996248982 -0.0047102950306609267 0.0011699265453403776 -0.0062534372916026983 0.0020460045906901358
leaf_weight=102 562 28 20 32 80 27 45 20 200 53 51 43 42 44 40 21 108 109 77 20 30 28 28 22 21 52 134 48 97 24
leaf_count=102 562 28 20 32 80 27 45 20 200 53 51 43 42 44 40 21 108 109 77 20 30 28 28 22 21 52 134 48 97 24
internal_value=0 0.00119402 -0.000437827 0.00265479 -0.000877165 -0.000315872 -0.00129547 -0.00288258 -0.000525586 0.000919051 0.00443306 -0.0012677 0.0052477 -0.0027873 0.004891 -0.0041195 0.00154644 0.00251225 0.000273697 -0.000741085 -0.000862918 0.000429762 0.00853708 0.00433595 -0.000325511 -0.00142004 -0.00414197 0.00309668 -0.00521825 -0.000397657
internal_weight=2208 935 441 494 1273 986 381 199 959 324 104 635 146 287 60 183 348 240 109 220 592 182 56 131 42 80 154 90 141 104
internal_count=2208 935 441 494 1273 986 381 199 959 324 104 635 146 287 60 183 348 240 109 220 592 182 56 131 42 80 154 90 141 104
is_linear=0
shrinkage=0.03


Tree=2
num_leaves=31
num_cat=0
split_feature=26 23 24 11 14 11 20 22 11 16 23 23 19 23 21 17 11 20 23 20 21 26 20 24 11 26 22 23 20 17
split_gain=5.48691 2.49669 2.35886 2.16806 1.99411 1.92208 1.71019 1.52806 1.12705 1.07429 1.52091 0.917933 0.900778 0.606197 0.585489 0.56991 0.469298 0.374348 0.364872 0.328552 0.319687 0.282945 0.395258 0.240149 0.230765 0.193466 0.175132 0.152008 0.125679 0.118356
threshold=758.50000000000011 1543.0000000000002 0.35000000000000003 1.1566711343545968 0.029434523471054953 1.0492413093751216 3.0450000000000004 256.73600000000005 0.9157288853805311 39.684402001178675 2855.5000000000005 2865.0000000000005 93.33499908447267 2488.5000000000005 11.690000057220461 -0.0035315491187040498 1.2144774122758848 3.8850000000000002 2262.0000000000005 2.7250000000000005 27.670000076293949 844.50000000000011 2.0050000000000003 11.15 1.2176121259437258 418.50000000000006 252.37150000000003 3248.5000000000005 2.0950000000000002 0.0088470660455992525
decision_type=2 2 2 2 2 2 2 2 2 2 2 2 2 2 2 2 2 2 2 2 2 2 2 2 2 2 2 2 2 2
left_child=1 24 5 9 6 7 15 -3 17 23 -11 -8 16 -10 -15 21 -7 18 -6 27 -9 -2 -23 -4 -1 -14 -20 -17 -16 -5
right_child=4 2 3 29 8 12 11 20 13 10 -12 -13 25 14 28 19 -18 -19 26 -21 -22 22 -24 -25 -26 -27 -28 -29 -30 -31
leaf_value=0.011533787561314447 -0.002588242820678995 0.0019026475580292751 0.0068455737743696029 -0.0056022716065000913 0.0011673470877317919 0.0049041332548535235 0 0.011807564691986357 -0.0016385964316940132 0.0021518626873741073 -0.0013038093448461342 0.0084306306208350845 0.0018221658572716557 -0.0020058353450149295 -0.0041226763483136891 -0.0014143872688463571 8.6747279054381776e-05 0.0023341297279112039 -0.0013548120080702252 4.153714741696603e-05 0.0068348900326660701 0.0036852991629720611 0.00014281241722952423 0.0029501222272331393 0.0058536897620984482 -0.0013534589761115897 -0.0040607756666613572 -0.0027932988181182173 -0.0073570866992615242 -0.0026712670434266327
leaf_weight=20 25 39 21 43 26 72 21 34 46 223 233 27 22 33 23 417 26 21 50 119 34 33 184 70 20 64 47 96 90 29
leaf_count=20 25 39 21 43 26 72 21 34 46 223 233 27 22 33 23 417 26 21 50 119 34 33 184 70 20 64 47 96 90 29
internal_value=0 0.00172067 0.00138883 0.000334434 -0.00129843 0.00361257 -0.000571976 0.00680178 -0.00327536 0.000985378 0.000380582 0.00487387 0.00171502 -0.00478058 -0.00573223 -0.000879718 0.00367014 -0.00122858 -0.00187495 -0.00135415 0.0094998 0.000347433 0.000709727 0.00394632 0.00897895 -0.000495 -0.00272462 -0.0016832 -0.00676701 -0.00451559
internal_weight=2208 950 910 619 1258 291 922 107 336 547 456 48 184 192 146 874 98 144 123 632 68 242 217 91 40 86 97 513 113 72
internal_count=2208 950 910 619 1258 291 922 107 336 547 456 48 184 192 146 874 98 144 123 632 68 242 217 91 40 86 97 513 113 72
is_linear=0
shrinkage=0.03


Tree=3
num_leaves=27
num_cat=0
split_feature=26 23 24 11 11 11 22 25 22 24 26 20 26 20 23 25 22 21 21 21 26 23 11 21 17 10
split_gain=5.17097 2.35752 2.22469 2.04411 1.81222 1.74436 1.43961 1.24245 1.06133 1.29314 0.788488 1.57362 0.585447 0.573115 0.528131 0.490078 0.458954 0.341906 0.300538 0.299533 0.296152 0.534494 0.216105 0.125861 0.110559 0.0160854
threshold=758.50000000000011 1543.0000000000002 0.35000000000000003 1.1566711343545968 1.0492413093751216 1.1658407314017989 256.73600000000005 0.55000000000000016 279.88200000000006 11.950000000000001 763.50000000000011 3.0450000000000004 1825.5000000000002 1.7650000000000003 3079.5000000000005 2.7500000000000004 273.29300000000006 25.569999694824222 22.599999427795414 27.670000076293949 928.50000000000011 2944.0000000000005 1.2176121259437258 24.934999465942386 0.0088470660455992525 1.062194807952676
decision_type=2 2 2 2 2 2 2 2 2 2 2 2 2 2 2 2 2 2 2 2 2 2 2 2 2 2
left_child=1 22 4 8 6 7 -3 12 9 -4 -9 13 20 -12 16 -13 -6 -10 -16 -8 23 -22 -1 -2 25 -5
right_child=5 2 3 24 14 -7 19 10 17 -11 11 15 -14 -15 18 -17 -18 -19 -20 -21 21 -23 -24 -25 -26 -27
leaf_value=0.011204251063721521 -0.0037449361391252642 0.0018469951587729155 0.0020951574988475139 -0.0038695079109498428 0.0040640177630037735 -0.0069436092207931536 0.011463458426509584 -0.0061676025358693943 0.0026621692663940941 -0.00098960670838817307 0.0021265030967432164 0.0078115427885204558 -0.006115216872801906 -0.00086891149863986951 -0.0014045105147233699 0.0019983935776011394 -0.00075020507011901248 0.0075882203988730905 0.0024920734883769626 0.0066357017943901682 -0.0021170367507140236 0.0017790214039313677 0.0056864413640328815 -0.00086639428591089591 -0.0025938003115355966 -0.0064588897856883709
leaf_weight=20 98 39 233 20 83 46 34 20 37 254 61 23 37 723 55 35 21 23 25 34 157 38 20 20 29 23
leaf_count=20 98 39 233 20 83 46 34 20 37 254 61 23 37 723 55 35 21 23 25 34 157 38 20 20 29 23
internal_value=2.22264e-08 0.00167106 0.00134849 0.000324371 0.0035081 -0.00125983 0.0066051 -0.00103609 0.000956564 0.000481388 -0.000418713 -0.000271447 -0.00254254 -0.000629616 0.00166494 0.00444778 0.00306546 0.00469311 -0.000134058 0.00922421 -0.00209253 -0.0013373 0.0087245 -0.00329364 -0.00438475 -0.00543802
internal_weight=2208 950 910 619 291 1258 107 1212 547 487 862 842 350 784 184 58 104 60 80 68 313 195 40 118 72 43
internal_count=2208 950 910 619 291 1258 107 1212 547 487 862 842 350 784 184 58 104 60 80 68 313 195 40 118 72 43
is_linear=0
shrinkage=0.03


Tree=4
num_leaves=31
num_cat=0
split_feature=26 23 24 11 14 11 20 22 11 22 15 23 19 23 17 11 25 23 17 20 18 19 26 11 11 25 10 26 19 26
split_gain=4.87219 2.2264 2.09769 1.95628 1.80989 1.70947 1.54218 1.35625 1.01629 1.00603 1.88031 0.833615 0.811899 0.545897 0.53176 0.426571 0.401952 0.348956 0.335409 0.309474 0.286162 0.261142 0.325547 0.259181 0.202318 0.175575 0.174941 0.170799 0.117588 0.0924319
threshold=758.50000000000011 1543.0000000000002 0.35000000000000003 1.1229131927844398 0.029434523471054953 1.0492413093751216 3.0450000000000004 256.73600000000005 0.9157288853805311 279.88200000000006 0.041945944508773959 2865.0000000000005 93.33499908447267 2488.5000000000005 -0.0035315491187040498 1.2144774122758848 1.0000000180025095e-35 3624.5000000000005 0.0097138690832272011 2.7250000000000005 0.92110983951817971 80.40000152587892 844.50000000000011 1.2176121259437258 1.2176121259437258 0.45000000000000007 1.0780491050662768 418.50000000000006 96.395000457763686 1058.0000000000002
decision_type=2 2 2 2 2 2 2 2 2 2 2 2 2 2 2 2 2 2 2 2 2 2 2 2 2 2 2 2 2 2
left_child=1 24 5 9 6 7 14 -3 16 10 -4 -8 15 -10 21 -7 -6 -15 -11 25 -18 -2 -23 26 -1 -16 -5 -14 -9 -21
right_child=4 2 3 23 8 12 11 28 13 18 -12 -13 27 17 19 -17 20 -19 -20 29 -22 22 -24 -25 -26 -27 -28 -29 -30 -31
leaf_value=0.010884129290069853 -0.00265552583972559 0.0017929705378599463 0.0016430381266674134 -0.0036512623205780985 -0.0025153280061328718 0.0046479397442906276 0 0.011337279260158539 -0.0015493791728959162 0.0068300617811653547 -0.0030816743460600261 0.0080302203708727451 0.001692041175197 -0.0062853873465210193 -0.0028843794746433987 5.1725088955006661e-05 0.0032413380623329429 -0.0025713453904415168 0.0017470773162887147 0.00047602425953984493 -0.0008934698389359534 -0.0024354213335766239 0.00111470955730581 -0.0056644921088290796 0.0055239715980631961 -0.0013360452720930604 -0.00077504516098388391 -0.001289187708952858 0.007454668822171895 -0.0017066894253449777
leaf_weight=20 22 39 356 41 83 72 21 23 46 33 95 27 22 111 84 26 23 35 22 99 38 25 195 30 20 429 42 64 45 20
leaf_count=20 22 39 356 41 83 72 21 23 46 33 95 27 22 111 84 26 23 35 22 99 38 25 195 30 20 429 42 64 45 20
internal_value=3.82314e-07 0.00162246 0.00130888 0.000314273 -0.00122249 0.00340597 -0.000530256 0.00641415 -0.00310592 0.00111662 0.000636557 0.00464079 0.00161522 -0.00453551 -0.000822657 0.00347168 -0.00116097 -0.00543899 0.00491794 -0.00128106 0.000644303 0.00036249 0.000688516 -0.00323052 0.00847732 -0.00160053 -0.00225809 -0.000481382 0.00895666 7.30162e-05
internal_weight=2208 950 910 619 1258 291 922 107 336 506 451 48 184 192 874 98 144 146 55 632 61 242 220 113 40 513 83 86 68 119
internal_count=2208 950 910 619 1258 291 922 107 336 506 451 48 184 192 874 98 144 146 55 632 61 242 220 113 40 513 83 86 68 119
is_linear=0
shrinkage=0.03


Tree=5
num_leaves=31
num_cat=0
split_feature=26 11 15 20 15 24 15 22 11 11 13 11 22 24 20 16 17 17 20 26 20 15 15 25 25 15 11 26 17 20
split_gain=4.59185 1.73095 1.68666 2.06962 1.3758 2.30205 2.29736 2.00591 1.18139 0.893963 0.778223 0.720089 0.64938 0.569885 0.530018 0.433788 0.404184 0.365897 0.375342 0.284314 0.269076 0.244272 0.218453 0.218418 0.151921 0.143086 0.125397 0.122271 0.121432 0.0512227
threshold=758.50000000000011 0.84461205451875498 0.025104028961718202 3.0750000000000006 0.046333556493784005 11.950000000000001 0.055640912443559606 264.27000000000004 1.044161680854238 1.1006488538143457 0.99574744841610963 0.94614631081620837 256.73600000000005 10.550000000000002 0.70500000000000007 38.723129885448209 -0.010478514265525549 -0.0012146676751385499 1.9850000000000001 1058.0000000000002 2.7650000000000001 0.027629464960037903 0.012941804842287201 0.65000000000000002 1.1500000000000001 0.019668721370636702 0.79298950743145868 859.50000000000011 -0.007976110545359098 2.8750000000000004
decision_type=2 2 2 2 2 2 2 2 2 2 2 2 2 2 2 2 2 2 2 2 2 2 2 2 2 2 2 2 2 2
left_child=1 13 3 17 5 10 14 11 15 -8 24 -7 -12 -1 -6 19 -17 18 27 26 25 -10 -20 -18 -3 -19 -4 -2 -16 -23
right_child=2 4 8 -5 6 7 9 -9 21 -11 12 -13 -14 -15 28 16 23 20 22 -21 -22 29 -24 -25 -26 -27 -28 -29 -30 -31
leaf_value=0.010669131110821451 0.00079024359533055269 0.0030347361823840962 0.0028164876899016756 0.0072655404654421631 -0.00098973924766760312 0.0011370495179789547 0.0055230489599558969 0.0064016651761553741 -0.0022581463523674754 -0.00070590964614136796 0.00079585508505098529 -0.002511076069536284 0.0035252940362158155 0.0041064645370468495 -0.0032793694771081207 -0.0053239996484838997 -0.0025787521184418884 -0.0021041062498248489 0.0019518651958924773 -0.002274134782911278 0.00019913091131930116 -0.0050322857781806415 -0.00061399229977143245 -0.00047408783897547654 0.0060571192072238766 -0.00082843245235370054 3.9035645714887458e-05 0.0041902803997509175 -0.0065462506820758186 -0.0074103025235235688
leaf_weight=20 21 28 20 30 39 68 45 33 23 36 138 159 194 39 24 38 145 201 33 39 95 50 229 70 83 150 56 23 44 35
leaf_count=20 21 28 20 30 39 68 45 33 23 36 138 159 194 39 24 38 145 201 33 39 95 50 229 70 83 150 56 23 44 35
internal_value=7.33802e-07 0.0015755 -0.0011864 -0.000323981 0.00123766 0.0018483 -0.00102758 -0.000381836 -0.00259329 0.00274319 0.00316185 -0.00140489 0.00240557 0.00652184 -0.00390884 -0.00176257 -0.00245588 -0.000639985 0.000150154 -0.000203398 -0.00118793 -0.00535425 -0.000273212 -0.00191277 0.00535541 -0.00157137 0.000835991 0.00268782 -0.00550095 -0.00612113
internal_weight=2208 950 1258 782 891 703 188 260 476 81 443 227 332 59 107 368 253 752 306 115 446 108 262 215 111 351 76 44 68 85
internal_count=2208 950 1258 782 891 703 188 260 476 81 443 227 332 59 107 368 253 752 306 115 446 108 262 215 111 351 76 44 68 85
is_linear=0
shrinkage=0.03


Tree=6
num_leaves=31
num_cat=0
split_feature=20 25 10 24 15 24 21 11 11 19 21 14 11 15 19 24 15 19 20 21 11 20 11 16 11 16 16 14 25 21
split_gain=1.98251 1.99842 1.32225 1.16617 1.27326 0.921912 1.62502 1.30506 1.21367 0.900699 0.718389 0.679798 0.617516 0.575806 0.617813 0.522351 0.505143 0.468328 0.449619 0.985586 0.502744 0.419176 0.404829 0.326504 0.31927 0.307199 0.277774 0.233739 0.211029 0.153511
threshold=1.9850000000000001 1.6500000000000001 0.9906146719353176 18.050000000000004 0.059948144719599257 5.0500000000000007 18.380000114440922 1.025521491270353 1.131516769377128 95.844997406005874 16.685000419616703 0.031740211370547056 1.1104194335879709 0.046238604601573204 95.255001068115249 14.050000000000002 0.038615892429131507 108.03999710083009 1.6850000000000003 27.320000648498539 0.88902130125784729 1.3550000000000002 0.94539916643576172 42.226983122732058 1.1973002006132827 40.621287923109399 57.629432639704255 0.027826549342577302 0.35000000000000003 12.425000190734863
decision_type=2 2 2 2 2 2 2 2 2 2 2 2 2 2 2 2 2 2 2 2 2 2 2 2 2 2 2 2 2 2
left_child=1 10 9 4 5 8 22 -8 17 21 15 23 18 14 24 27 -16 -2 20 -20 -12 -3 -7 -5 -4 -11 29 -1 -25 -13
right_child=3 2 13 11 -6 6 7 -9 -10 25 12 26 -14 -15 16 -17 -18 -19 19 -21 -22 -23 -24 28 -26 -27 -28 -29 -30 -31
leaf_value=0.0023357288814336058 -0.0005563549310653431 0.010448229065229154 0.0038077960583749551 0.0015001322256254128 0.0060253325553078739 0.0012720109044938631 0.00052541994194163835 0.0072918213771011389 -0.005944427528841929 0.0049855004969673851 0.0026636311347171182 -0.00043919836081888369 -0.0039007358538607757 -0.0012411232623493387 -0.00058738052469646572 -0.0035578028657396012 0.0044116206775334744 -0.0043668298077762071 0.00078690586615353818 0.0080929173617200426 -0.00096702120809608874 0.0046835629503274787 -0.0014832427013190645 -0.0025749482532070639 0.00045971032266485664 0.0012812394223541818 -0.0058136137544791749 -0.0016122630787049901 0.00060862833354622119 -0.0034280448050939298
leaf_weight=24 562 28 128 37 27 68 53 51 43 35 45 22 26 62 102 89 21 30 74 21 134 28 152 71 35 55 46 28 23 88
leaf_count=24 562 28 128 37 27 68 53 51 43 35 45 22 26 62 102 89 21 30 74 21 134 28 152 71 35 55 46 28 23 88
internal_value=9.23269e-07 0.00105056 0.00235994 -0.000767886 -0.000273622 -0.000460182 0.000835015 0.00390998 -0.00112603 0.00475544 -0.00041141 -0.00244869 0.000411035 0.00133559 0.00190701 -0.00217299 0.000270609 -0.000761551 0.000843787 0.00250065 -2.78935e-05 0.00775126 -0.000616142 -0.000816547 0.00311436 0.00279371 -0.00378623 0.000162973 -0.0017662 -0.00286664
internal_weight=2208 935 494 1273 986 959 324 104 635 146 441 287 300 348 286 141 123 592 274 95 179 56 220 131 163 90 156 52 94 110
internal_count=2208 935 494 1273 986 959 324 104 635 146 441 287 300 348 286 141 123 592 274 95 179 56 220 131 163 90 156 52 94 110
is_linear=0
shrinkage=0.03


Tree=7
num_leaves=31
num_cat=0
split_feature=26 23 11 26 22 15 20 15 26 11 15 23 21 20 17 20 20 23 15 15 11 17 17 15 26 26 10 20 23 23
split_gain=4.12706 1.96315 1.86805 2.75995 1.95512 1.52825 1.90269 1.48768 1.24155 1.08189 0.519079 0.51708 0.678092 0.833975 0.336647 0.336514 0.252962 0.219673 0.21671 0.204769 0.192119 0.182557 0.147328 0.143062 0.128518 0.110102 0.0921181 0.0661481 0.0592764 0.0591422
threshold=758.50000000000011 1543.0000000000002 1.1229131927844398 265.50000000000006 283.52150000000006 0.025104028961718202 3.0750000000000006 0.028831053958584704 521.50000000000011 1.044161680854238 0.035354456198801253 2529.0000000000005 11.355000019073488 3.8850000000000002 -0.0012146676751385499 1.9850000000000001 2.7250000000000005 2920.0000000000005 0.027629464960037903 0.012941804842287201 1.2176121259437258 -0.00015211519434764996 0.0056812075428659013 0.019668721370636702 285.50000000000006 859.50000000000011 1.0599345116927179 2.2550000000000003 2067.5000000000005 2576.5000000000005
decision_type=2 2 2 2 2 2 2 2 2 2 2 2 2 2 2 2 2 2 2 2 2 2 2 2 2 2 2 2 2 2
left_child=1 20 3 -3 7 6 14 -5 10 11 17 21 -13 -14 15 25 23 -4 -11 -17 -1 28 26 -16 -12 -2 -10 -23 -7 -20
right_child=5 2 8 4 -6 9 -8 -9 22 18 24 12 13 -15 16 19 -18 -19 29 -21 -22 27 -24 -25 -26 -27 -28 -29 -30 -31
leaf_value=0.010255823595183237 0.00074476523274047814 0.0095577256592308604 0.0032042460706502695 0.0029090579254855095 0.0074041214804858599 0.0019142146773228886 0.0069738164992079197 -0.00016476870171914203 -0.003534357476080286 -0.0021717907798010851 -0.0004293969092092344 0.0011056850921243159 -0.0039337290939119749 0.0022284963906065306 -0.00205188294307764 0.001905193391119075 0.0001692864799423669 0.0002258586113884424 -0.0036991271557794375 -0.00057922390783180324 0.0050866831753935129 -0.0017958008016404859 -0.0021788958412944336 -0.00076963024515027312 -0.0034358098155353213 0.0039817812941037121 -0.0068263123527817111 0 0 -0.0064157701829305061
leaf_weight=20 21 40 50 230 46 31 30 362 28 23 34 37 173 21 198 33 100 44 21 229 20 50 31 148 23 23 22 27 29 64
leaf_count=20 21 40 50 230 46 31 30 362 28 23 34 37 173 21 198 33 100 44 21 229 20 50 31 148 23 23 22 27 29 64
internal_value=1.31259e-06 0.00149432 0.00119968 0.00199564 0.00150262 -0.00112407 -0.000302951 0.00102729 -0.00111216 -0.00246329 0.000480867 -0.00166792 -0.00253201 -0.00324329 -0.000606108 0.000151474 -0.00113177 0.00185874 -0.00510577 -0.00024884 0.00793153 -0.000181414 -0.00408812 -0.00151585 -0.00173256 0.00255439 -0.00514709 -0.00115989 0.00102354 -0.0058303
internal_weight=2208 950 910 678 638 1258 782 592 232 476 151 368 231 194 752 306 446 94 108 262 40 137 81 346 57 44 50 77 60 85
internal_count=2208 950 910 678 638 1258 782 592 232 476 151 368 231 194 752 306 446 94 108 262 40 137 81 346 57 44 50 77 60 85
is_linear=0
shrinkage=0.03


Tree=8
num_leaves=31
num_cat=0
split_feature=26 23 11 26 14 23 23 23 11 24 26 21 26 23 24 23 21 23 22 25 18 17 19 23 11 15 25 19 26 26
split_gain=3.88508 1.85446 1.78517 1.79633 1.46306 1.13588 1.6752 0.953304 0.857049 0.605745 0.585893 0.907411 0.579076 0.52879 0.49288 0.466272 0.457108 0.412277 0.466223 0.33712 0.258948 0.240888 0.218833 0.206731 0.17983 0.134036 0.0580978 0.0571779 0.065757 0.0458484
threshold=758.50000000000011 1543.0000000000002 0.84461205451875498 509.50000000000006 0.029434523471054953 3833.5000000000005 3084.0000000000005 3822.5000000000005 0.9157288853805311 9.3500000000000032 911.00000000000011 19.48499965667725 590.50000000000011 2632.5000000000005 10.550000000000002 2488.5000000000005 11.690000057220461 2424.5000000000005 251.43850000000003 1.0000000180025095e-35 0.92110983951817971 -0.0096007050032755979 80.799999237060561 2298.5000000000005 1.2176121259437258 0.027228022218307151 0.65000000000000002 95.665000915527358 1654.5000000000002 856.50000000000011
decision_type=2 2 2 2 2 2 2 2 2 2 2 2 2 2 2 2 2 2 2 2 2 2 2 2 2 2 2 2 2 2
left_child=1 24 14 7 10 6 -5 9 19 -4 21 17 -7 -13 -3 26 -17 22 -19 27 -21 -2 -12 29 -1 -25 -10 28 -6 -23
right_child=4 2 3 5 8 12 -8 -9 15 -11 11 13 -14 -15 -16 16 -18 18 -20 20 -22 23 -24 25 -26 -27 -28 -29 -30 -31
leaf_value=0.0099628002217837745 0.00094930686445601677 0.010042628871543067 0.002999549762680838 0.00036636216728524725 0 0.0062909155139484656 -0.0042063895108464247 -0.0019162239351255049 -0.0022870243756422915 0.00038008435237376638 -0.0029473370284894889 0 0.00019866001369048128 0.0062255309099564331 0.0039131246136283153 -0.001632540977833902 -0.0058457125658659551 -0.00017264193275874041 0.0026844373448884911 0.0031238980819471179 -0.00080613000379302162 0.00038336727840148591 -0.00067815084916204036 -0.0020103959870861475 0.0049413492445434847 -0.0044672409296035772 -1.1864183068444774e-05 -0.0031830451494867084 -0.0023296528991001344 -0.0011578829972581429
leaf_weight=20 28 20 346 164 20 25 126 50 25 107 45 21 33 31 39 33 113 187 69 23 38 32 284 167 20 26 21 37 26 32
leaf_count=20 28 20 346 164 20 25 126 50 25 107 45 21 33 31 39 33 113 187 69 23 38 32 284 167 20 26 21 37 26 32
internal_value=1.57168e-06 0.00145019 0.00116371 0.000806012 -0.00109028 -0.000843678 -0.00161774 0.00195271 -0.00278379 0.00238963 -0.000467518 3.4282e-05 0.0029376 0.00379752 0.00617367 -0.00409659 -0.00493141 -0.000301018 0.000593206 -0.000996531 0.000653782 -0.00159577 -0.00100561 -0.00188729 0.007707 -0.00237815 -0.00133455 -0.00223847 -0.00136331 -0.000347062
internal_weight=2208 950 910 851 1258 348 290 503 336 453 922 637 58 52 59 192 146 585 256 144 61 285 329 257 40 193 46 83 46 64
internal_count=2208 950 910 851 1258 348 290 503 336 453 922 637 58 52 59 192 146 585 256 144 61 285 329 257 40 193 46 83 46 64
is_linear=0
shrinkage=0.03


Tree=9
num_leaves=31
num_cat=0
split_feature=26 23 11 26 23 26 14 20 11 15 11 23 17 23 25 20 23 19 26 18 26 23 11 10 16 26 25 19 26 18
split_gain=3.66267 1.75128 1.75599 2.52007 1.72966 1.66083 1.37949 1.22723 1.04156 0.902518 0.806599 0.679245 0.44665 0.437539 0.318095 0.290552 0.275822 0.273743 0.250957 0.244346 0.182437 0.272198 0.168274 0.153187 0.105934 0.100497 0.0545448 0.0533599 0.0619127 0.0439643
threshold=758.50000000000011 1543.0000000000002 1.1566711343545968 265.50000000000006 2855.5000000000005 403.50000000000006 0.029434523471054953 3.0450000000000004 0.94614631081620837 0.035508330259949004 0.9157288853805311 2865.0000000000005 -0.004286780371182599 2488.5000000000005 1.0000000180025095e-35 2.7650000000000001 3624.5000000000005 95.545001983642592 285.50000000000006 0.92110983951817971 849.50000000000011 2563.0000000000005 1.2176121259437258 1.0250201220728365 50.620848050337024 1058.0000000000002 0.65000000000000002 95.665000915527358 1654.5000000000002 1.2576579335560625
decision_type=2 2 2 2 2 2 2 2 2 2 2 2 2 2 2 2 2 2 2 2 2 2 2 2 2 2 2 2 2 2
left_child=1 22 3 24 5 -5 7 12 -6 17 14 -9 20 26 27 23 29 -4 -11 -16 -2 -22 -1 -14 -3 -17 -12 28 -8 -15
right_child=6 2 9 4 8 -7 10 11 -10 18 13 -13 15 16 19 25 -18 -19 -20 -21 21 -23 -24 -25 -26 -27 -28 -29 -30 -31
leaf_value=0.0096781488529273443 -0.0019372709126049732 0.010771548696926661 0.0017791033693540252 -0.0018408050592100815 0.0021194942954462018 0.0036443522569612769 0 0 -0.0013825264144560333 -0.0010735022070714169 -0.0022210525446347534 0.0072177843283196645 -0.0010358315843445598 -0.0059592766673461101 0.0030340860080905257 0.0006393314742989091 -0.0022240877412259578 -0.002197614761335509 -0.0048049862243144991 -0.00078256620011793866 -0.00018368984805316646 0.0021693143643555231 0.0048001679267202103 -0.0021735018745850537 0.0063912870454788211 -0.0016220269958887778 -1.1524447705596678e-05 -0.0030900667180846397 -0.0022623517986826804 -0.0036267358385957773
leaf_weight=20 22 20 56 58 113 302 20 21 230 26 25 27 399 88 23 101 35 20 61 38 94 79 20 159 24 20 21 37 26 23
leaf_count=20 22 20 56 58 113 302 20 21 230 26 25 27 399 88 23 101 35 20 61 38 94 79 20 159 24 20 21 37 26 23
internal_value=1.71039e-06 0.00140829 0.00112979 0.00174716 0.00129956 0.00274967 -0.00105838 -0.000453562 -0.000217271 -0.0016746 -0.00270287 0.00415854 -0.00071475 -0.00397661 -0.00096816 -0.00107933 -0.00478561 0.000678688 -0.00374879 0.000633838 0.000538456 0.000879854 0.00748889 -0.00136868 0.0086441 0.000230732 -0.00129789 -0.00217478 -0.00132465 -0.00553944
internal_weight=2208 950 910 747 703 360 1258 922 343 163 336 48 874 192 144 679 146 76 87 61 195 173 40 558 44 121 46 83 46 111
internal_count=2208 950 910 747 703 360 1258 922 343 163 336 48 874 192 144 679 146 76 87 61 195 173 40 558 44 121 46 83 46 111
is_linear=0
shrinkage=0.03


Tree=10
num_leaves=31
num_cat=0
split_feature=26 23 11 26 22 14 14 20 26 11 23 24 17 23 21 23 25 20 24 26 22 11 25 17 20 26 10 25 11 17
split_gain=3.45159 1.65419 1.65618 2.41732 1.75944 1.30169 1.18371 1.15762 1.06927 0.759733 0.64008 0.426505 0.420079 0.410934 0.417103 0.330402 0.30015 0.273369 0.177861 0.172047 0.258288 0.15741 0.150023 0.134436 0.0997737 0.0948138 0.084453 0.0512006 0.0509561 0.0371982
threshold=758.50000000000011 1543.0000000000002 1.1229131927844398 265.50000000000006 283.52150000000006 0.029434523471054953 0.032065914229559157 3.0450000000000004 521.50000000000011 0.9157288853805311 2865.0000000000005 4.6500000000000012 -0.004286780371182599 2488.5000000000005 11.690000057220461 2920.0000000000005 1.0000000180025095e-35 2.7650000000000001 7.1500000000000012 849.50000000000011 255.54900000000001 1.2176121259437258 0.45000000000000007 0.0056812075428659013 2.0950000000000002 1058.0000000000002 1.0599345116927179 0.65000000000000002 0.84461205451875498 -0.0072691739049554486
decision_type=2 2 2 2 2 2 2 2 2 2 2 2 2 2 2 2 2 2 2 2 2 2 2 2 2 2 2 2 2 2
left_child=1 21 3 -3 6 7 -5 12 11 16 -9 15 19 27 -15 -4 28 22 -18 -2 -21 -1 -14 26 -16 -19 -10 -11 29 -7
right_child=5 2 8 4 -6 9 -8 10 23 13 -12 -13 17 14 24 -17 18 25 -20 20 -22 -23 -24 -25 -26 -27 -28 -29 -30 -31
leaf_value=0.0094016302398272928 -0.0018816796480880481 0.0089235716741986396 0.0029506126813700095 0.0021772002975506874 0.0069824937066816266 -0.002171466668338879 -0.00050263398760220634 0 -0.0033075307594804928 -0.0021569837147298338 0.0070089843858565605 -0.0034396230119534514 -0.0024667857272623857 -0.0014930447171277858 -0.0032007139194756744 -0.00010444666850714756 -0.001168627615397175 0.00062033955957689179 0.0020180426263250411 0.00032205993571967283 0.0035045904475929481 0.0046630202414734015 -0.0010948336263637219 -0.0020161709910607897 -0.00603663250198076 -0.0015756833614515404 -0.006460206089460332 -1.1194440747865213e-05 -0.0030079166254910984 -0.00028967906210571525
leaf_weight=20 22 40 50 318 46 22 274 21 28 25 27 21 91 33 23 80 26 101 35 146 27 20 467 31 90 20 22 21 37 24
leaf_count=20 22 40 50 318 46 22 274 21 28 25 27 21 91 33 23 80 26 101 35 146 27 20 467 31 90 20 22 21 37 24
internal_value=1.52749e-06 0.00136702 0.00109624 0.00184587 0.00138416 -0.00102753 0.000933057 -0.000439899 -0.00108013 -0.00262502 0.00403923 0.000397035 -0.000693655 -0.00386136 -0.00464567 0.00106123 -0.00094062 -0.00104727 0.000614461 0.000521391 0.000853284 0.00727702 -0.00132795 -0.00384171 -0.00551887 0.00022283 -0.004853 -0.00126229 -0.00211294 -0.00128055
internal_weight=2208 950 910 678 638 1258 592 922 232 336 48 151 874 192 146 130 144 679 61 195 173 40 558 81 113 121 50 46 83 46
internal_count=2208 950 910 678 638 1258 592 922 232 336 48 151 874 192 146 130 144 679 61 195 173 40 558 81 113 121 50 46 83 46
is_linear=0
shrinkage=0.03


Tree=11
num_leaves=31
num_cat=0
split_feature=26 23 24 14 20 13 13 23 20 23 14 15 24 21 22 13 17 26 20 22 20 26 20 24 20 17 19 19 23 24
split_gain=3.2512 1.56276 1.48883 1.22889 1.09184 1.03124 1.02019 0.603161 0.5931 0.705881 0.578239 0.749354 0.521895 0.472244 0.46214 0.542113 0.398055 0.408681 0.402658 0.340518 0.324121 0.258781 0.163243 0.140603 0.138965 0.138727 0.137045 0.128751 0.0638774 0.024219
threshold=758.50000000000011 1543.0000000000002 0.35000000000000003 0.029434523471054953 3.0450000000000004 0.98883301366588838 1.0677437028153887 2865.0000000000005 3.8850000000000002 2488.5000000000005 0.034009768322692611 0.056502639274829805 18.150000000000002 11.690000057220461 256.73600000000005 1.0638474469079482 -0.0012146676751385499 844.50000000000011 1.9950000000000003 258.21400000000006 2.1750000000000003 651.50000000000011 2.7250000000000005 2.8500000000000001 1.5250000000000001 -0.0032084655254300495 99.58499908447267 99.674999237060561 1538.5000000000002 15.050000000000002
decision_type=2 2 2 2 2 2 2 2 2 2 2 2 2 2 2 2 2 2 2 2 2 2 2 2 2 2 2 2 2 2
left_child=1 26 5 4 16 19 10 -6 9 25 12 -12 -4 -11 24 -16 17 -2 -19 -3 -15 23 27 -8 -7 -5 -1 -18 -24 -27
right_child=3 2 6 8 7 14 21 -9 -10 13 11 -13 -14 20 15 -17 22 18 -20 -21 -22 -23 28 -25 -26 29 -28 -29 -30 -31
leaf_value=0.0090852601953915185 -0.0026367907249477017 0.0031528478791192169 0.0028062120474282313 0.001166040858114138 0 -0.0017606502159928472 0.00033315454904339273 0.0068062243165913968 0.0021723193579184057 -0.00054482111105552081 -0.00080609904350384539 0.0036824429469326367 -0.00014731991206868911 -0.0024898492735608113 0.0046171691743153278 0.00094134625491711327 -0.001578421752600202 0.0031412312330847438 3.3249402944865225e-05 0.0082199300434943785 -0.0052230956391539681 -0.0049606780643974037 0.00087485236337838247 -0.0022929236857637176 0.00088359530643241377 -0.00039505056492255435 0.0045775432427014621 0.00053668435655820836 -0.0007094053167839196 -0.0019389592565843953
leaf_weight=20 42 24 164 29 21 25 24 27 21 38 233 38 77 68 77 73 403 43 269 36 128 27 38 56 56 22 20 25 54 30
leaf_count=20 42 24 164 29 21 25 24 27 21 38 233 38 77 68 77 73 403 43 269 36 128 27 38 56 56 22 20 25 54 30
internal_value=1.2217e-06 0.00132652 0.00106323 -0.000997475 -0.000426406 0.00282995 0.000224605 0.00392336 -0.0025497 -0.00287987 0.000786593 -0.000154456 0.00185345 -0.00371416 0.00188529 0.00286622 -0.000672934 9.52381e-05 0.000479845 0.00632719 -0.00430751 -0.00241914 -0.00120082 -0.00147368 1.93662e-05 -0.000417228 0.00707119 -0.00144692 -2.04091e-05 -0.00136215
internal_weight=2208 950 910 1258 922 291 619 48 336 315 512 271 241 234 231 150 874 354 312 60 196 107 520 80 81 81 40 428 92 52
internal_count=2208 950 910 1258 922 291 619 48 336 315 512 271 241 234 231 150 874 354 312 60 196 107 520 80 81 81 40 428 92 52
is_linear=0
shrinkage=0.03


Tree=12
num_leaves=31
num_cat=0
split_feature=26 23 25 16 15 16 23 19 23 23 16 22 22 23 26 23 19 22 22 21 21 17 17 22 26 15 19 19 12 24
split_gain=3.06245 1.47599 1.40956 1.22613 1.16465 1.09427 0.975831 1.08814 0.799941 0.775669 0.69 0.630319 0.448573 0.83564 0.944949 0.442825 0.365672 0.374013 0.308646 0.26411 0.262953 0.202293 0.199111 0.194934 0.221968 0.187147 0.132234 0.128018 0.127929 0.12699
threshold=758.50000000000011 1543.0000000000002 6.4500000000000011 50.819238615599609 0.025104028961718202 39.684402001178675 2855.5000000000005 99.365001678466811 2467.5000000000005 3960.5000000000005 38.723129885448209 258.21400000000006 244.21800000000005 2503.5000000000005 1041.0000000000002 3340.5000000000005 97.865001678466811 256.73600000000005 253.04550000000003 14.179999828338625 11.025000095367433 0.00027782248872625006 0.00094690660699545007 237.11600000000001 1879.0000000000002 0.028333355314893553 99.674999237060561 99.58499908447267 1.0083947939236626 11.15
decision_type=2 2 2 2 2 2 2 2 2 2 2 2 2 2 2 2 2 2 2 2 2 2 2 2 2 2 2 2 2 2
left_child=1 27 5 11 12 29 7 -7 22 -8 15 -4 23 18 21 -10 17 -5 -14 -16 -12 -15 -6 -2 26 -22 -25 -1 -26 -3
right_child=4 2 3 16 8 6 9 -9 10 -11 20 -13 13 14 19 -17 -18 -19 -20 -21 25 -23 -24 24 28 -27 -28 -29 -30 -31
leaf_value=0.0088256812010492607 0.00078325986973816594 0.0054022256080907853 0.00256541517374904 0.00016401134402663697 0.00092876285530457442 0.0022777595895481458 -0.0020570872157033102 -0.00216144255513791 -0.0020188485339622604 0.003097479050083824 -0.0010751854664755656 0.0081985485483991333 8.5844025314806715e-05 0.0016065860336458081 0.0027750937494635578 0.0027165278852559053 -0.0018477240818738935 0.0029865387598634698 -0.0020703265755503213 0.0076540742683410649 -0.002217463878998929 -0.00044635138956450473 -0.001262982611371886 -0.002129508297059587 0.0009503924288782196 -0.0046036764642125678 0.00024601027440406719 0.0044467562192252704 -0.0014882610140339238 0.0024766198449512342
leaf_weight=20 41 21 34 69 65 180 252 67 54 28 33 46 131 88 24 25 24 119 105 24 46 80 83 189 48 170 21 20 31 70
leaf_count=20 41 21 34 69 65 180 252 67 54 28 33 46 131 88 24 25 24 119 105 24 46 80 83 189 48 170 21 20 31 70
internal_value=1.70405e-06 0.001288 0.00103201 0.00274674 -0.00096753 0.000213844 -0.000307424 0.00105765 -0.0021367 -0.00152177 -0.00296174 0.00590273 -0.000250211 0.000358582 0.00170765 -0.000467587 0.00151959 0.00197283 -0.000865499 0.00538223 -0.00373602 0.000614389 -0.000280485 -0.0010917 -0.00136983 -0.00412189 -0.0018777 0.00687125 0 0.00323575
internal_weight=2208 950 910 292 1258 618 527 247 476 280 328 80 782 452 216 79 212 188 236 48 249 168 148 330 289 216 210 40 79 91
internal_count=2208 950 910 292 1258 618 527 247 476 280 328 80 782 452 216 79 212 188 236 48 249 168 148 330 289 216 210 40 79 91
is_linear=0
shrinkage=0.03


Tree=13
num_leaves=30
num_cat=0
split_feature=26 11 11 15 15 22 26 26 20 26 20 11 14 19 20 21 17 20 21 11 26 14 9 21 22 9 19 15 13
split_gain=2.8856 1.35392 1.17311 1.04366 1.85678 1.62356 1.29757 0.788411 0.681548 0.947362 0.919625 0.627826 0.496129 0.510114 0.412841 0.359017 0.356297 0.342731 0.319744 0.305372 0.202421 0.191132 0.161942 0.145709 0.132945 0.116405 0.109291 0.109237 0.0945306
threshold=758.50000000000011 0.84461205451875498 1.1176948617223499 0.046333556493784005 0.055640912443559606 267.49850000000004 265.50000000000006 611.50000000000011 2.8150000000000004 767.50000000000011 3.0750000000000006 1.1492882096352051 0.041378405289549301 92.93500137329103 0.70500000000000007 22.829999923706058 0.00018252238626505004 1.7650000000000003 10.315000057220461 1.052657359765593 1058.0000000000002 0.031740211370547056 1.013806329762893 18.724999427795414 257.51700000000005 0.96296388618204454 99.674999237060561 0.029268998558238554 1.0391036949387737
decision_type=2 2 2 2 2 2 2 2 2 2 2 2 2 2 2 2 2 2 2 2 2 2 2 2 2 2 2 2 2
left_child=1 15 8 5 14 6 19 -8 16 -10 20 28 13 -7 -5 -1 17 24 -19 -3 -11 26 -12 -23 -2 -16 -18 -4 -6
right_child=2 3 27 4 11 12 7 -9 9 10 22 -13 -14 -15 25 -17 21 18 -20 -21 -22 23 -24 -25 -26 -27 -28 -29 -30
leaf_value=0.0034541831122258228 0.0031224234070757334 0.0078636118429899222 -0.0026879427612293508 -0.0010156209253007545 0.0052134747804057869 0.0032867261642510665 0.00090554562208000264 -0.0018980883434947611 -0.0040382209428353241 0.0008604291354653964 0.0069303414321576174 -0.0016841209710109976 0.00049750596541731106 0.0072982987571292767 -0.0026013261393776957 0.0086120933953206993 -0.0014878845906286632 0.0012184139320581052 -0.0011018378658823908 0.0024246064887515138 -0.0020660304102301597 -0.0038966326321671278 0.0027485168872933298 -0.0011257812076073605 1.131762994023469e-05 -0.0058917298085835517 0.0005766478568801414 -0.0057897345916029406 0.0023164503686130045
leaf_weight=36 28 24 23 39 32 81 380 117 31 131 25 23 30 51 20 23 353 60 386 20 24 56 20 31 25 48 22 43 26
leaf_count=36 28 24 23 39 32 81 380 117 31 131 25 23 30 51 20 23 353 60 386 20 24 56 20 31 25 48 22 43 26
internal_value=2.37011e-06 0.00125101 -0.000938422 0.000952033 -0.00101999 0.00148436 0.000685508 0.000237025 -0.000717698 0.00073539 0.00150663 0.00236793 0.00411316 0.00490243 -0.00361062 0.00562492 -0.0010705 -0.000504487 -0.000780958 0.00556682 0.00037773 -0.00167296 0.00523712 -0.00296742 0.00173786 -0.00501917 -0.00135758 -0.00480984 0.00402693
internal_weight=2208 950 1258 891 188 703 541 497 1192 231 200 81 162 132 107 59 961 499 446 44 155 462 45 87 53 68 375 66 58
internal_count=2208 950 1258 891 188 703 541 497 1192 231 200 81 162 132 107 59 961 499 446 44 155 462 45 87 53 68 375 66 58
is_linear=0
shrinkage=0.03


Tree=14
num_leaves=28
num_cat=0
split_feature=26 26 22 22 21 13 24 25 26 20 26 22 26 17 21 20 9 9 26 22 10 19 13 10 26 19 21
split_gain=2.71877 1.09867 1.25047 1.25397 1.23804 1.19041 1.0273 0.888638 0.846735 1.43616 0.790273 1.64698 0.677708 0.431979 0.341899 0.302658 0.276889 0.270553 0.247539 0.236637 0.209816 0.182635 0.174186 0.156329 0.0954486 0.0615455 0.0172748
threshold=758.50000000000011 267.50000000000006 279.88200000000006 275.23000000000008 22.275000572204593 1.0647896755257846 17.550000000000004 0.35000000000000003 766.00000000000011 3.0450000000000004 696.50000000000011 293.10550000000006 621.50000000000011 -0.0012146676751385499 11.025000095367433 1.9850000000000001 1.013806329762893 0.96296388618204454 1891.0000000000002 237.88900000000004 1.0693225128208359 95.665000915527358 1.0588424310465834 1.0144130093929513 671.50000000000011 109.82999801635744 27.954999923706058
decision_type=2 2 2 2 2 2 2 2 2 2 2 2 2 2 2 2 2 2 2 2 2 2 2 2 2 2 2
left_child=1 5 3 4 6 26 -3 14 25 13 12 -12 23 15 -2 -10 -11 -5 20 -6 21 -16 -15 -4 -14 -9 -1
right_child=7 2 10 17 19 -7 -8 8 9 16 11 -13 24 22 18 -17 -18 -19 -20 -21 -22 -23 -24 -25 -26 -27 -28
leaf_value=0.00870180407166481 0.00076281945975497365 0.0022070249766206577 0.003575109225064516 -0.0017884926742620087 -0.0041118161769376858 8.5667122292387119e-05 -0.0010215695980450381 -0.0051775011984451164 0.0022535826053186239 0.0070821382170543077 -0.0042645829516695811 0.005141248268953391 0.0083212326789895708 -0.00089365848800000464 -0.00074397015102757981 -0.00010032373124371409 0.0023247704798002437 -0.0068693956946549208 -0.0053454967071967464 -0.0009814233506432791 -0.0045762269597140739 -0.0025293343994820202 -0.0028804152097234139 0 0.0046567519136837543 -0.0023924195109201324 0.0055889732651412489
leaf_weight=27 29 375 24 21 26 33 114 30 58 23 31 34 35 441 87 283 28 22 27 148 32 155 45 20 20 20 20
leaf_count=27 29 375 24 21 26 33 114 30 58 23 31 34 35 441 87 283 28 22 27 148 32 155 45 20 20 20 20
internal_value=2.72077e-06 0.00121476 0.000898174 0.000343376 0.000671852 0.00456706 0.00144768 -0.00091043 -0.000429904 -0.000207778 0.00325177 0.000613288 0.00493065 -0.000514525 -0.00224728 0.000296694 0.00462288 -0.00455325 -0.00254879 -0.00148715 -0.00224386 -0.00190554 -0.00108931 0.00199354 0.00714922 -0.00419105 0.00758373
internal_weight=2208 950 870 706 663 80 489 1258 928 878 164 65 99 827 330 341 51 43 301 174 274 242 486 44 55 50 47
internal_count=2208 950 870 706 663 80 489 1258 928 878 164 65 99 827 330 341 51 43 301 174 274 242 486 44 55 50 47
is_linear=0
shrinkage=0.03


Tree=15
num_leaves=31
num_cat=0
split_feature=26 23 11 26 23 26 11 11 26 14 26 23 22 11 23 21 23 19 26 17 17 23 11 11 26 21 11 24 17 24
split_gain=2.56191 1.26465 1.44823 1.92009 1.35555 1.40928 1.00132 0.907295 0.625674 0.596965 0.383364 0.679206 1.00902 0.34462 0.256622 0.275082 0.234722 0.228736 0.221177 0.177937 0.156187 0.14522 0.11696 0.0856173 0.0751447 0.0666668 0.0536125 0.04822 0.0441301 0.0340311
threshold=756.50000000000011 1543.0000000000002 1.1566711343545968 265.50000000000006 2855.5000000000005 403.50000000000006 1.1176948617223499 0.94614631081620837 521.50000000000011 0.029434523471054953 911.00000000000011 2503.5000000000005 251.43850000000003 0.91425168762405129 2581.5000000000005 11.690000057220461 3129.5000000000005 80.799999237060561 1049.5000000000002 -0.0032084655254300495 -0.010741180294348498 2298.5000000000005 1.2176121259437258 1.0290079664741818 280.50000000000006 18.724999427795414 1.1658407314017989 12.750000000000002 -0.0082560882687004976 3.5500000000000003
decision_type=2 2 2 2 2 2 2 2 2 2 2 2 2 2 2 2 2 2 2 2 2 2 2 2 2 2 2 2 2 2
left_child=1 22 3 23 5 -5 9 -6 16 10 20 17 -13 18 27 -16 25 -12 19 -11 -2 -22 -1 -3 -18 -4 -8 -15 -20 -10
right_child=6 2 8 4 7 -7 26 -9 29 13 11 12 -14 14 15 -17 24 -19 28 -21 21 -23 -24 -25 -26 -27 -28 -29 -30 -31
leaf_value=0.0082131143361330039 0.0012112630878649984 0.0090973716545104978 0.001809941987817486 -0.0018168138293233715 0.0019875619013107861 0.0032378877914138134 -0.0026175333360291043 -0.0013098980479861622 -0.0052567022256553176 0.0015509744320145766 -0.0026997411129186335 3.5688524083723116e-05 0.0040745182772063552 0 -0.0012043434124101291 -0.004740398464724422 -0.00061299071516841656 -0.00041198246360856552 -0.0031272978472709654 -0.0013187596643004903 -0.00015934497268337046 -0.0018488443846452153 0.0040530743577650609 0.0051643713584968018 -0.0031388682578055356 -0.00014355711417738347 -0.0050612060787389055 -0.0018228916414082049 -0.0012349438539691264 -0.0029473642504049672
leaf_weight=20 20 24 35 58 110 299 22 230 27 45 45 183 80 24 32 71 29 320 24 32 66 188 20 20 21 23 47 27 40 26
leaf_count=20 20 24 35 58 110 299 22 230 27 45 45 183 80 24 32 71 29 320 24 32 66 188 20 20 21 23 47 27 40 26
internal_value=2.57608e-06 0.00118789 0.00094861 0.00151091 0.00111634 0.00240551 -0.000877264 -0.000231575 -0.00161419 -0.000669744 -0.000281842 0.000122684 0.00128637 -0.00184071 -0.00282491 -0.00369281 -0.000263599 -0.000708837 -0.00073232 0.000318279 -0.00121699 -0.00142395 0.00635585 0.0075308 -0.00177343 0.000995128 -0.00437345 -0.000977085 -0.00202793 -0.00425494
internal_weight=2208 942 902 741 697 357 1266 340 161 1197 902 628 263 295 154 103 108 365 141 77 274 254 40 44 50 58 69 51 64 53
internal_count=2208 942 902 741 697 357 1266 340 161 1197 902 628 263 295 154 103 108 365 141 77 274 254 40 44 50 58 69 51 64 53
is_linear=0
shrinkage=0.03


Tree=16
num_leaves=25
num_cat=0
split_feature=26 11 23 26 11 23 23 23 20 26 20 26 10 10 26 20 24 23 19 23 24 11 16 14
split_gain=2.41603 1.22083 1.34479 1.32315 1.00073 0.980012 1.26914 0.679693 0.59625 0.834025 0.812508 0.520396 0.495315 0.349869 0.37811 0.529881 0.348165 0.292361 0.218471 0.13978 0.134062 0.109196 0.0631902 0.0275141
threshold=758.50000000000011 0.84461205451875498 1543.0000000000002 509.50000000000006 1.1176948617223499 3833.5000000000005 3084.0000000000005 3822.5000000000005 2.8150000000000004 767.50000000000011 3.1150000000000007 590.50000000000011 1.0609142844776798 1.0208897900286438 849.50000000000011 1.9750000000000003 10.550000000000002 2333.0000000000005 99.674999237060561 2430.5000000000005 3.9500000000000006 1.2176121259437258 69.556746789483583 0.040021086019409804
decision_type=2 2 2 2 2 2 2 2 2 2 2 2 2 2 2 2 2 2 2 2 2 2 2 2
left_child=1 16 21 7 8 6 -5 12 13 -10 19 -7 -4 14 17 -16 -1 -2 20 -11 -15 -3 -6 -9
right_child=4 2 3 5 22 11 -8 23 9 10 -12 -13 -14 18 15 -17 -18 -19 -20 -21 -22 -23 -24 -25
leaf_value=0.0085705586118357529 0.00066328787999646007 0.0079784538192408435 0.002587461699402405 0.00019091742927716536 -0.0053832994269636955 0.005873307771909122 -0.0037866402113311513 -0.0025370279135911358 -0.0037730936263105832 7.7569013566289851e-06 0.0055213985379474854 9.8922458312967234e-05 0.00036875936818647791 -0.0014387515344410945 0.001831175613867376 -0.00069627668253096427 0.003372492627066822 -0.002693739682656981 0.00033346574666813527 0.0020857551418817957 -0.0031492407184428063 0.0039372721894511149 -0.0029028297290527097 -0.00083366757766183076
leaf_weight=20 27 20 322 164 38 25 126 22 31 127 35 33 131 87 86 511 39 117 28 38 105 20 28 28
leaf_count=20 27 20 322 164 38 25 126 22 31 127 35 33 131 87 86 511 39 117 28 38 105 20 28 28
internal_value=2.12118e-06 0.00114477 0.000860758 0.000600429 -0.000858611 -0.000814706 -0.00153403 0.00158512 -0.000654536 0.000704175 0.0014284 0.00269609 0.00195468 -0.000984646 -0.000665055 -0.000324718 0.00529802 -0.00204337 -0.00203963 0.00051408 -0.00240119 0.00617635 -0.00443479 -0.00167702
internal_weight=2208 950 891 851 1258 348 290 503 1192 231 200 58 453 961 741 597 59 144 220 165 192 40 66 50
internal_count=2208 950 891 851 1258 348 290 503 1192 231 200 58 453 961 741 597 59 144 220 165 192 40 66 50
is_linear=0
shrinkage=0.03


Tree=17
num_leaves=23
num_cat=0
split_feature=26 11 23 26 11 23 15 23 25 26 26 20 20 10 25 26 21 21 23 11 15 21
split_gain=2.2768 1.15205 1.27019 1.24381 0.944098 0.924317 1.23716 0.641318 0.632128 0.490308 0.469912 0.832215 0.533836 0.465731 0.363096 0.355358 0.30993 0.196516 0.187259 0.101903 0.0897284 0.0191538
threshold=758.50000000000011 0.84461205451875498 1543.0000000000002 509.50000000000006 1.1176948617223499 3833.5000000000005 0.058146782778950711 3822.5000000000005 0.65000000000000002 590.50000000000011 763.50000000000011 3.0450000000000004 1.9750000000000003 1.0609142844776798 2.7500000000000004 1825.5000000000002 22.829999923706058 11.025000095367433 2488.5000000000005 1.2176121259437258 0.029268998558238554 23.355000495910648
decision_type=2 2 2 2 2 2 2 2 2 2 2 2 2 2 2 2 2 2 2 2 2 2
left_child=1 16 19 7 8 6 -5 13 15 -7 -10 12 -12 -4 -13 17 -1 -2 -19 -3 -6 -9
right_child=4 2 3 5 20 9 -8 21 10 -11 11 14 -14 -15 -16 -17 -18 18 -20 -21 -22 -23
leaf_value=0.0031250055846758183 0.00074200544940041641 0.0077504980904715397 0.0025100781780977742 -0.0023674696948448263 -0.002368269378028344 0.0057038854022438716 0.0028421917123035811 -0.00062990142511469983 -0.0046021964861346137 9.604206823689095e-05 0.0017774114814439886 0.0066449071807520733 -0.0006237812494780656 0.00035778039190071547 0.0014426373425994823 -0.004502484986910949 0.007923670071875678 -0.00073307129383991287 -0.0022949059309773376 0.0038247787441526137 -0.005198112207380208 -0.0021588823547166198
leaf_weight=36 34 20 322 242 23 25 48 20 20 33 94 20 657 131 35 36 23 136 160 20 43 30
leaf_count=36 34 20 322 242 23 25 48 20 20 33 94 20 657 131 35 36 23 136 160 20 43 30
internal_value=2.44088e-06 0.00111172 0.000835705 0.000582591 -0.000833082 -0.000789287 -0.00148807 0.00153736 -0.000634782 0.00261977 -0.000170208 -5.09492e-05 -0.000317279 0.00189644 0.00347282 -0.00167175 0.00514655 -0.00134121 -0.00159229 0.00600197 -0.0043068 -0.00163046
internal_weight=2208 950 891 851 1258 348 290 503 1192 58 826 806 751 453 55 366 59 330 296 40 66 50
internal_count=2208 950 891 851 1258 348 290 503 1192 58 826 806 751 453 55 366 59 330 296 40 66 50
is_linear=0
shrinkage=0.03


Tree=18
num_leaves=26
num_cat=0
split_feature=26 11 23 26 23 23 11 24 25 11 25 26 26 20 20 11 25 26 16 22 20 11 16 14 11
split_gain=2.14624 1.10346 1.24975 1.46639 1.01336 0.960364 0.890488 0.678642 0.595622 0.575667 0.558785 0.448516 0.443568 0.785498 0.502601 0.366257 0.342137 0.334807 0.194234 0.271312 0.145805 0.095052 0.0554698 0.0515009 0.109868
threshold=758.50000000000011 0.89109265500888613 1543.0000000000002 513.00000000000011 3833.5000000000005 2855.5000000000005 1.1176948617223499 9.3500000000000032 0.65000000000000002 1.190744674539491 2.2500000000000004 590.50000000000011 763.50000000000011 3.0450000000000004 1.9750000000000003 1.0267011800489547 2.7500000000000004 1825.5000000000002 40.785297462420964 252.68050000000002 2.8250000000000006 1.2176121259437258 69.556746789483583 0.04293007858079801 0.82851391819171083
decision_type=2 2 2 2 2 2 2 2 2 2 2 2 2 2 2 2 2 2 2 2 2 2 2 2 2
left_child=1 10 21 7 5 -5 8 9 17 -4 23 -6 -10 14 -14 -9 -15 18 19 -2 -20 -3 -8 24 -1
right_child=6 2 3 4 11 -7 22 15 12 -11 -12 -13 13 16 -16 -17 -18 -19 20 -21 -22 -23 -24 -25 -26
leaf_value=0.0049450942962007086 0.0011230651540731047 0.007529055244156293 0.0026136731333299508 2.7493172916381252e-05 0.0054974905735999348 -0.0036673751945364404 -0.0050783502150040412 0.00078890654590852533 -0.0044707051286739952 -0.00048336911769001739 0.0078985469998935093 0 0.0017246504223243776 0.0064550527632236485 -0.00060509624854331295 -0.0024776103094372214 0.0014005604649040225 -0.0043710611007503567 -0.0021848994744016158 -0.0016181336351470286 0.00014799837839718047 0.0037154993196683267 -0.0027296576367707216 0.0011467362896364647 0.0018757382597508175
leaf_weight=21 58 20 313 114 24 137 38 81 20 63 25 27 94 20 657 48 35 36 177 70 25 20 28 23 34
leaf_count=21 58 20 313 114 24 137 38 81 20 63 25 27 94 20 657 48 35 36 177 70 25 20 28 23 34
internal_value=2.71074e-06 0.00107975 0.000716412 0.000452205 -0.00119361 -0.00198387 -0.000808464 0.00144278 -0.000615792 0.00208689 0.00400314 0.00260139 -0.000164716 -4.87426e-05 -0.000307595 -0.000413174 0.00337458 -0.0016224 -0.00130118 -0.000353695 -0.00188209 0.00583258 -0.00418232 0.00263246 0.00316862
internal_weight=2208 950 847 807 302 251 1258 505 1192 376 103 51 826 806 751 129 55 366 330 128 202 40 66 78 55
internal_count=2208 950 847 807 302 251 1258 505 1192 376 103 51 826 806 751 129 55 366 330 128 202 40 66 78 55
is_linear=0
shrinkage=0.03


Tree=19
num_leaves=31
num_cat=0
split_feature=26 11 23 26 23 15 14 20 24 11 25 11 15 23 26 17 23 21 25 20 24 19 26 19 11 26 20 14 11 19
split_gain=2.02325 1.04233 1.18046 1.38199 0.927984 1.17992 0.842763 0.751543 0.669667 0.661552 0.525735 0.516837 0.513405 0.455986 0.423403 0.318659 0.281973 0.266868 0.23454 0.199095 0.152474 0.145024 0.166381 0.140222 0.0886186 0.0770473 0.0694326 0.0481761 0.103171 0.0433251
threshold=758.50000000000011 0.89109265500888613 1543.0000000000002 509.50000000000006 3833.5000000000005 0.058972279903223609 0.029434523471054953 3.0450000000000004 7.4500000000000011 1.1006488538143457 2.2500000000000004 0.91425168762405129 0.038515830427801406 2865.0000000000005 590.50000000000011 -0.004286780371182599 2488.5000000000005 11.690000057220461 1.0000000180025095e-35 2.7250000000000005 7.1500000000000012 80.575000762939467 849.50000000000011 80.799999237060561 1.2176121259437258 1058.0000000000002 2.0950000000000002 0.04293007858079801 0.82851391819171083 95.665000915527358
decision_type=2 2 2 2 2 2 2 2 2 2 2 2 2 2 2 2 2 2 2 2 2 2 2 2 2 2 2 2 2 2
left_child=1 10 24 8 5 -5 7 15 9 -4 27 18 -10 -9 -6 21 -13 -18 29 23 -20 -2 -23 -17 -3 -21 -19 28 -1 -8
right_child=6 2 3 4 14 -7 11 13 12 -11 -12 16 -14 -15 -16 19 17 26 20 25 -22 22 -24 -25 -26 -27 -28 -29 -30 -31
leaf_value=0.0048034848360852759 -0.0016591230942057849 0.0073139393776655197 0.0034302374710302799 -0.0027617367750606197 0.0053391628577560187 0.0025546305770054456 -0.00092382309680966569 0 0.0010073445377379864 0.00073069457113860716 0.0076707042534477432 -0.00096312724278137382 -0.0025938786716147694 0.0058031786193439207 0 -0.0034240724066596315 -0.0011793082193197572 -0.0024690513773821293 -0.00087321351040413396 0.00057503934296187467 0.0021020002507823794 -0.0014841195770093926 0.0012132925427117459 -0.00096112071646528856 0.0036093422578913821 -0.0013924167047121695 -0.0048523616465618435 0.0011137675965874224 0.0018210739162218357 -0.0025008845153099268
leaf_weight=21 22 20 179 217 24 44 45 21 107 157 25 48 52 27 27 22 33 23 26 106 33 22 151 531 20 20 91 23 34 37
leaf_count=21 22 20 179 217 24 44 45 21 107 157 25 48 52 27 27 22 33 23 26 106 33 22 151 531 20 20 91 23 34 37
internal_value=3.02377e-06 0.00104879 0.000695534 0.000438644 -0.00111753 -0.00184771 -0.000784525 -0.000311066 0.00142583 0.00218366 0.00389022 -0.00207004 -0.000160515 0.00329677 0.00252527 -0.000516178 -0.00307125 -0.00372818 -0.000652382 -0.000824679 0.000748187 0.000541459 0.00084647 -0.00107052 0.00566802 0.000230618 -0.00442326 0.00255879 0.00307883 -0.00169313
internal_weight=2208 950 847 807 312 261 1258 922 495 336 103 336 159 48 51 874 195 147 141 679 59 195 173 553 40 126 114 78 55 82
internal_count=2208 950 847 807 312 261 1258 922 495 336 103 336 159 48 51 874 195 147 141 679 59 195 173 553 40 126 114 78 55 82
is_linear=0
shrinkage=0.03


Tree=20
num_leaves=31
num_cat=0
split_feature=26 23 26 23 26 16 16 15 20 19 23 16 15 23 17 20 21 13 15 17 19 23 26 13 24 18 19 17 19 14
split_gain=1.90952 0.950289 1.05135 1.07861 1.07214 1.00653 0.8505 0.77415 1.07136 0.751959 0.598119 0.525055 0.452083 0.335442 0.252358 0.222038 0.200193 0.19206 0.177868 0.160391 0.156228 0.113838 0.104348 0.0960391 0.0803227 0.0769631 0.0755907 0.0694264 0.0450235 0.0361084
threshold=756.50000000000011 1543.0000000000002 267.50000000000006 2912.0000000000005 403.50000000000006 58.405403752872211 40.843280426131891 0.025104028961718202 3.1150000000000007 99.450000762939467 2512.0000000000005 38.907994689032414 0.046238604601573204 3340.5000000000005 -0.004286780371182599 2.7650000000000001 11.480000019073488 1.0109862070251792 0.019668721370636702 0.00075204122349825013 80.575000762939467 2430.5000000000005 935.50000000000011 0.98091567934094692 0.25000000000000006 1.0569996504198833 99.58499908447267 -0.0066411669735698996 96.395000457763686 0.025948967332595455
decision_type=2 2 2 2 2 2 2 2 2 2 2 2 2 2 2 2 2 2 2 2 2 2 2 2 2 2 2 2 2 2
left_child=1 26 5 4 23 -3 25 8 14 -6 19 13 -8 27 20 18 17 -13 -16 28 -2 -17 -22 -4 -18 -5 -1 -12 -9 -21
right_child=7 2 3 6 9 -7 12 10 -10 -11 11 16 -14 -15 15 21 24 -19 -20 29 22 -23 -24 -25 -26 -27 -28 -29 -30 -31
leaf_value=0.0070628712613667764 -0.001611513443685987 0.0069306116491318383 -0.00041489633113940663 0.0041187830929015762 0.0030944758290962957 6.187948126878056e-05 -0.00065731364328699949 5.9755621549601731e-05 0.0065099399558135439 0.00010893157926857867 -0.0025027344714229302 0.00084342081911329715 -0.0034686575538836993 0.0023004517021722026 -0.0015061181354436225 0 -0.0055291893444955357 -0.0030192518113180992 -0.00029301391151796989 0 8.0883029316122275e-05 0.00218530441663013 0.0017238200769229533 -0.0028681069862839651 -0.0032805773517994075 0.0015442281246359924 0.003548316521303994 -0.00012068002722558695 0.0016662863975136792 -0.0013225458004867264
leaf_weight=20 22 46 28 24 250 34 274 38 20 112 35 20 64 27 251 110 23 23 205 20 67 25 82 39 171 31 20 20 32 75
leaf_count=20 22 46 28 24 250 34 274 38 20 112 35 20 64 27 251 110 23 23 205 20 67 25 82 39 171 31 20 20 32 75
internal_value=3.17666e-06 0.00102669 0.000818751 0.000492621 0.00153318 0.00408524 -0.000636648 -0.000756235 -0.000167745 0.00218188 -0.00169857 -0.00245603 -0.00120715 -0.000340001 -0.000355246 -0.000651293 -0.00317105 -0.00117614 -0.000969152 -0.000210091 0.000648327 0.000399539 0.00101051 -0.00190818 -0.00358954 0.00277473 0.00550817 -0.00170773 0.000849548 -0.00102284
internal_weight=2208 942 902 822 429 80 393 1266 782 362 484 319 338 82 762 591 237 43 456 165 171 135 149 67 194 55 40 55 70 95
internal_count=2208 942 902 822 429 80 393 1266 782 362 484 319 338 82 762 591 237 43 456 165 171 135 149 67 194 55 40 55 70 95
is_linear=0
shrinkage=0.03


Tree=21
num_leaves=31
num_cat=0
split_feature=26 11 15 15 24 22 11 13 25 25 11 20 20 26 26 22 26 19 17 11 26 11 20 10 17 15 20 0 11 26
split_gain=1.79981 0.972836 0.833059 1.41565 1.34343 1.22458 0.776054 0.579638 0.52188 0.497876 0.44144 0.391842 0.417819 0.673604 0.361595 0.325001 0.294395 0.27636 0.274462 0.255295 0.149064 0.138175 0.137553 0.109355 0.0855351 0.0756009 0.0476567 0.0271709 0.0269299 0.015334
threshold=758.50000000000011 0.89109265500888613 0.046333556493784005 0.055640912443559606 11.950000000000001 264.27000000000004 1.1141302411113625 0.99574744841610963 0.65000000000000002 2.2500000000000004 1.1492882096352051 1.9750000000000003 2.6950000000000007 766.00000000000011 540.00000000000011 267.49850000000004 1825.5000000000002 95.58499908447267 0.0056812075428659013 1.0267011800489547 1879.0000000000002 0.84461205451875498 1.7850000000000004 0.96961406652968496 0.0032327755201403503 0.029268998558238554 0.65500000000000014 -0.020472699427157147 0.98549318185928669 577.50000000000011
decision_type=2 2 2 2 2 2 2 2 2 2 2 2 2 2 2 2 2 2 2 2 2 2 2 2 2 2 2 2 2 2
left_child=1 9 4 14 7 19 8 22 16 27 24 23 20 -14 26 -9 17 18 -2 -6 -13 -19 -3 -10 -5 -8 -4 -1 -25 -29
right_child=6 2 3 10 5 -7 25 15 11 -11 -12 12 13 -15 -16 -17 -18 21 -20 -21 -22 -23 -24 28 -26 -27 -28 29 -30 -31
leaf_value=0.0013526817110749625 0.00093234750643338864 0.003280588694437603 -0.00033468091832068953 0.0045629741048504573 -0.00061227696549446718 0.0051764949091177969 -0.0021483640226069834 0.00072140233811703242 0.0028190618780614849 0.0074131507712344715 -0.0014896066588407845 -0.0010254044904163112 -0.0029921341293757515 0.0015627711062566958 -0.0052860565821037566 0.0026769846164827376 -0.0040770195215135011 -9.2646957388413793e-05 -0.0017807276766148529 -0.002822742559377932 0.00039521221382543445 -0.0022966553749240119 0.0061195195801556114 0.0011928070237944748 0.0018185565420426426 -0.0046850930613211612 -0.0023547665664736994 0.0017869996109300037 -7.5012085859530727e-05 0.0035318671665755248
leaf_weight=27 82 75 22 28 125 27 25 203 42 25 23 453 34 169 50 129 36 34 55 80 74 159 27 32 27 43 31 21 20 30
leaf_count=27 82 75 22 28 125 27 25 203 42 25 23 453 34 169 50 129 36 34 55 80 74 159 27 32 27 43 31 21 20 30
internal_value=3.36771e-06 0.000989772 0.000648413 -0.00114365 0.00114093 -0.000690331 -0.000739344 0.00212608 -0.000556534 0.0037348 0.00186703 -0.00013326 -0.00037202 0.000774247 -0.00344845 0.00149602 -0.00149835 -0.00119651 -0.000140115 -0.00149898 -0.000819873 -0.00192633 0.00411331 0.00167376 0.00332582 -0.0038406 -0.00159352 0.00243895 0.000656366 0.00291927
internal_weight=2208 950 847 181 666 232 1258 434 1190 103 78 824 730 203 103 332 366 330 137 205 527 193 102 94 55 68 53 78 52 51
internal_count=2208 950 847 181 666 232 1258 434 1190 103 78 824 730 203 103 332 366 330 137 205 527 193 102 94 55 68 53 78 52 51
is_linear=0
shrinkage=0.03


Tree=22
num_leaves=31
num_cat=0
split_feature=26 23 26 23 26 16 19 15 20 16 16 23 15 17 22 23 21 26 23 20 25 20 10 5 25 23 19 24 10 17
split_gain=1.69686 0.869937 0.980625 0.959018 0.951212 0.925906 0.771021 0.716335 0.977505 0.63339 0.5621 0.548082 0.436687 0.250775 0.204005 0.225414 0.184721 0.167169 0.154834 0.152137 0.138779 0.11083 0.104205 0.0989132 0.084584 0.0752955 0.0695107 0.0608409 0.0511836 0.0386644
threshold=758.50000000000011 1543.0000000000002 267.50000000000006 2855.5000000000005 403.50000000000006 58.405403752872211 99.450000762939467 0.026403687534283054 3.1150000000000007 40.843280426131891 39.084732830323027 2512.0000000000005 0.046238604601573204 -0.0012146676751385499 244.21800000000005 2237.5000000000005 11.025000095367433 1058.0000000000002 3223.0000000000005 2.7250000000000005 5.1500000000000012 2.5750000000000006 0.95324623588340585 -0.00035877493924009994 0.65000000000000002 2083.0000000000005 99.58499908447267 0.65000000000000002 0.9941367067512491 -0.012934235407153298
decision_type=2 2 2 2 2 2 2 2 2 2 2 2 2 2 2 2 2 2 2 2 2 2 2 2 2 2 2 2 2 2
left_child=1 26 5 4 22 -3 -6 8 13 23 17 24 -11 14 20 -16 -13 18 25 21 -2 -15 -4 -5 28 -9 -1 -18 -12 -19
right_child=7 2 3 9 6 -7 -8 10 -10 12 11 16 -14 19 15 -17 27 29 -20 -21 -22 -23 -24 -25 -26 -27 -28 -29 -30 -31
leaf_value=0.006743964602904661 0.00051486032880798335 0.0066489119915034067 -0.00015606118206177715 0.0033515730003881102 0.0030658341155868902 5.7377108851713785e-05 6.0256714266932059e-05 0.0010436613783240318 0.006049687226048925 -0.00053648746696853783 -0.00035685262158926157 -0.00087774585461011161 -0.0032788539235596545 -0.00089693242051902956 -0.00033143582478262933 0.0018679490134253034 -0.0052682382988929752 -0.0023852313331195287 0.0025602621942037536 0.00017565482814016934 -0.0013260992022379858 -0.0027150672577942411 -0.0029010848325605573 0.00073742748384267613 0.00023919533339477231 -0.0012731832639457513 0.0033633093111483112 -0.0032490775418331525 -0.0022862385714723693 -0.00031121635756322313
leaf_weight=20 62 46 22 33 235 34 117 23 21 293 30 31 64 332 66 104 24 20 30 107 83 35 38 28 54 25 20 163 28 20
leaf_count=20 62 46 22 33 235 34 117 23 21 293 30 31 64 332 66 104 24 20 30 107 83 35 38 28 54 25 20 163 28 20
internal_value=3.44691e-06 0.000961263 0.000763895 0.000451747 0.00147921 0.00391984 0.00207832 -0.00071767 -0.000180499 -0.000554926 -0.00167965 -0.00231375 -0.00104428 -0.000357567 0.000291052 0.000999582 -0.00319015 7.3007e-05 0.000902699 -0.000794632 -0.000520247 -0.00108538 -0.00196282 0.00223127 -0.000568209 -0.000103161 0.00525007 -0.00355082 -0.00136209 -0.00145428
internal_weight=2208 950 910 830 412 80 352 1258 810 418 448 330 357 789 315 170 218 118 78 474 145 367 60 61 112 48 40 187 58 40
internal_count=2208 950 910 830 412 80 352 1258 810 418 448 330 357 789 315 170 218 118 78 474 145 367 60 61 112 48 40 187 58 40
is_linear=0
shrinkage=0.03


Tree=23
num_leaves=26
num_cat=0
split_feature=26 11 23 26 23 15 11 23 25 25 19 26 26 22 23 26 19 10 19 11 11 15 14 11 14
split_gain=1.59917 0.911191 0.966451 1.17005 0.868584 1.05151 0.703037 0.55076 0.470341 0.469925 0.387333 0.365928 0.350275 0.380976 0.685047 0.269744 0.252557 0.215602 0.204351 0.124291 0.0727112 0.0668876 0.0423535 0.095261 0.0162374
threshold=758.50000000000011 0.89109265500888613 1543.0000000000002 513.00000000000011 3833.5000000000005 0.058972279903223609 1.1141302411113625 3822.5000000000005 0.65000000000000002 2.2500000000000004 97.665000915527358 590.50000000000011 763.50000000000011 251.43850000000003 2563.0000000000005 1825.5000000000002 95.58499908447267 0.9911992862833473 80.799999237060561 0.84461205451875498 1.2176121259437258 0.029268998558238554 0.04293007858079801 0.82851391819171083 0.040021086019409804
decision_type=2 2 2 2 2 2 2 2 2 2 2 2 2 2 2 2 2 2 2 2 2 2 2 2 2
left_child=1 9 20 7 5 -5 8 10 15 22 -4 -6 -10 18 -15 16 17 -2 -14 -18 -3 -8 23 -1 -9
right_child=6 2 3 4 11 -7 21 24 12 -11 -12 -13 13 14 -16 -17 19 -19 -20 -21 -22 -23 -24 -25 -26
leaf_value=0.0044670453061434355 0.00093621447745030487 0.0066032285903181356 0.0018031815792716986 -0.0027323320677695357 0.0050274058393388991 0.0023048782507578531 -0.0020399909978016063 -0.002520332208919254 -0.0039460615309487492 0.0071633649088370692 -0.0017426134994542547 0 -0.0023694601186346159 -0.00063085604821266677 0.0025622622517632227 -0.0038856874156642605 -8.1281105867986154e-05 -0.0014326529963097224 -0.00026763600556605735 -0.0021760990749055058 0.0032152660734552354 -0.004448096585544673 0.00097227860486600551 0.0016137412687289594 -0.0010005404414453853
leaf_weight=21 75 20 430 207 24 44 25 21 20 25 28 27 45 117 121 36 34 62 521 159 20 43 23 34 26
leaf_count=21 75 20 430 207 24 44 25 21 20 25 28 27 45 117 121 36 34 62 521 159 20 43 23 34 26
internal_value=3.37514e-06 0.00093325 0.00060281 0.000370043 -0.0010996 -0.00183177 -0.000696637 0.00125528 -0.00052251 0.00358979 0.00157655 0.00241205 -0.000120501 -1.68276e-05 0.000983912 -0.00141661 -0.00112727 -0.000116702 -0.000443917 -0.00182485 0.00510216 -0.00364864 0.00233026 0.00281707 -0.00178046
internal_weight=2208 950 847 807 302 251 1258 505 1190 103 458 51 824 804 238 366 330 137 566 193 40 68 78 55 47
internal_count=2208 950 847 807 302 251 1258 505 1190 103 458 51 824 804 238 366 330 137 566 193 40 68 78 55 47
is_linear=0
shrinkage=0.03


Tree=24
num_leaves=31
num_cat=0
split_feature=26 26 16 22 15 14 22 20 16 26 16 16 17 10 26 20 16 19 20 19 17 25 19 16 9 26 26 3 22 9
split_gain=1.50863 0.78884 0.867087 0.815068 1.4208 0.649785 0.621229 0.618584 0.596446 1.06476 0.427639 0.392657 0.328124 0.261756 0.385616 0.363791 0.254455 0.239198 0.229084 0.175864 0.174543 0.148932 0.147466 0.111421 0.11117 0.0901107 0.0877641 0.071081 0.0704614 0.0436084
threshold=758.50000000000011 267.50000000000006 58.405403752872211 279.88200000000006 0.041625198368268702 0.029434523471054953 267.49850000000004 3.0450000000000004 52.417484536091614 696.50000000000011 47.979561119734065 43.041835890561849 0.014001007936658103 1.0262816823748253 849.50000000000011 1.9550000000000003 70.497203331184707 103.70000076293947 1.4450000000000001 96.545001983642592 -0.013731576514273048 4.2500000000000009 99.674999237060561 33.809027449701908 0.97578200966467288 935.50000000000011 1049.5000000000002 -0.013267380695886798 236.61750000000004 0.96203862024280173
decision_type=2 2 2 2 2 2 2 2 2 2 2 2 2 2 2 2 2 2 2 2 2 2 2 2 2 2 2 2 2 2
left_child=1 2 -1 4 6 7 10 13 19 12 -3 20 -10 14 -2 -16 -8 -11 -6 -5 23 -9 -15 -7 26 27 -22 -13 -27 -20
right_child=5 3 -4 8 18 11 16 21 9 17 -12 25 -14 22 15 -17 -18 -19 29 -21 24 -23 -24 -25 -26 28 -28 -29 -30 -31
leaf_value=0.0063870584694866806 -0.0020352047904373398 0.0014750115573735352 7.9614969236510099e-06 0.002860540862389219 -0.0010597408753057771 -2.2061347072436042e-05 0.0040814533173027237 0.0045454035664184225 0.0054611900440284184 -0.0047921032536012882 -0.0003481675039732965 -0.00067305095570402277 0.00044395370921120048 -0.0017796823148557451 0.0022479484126503978 -0.00015752525015831398 0.00073946682318512882 -9.3298274491514466e-05 -0.0021930273338221012 0.0062758838710441659 0.0017400721305479796 0.00095100818902416084 0.00082612129107915934 -0.0028607604699890784 -0.0012517692048568277 -0.0017265862386504356 -0.00042313794124250611 -0.0026149836397003933 -0.0041932416200258973 -0.0043322970380854364
leaf_weight=46 87 190 34 35 54 21 65 26 34 21 289 30 20 159 62 546 34 20 23 34 38 22 20 40 35 21 26 67 58 51
leaf_count=46 87 190 34 35 54 21 65 26 34 21 289 30 20 159 62 546 34 20 23 34 38 22 20 40 35 21 26 67 58 51
internal_value=3.20784e-06 0.000906417 0.00374655 0.00063781 0.000189276 -0.000676662 0.000827316 -0.000260504 0.00253766 0.000938324 0.00037033 -0.00180555 0.00369936 -0.000446908 -0.000177649 8.61321e-05 0.00298257 -0.00262823 -0.0026527 0.00465193 -0.00069815 0.00301223 -0.00146889 -0.00194801 5.3744e-05 -0.0027857 0.000822124 -0.00205799 -0.00360483 -0.00374549
internal_weight=2208 950 80 870 706 1258 578 922 164 95 479 336 54 874 695 608 99 41 128 69 160 48 179 61 99 176 64 97 79 74
internal_count=2208 950 80 870 706 1258 578 922 164 95 479 336 54 874 695 608 99 41 128 69 160 48 179 61 99 176 64 97 79 74
is_linear=0
shrinkage=0.03


Tree=25
num_leaves=27
num_cat=0
split_feature=26 11 23 26 23 23 11 24 11 25 25 26 20 26 20 26 10 26 19 23 11 11 14 11 23 11
split_gain=1.42168 0.827522 0.874418 1.05907 0.782424 0.754495 0.639372 0.536614 0.558715 0.423174 0.416518 0.343977 0.335977 0.31299 0.621645 0.265859 0.254957 0.233214 0.223483 0.240011 0.133972 0.0631868 0.0381543 0.0884655 0.0365507 0.00643022
threshold=758.50000000000011 0.89109265500888613 1543.0000000000002 509.50000000000006 3833.5000000000005 3084.0000000000005 1.1141302411113625 7.4500000000000011 1.1006488538143457 0.35000000000000003 2.2500000000000004 590.50000000000011 1.5650000000000002 763.50000000000011 3.0450000000000004 1051.5000000000002 0.96034736152293443 1825.5000000000002 95.58499908447267 3439.0000000000005 0.84461205451875498 1.2176121259437258 0.04293007858079801 0.82851391819171083 3141.5000000000005 1.1973002006132827
decision_type=2 2 2 2 2 2 2 2 2 2 2 2 2 2 2 2 2 2 2 2 2 2 2 2 2 2
left_child=1 10 21 7 5 -5 9 8 -4 17 22 -6 -9 -11 16 -16 -15 18 19 -2 -20 -3 23 -1 25 -8
right_child=6 2 3 4 11 -7 24 12 -10 13 -12 -13 -14 14 15 -17 -18 -19 20 -21 -22 -23 -24 -25 -26 -27
leaf_value=0.0042762356999922879 -0.00076995801147131701 0.0062610428588730956 0.0030316360670219482 -0.0001858417018796187 0.0048602318584173923 -0.0034423912542348258 -0.0028926039980319532 -0.0012959673134190961 0.00055128805230583852 -0.0037788228073290415 0.0067807206403320795 0 0.0015231418649391195 0.00072783659344362425 0.00044265948246734649 0.004710193591023034 -0.00056265326697414785 -0.0038093032753893311 -6.4594970931383685e-05 0.002764768824779561 -0.0023493225201579536 0.0030547698156109877 0.00092179219424724573 0.0015233074516590151 -0.0020003228244047772 -0.0048419800418615343
leaf_weight=21 95 20 179 142 24 119 22 99 157 20 25 27 60 173 25 32 639 34 32 20 120 20 23 34 22 24
leaf_count=21 95 20 179 142 24 119 22 99 157 20 25 27 60 173 25 32 639 34 32 20 120 20 23 34 22 24
internal_value=3.05031e-06 0.000879885 0.000564806 0.000343222 -0.0010185 -0.00168955 -0.000656896 0.00120789 0.00188664 -0.000490718 0.00341168 0.00232448 -0.000210532 -0.000157151 -6.61023e-05 0.0029301 -0.000283462 -0.00146219 -0.00113901 -0.000110826 -0.0018915 0.00484468 0.00222172 0.00268559 -0.00347227 -0.00405488
internal_weight=2208 950 847 807 312 261 1258 495 336 1190 103 51 159 889 869 57 812 301 267 115 152 40 78 55 68 46
internal_count=2208 950 847 807 312 261 1258 495 336 1190 103 51 159 889 869 57 812 301 267 115 152 40 78 55 68 46
is_linear=0
shrinkage=0.03


end of trees

feature_importances:
Rig_Count=118
Close_to_MA_50=95
EIA_Storage_Level=94
US_10Y_Yield=70
Rolling_Std_20=44
USD_Index=44
CPI_Inflation=40
Heating_Degree_Days=38
MACD_Pct=37
Cooling_Degree_Days=34
VIX=33
RSI_14=26
Rolling_Std_10=24
Close_to_MA_20=20
Close_to_EMA_20=10
Close_to_MA_10=8
Volume_to_MA_10=5
Return=1
Ret_Lag_2=1
Ret_Lag_5=1
Close_to_EMA_10=1

parameters:
[boosting: gbdt]
[objective: regression]
[metric: l2]
[tree_learner: serial]
[device_type: cpu]
[data_sample_strategy: bagging]
[data: ]
[valid: ]
[num_iterations: 200]
[learning_rate: 0.03]
[num_leaves: 31]
[num_threads: 20]
[seed: 42]
[deterministic: 0]
[force_col_wise: 0]
[force_row_wise: 0]
[histogram_pool_size: -1]
[max_depth: 6]
[min_data_in_leaf: 20]
[min_sum_hessian_in_leaf: 0.001]
[bagging_fraction: 0.8]
[pos_bagging_fraction: 1]
[neg_bagging_fraction: 1]
[bagging_freq: 0]
[bagging_seed: 400]
[bagging_by_query: 0]
[feature_fraction: 0.8]
[feature_fraction_bynode: 1]
[feature_fraction_seed: 30056]
[extra_trees: 0]
[extra_seed: 12879]
[early_stopping_round: 0]
[early_stopping_min_delta: 0]
[first_metric_only: 0]
[max_delta_step: 0]
[lambda_l1: 0.1]
[lambda_l2: 1]
[linear_lambda: 0]
[min_gain_to_split: 0]
[drop_rate: 0.1]
[max_drop: 50]
[skip_drop: 0.5]
[xgboost_dart_mode: 0]
[uniform_drop: 0]
[drop_seed: 17869]
[top_rate: 0.2]
[other_rate: 0.1]
[min_data_per_group: 100]
[max_cat_threshold: 32]
[cat_l2: 10]
[cat_smooth: 10]
[max_cat_to_onehot: 4]
[top_k: 20]
[monotone_constraints: ]
[monotone_constraints_method: basic]
[monotone_penalty: 0]
[feature_contri: ]
[forcedsplits_filename: ]
[refit_decay_rate: 0.9]
[cegb_tradeoff: 1]
[cegb_penalty_split: 0]
[cegb_penalty_feature_lazy: ]
[cegb_penalty_feature_coupled: ]
[path_smooth: 0]
[interaction_constraints: ]
[verbosity: -1]
[saved_feature_importance_type: 0]
[use_quantized_grad: 0]
[num_grad_quant_bins: 4]
[quant_train_renew_leaf: 0]
[stochastic_rounding: 1]
[linear_tree: 0]
[max_bin: 255]
[max_bin_by_feature: ]
[min_data_in_bin: 3]
[bin_construct_sample_cnt: 200000]
[data_random_seed: 175]
[is_enable_sparse: 1]
[enable_bundle: 1]
[use_missing: 1]
[zero_as_missing: 0]
[feature_pre_filter: 1]
[pre_partition: 0]
[two_round: 0]
[header: 0]
[label_column: ]
[weight_column: ]
[group_column: ]
[ignore_column: ]
[categorical_feature: ]
[forcedbins_filename: ]
[precise_float_parser: 0]
[parser_config_file: ]
[objective_seed: 16083]
[num_class: 1]
[is_unbalance: 0]
[scale_pos_weight: 1]
[sigmoid: 1]
[boost_from_average: 1]
[reg_sqrt: 0]
[alpha: 0.9]
[fair_c: 1]
[poisson_max_delta_step: 0.7]
[tweedie_variance_power: 1.5]
[lambdarank_truncation_level: 30]
[lambdarank_norm: 1]
[label_gain: ]
[lambdarank_position_bias_regularization: 0]
[eval_at: ]
[multi_error_top_k: 1]
[auc_mu_weights: ]
[num_machines: 1]
[local_listen_port: 12400]
[time_out: 120]
[machine_list_filename: ]
[machines: ]
[gpu_platform_id: -1]
[gpu_device_id: -1]
[gpu_device_id_list: ]
[gpu_use_dp: 0]
[num_gpu: 1]

end of parameters

pandas_categorical:[]
