tree
version=v4
num_class=1
num_tree_per_iteration=1
label_index=0
max_feature_idx=25
objective=regression
feature_names=Return Log_Return Ret_Lag_1 Ret_Lag_2 Ret_Lag_3 Ret_Lag_5 Ret_Lag_10 Daily_Range_Pct Close_to_MA_5 Close_to_MA_10 Close_to_MA_20 Close_to_MA_50 Close_to_EMA_10 Close_to_EMA_20 Rolling_Std_10 Rolling_Std_20 RSI_14 MACD_Pct Volume_to_MA_10 USD_Index VIX US_10Y_Yield CPI_Inflation Fed_Funds_Rate Real_Yield_10Y Gold_Silver_Ratio
feature_infos=[-0.1164914206586988:0.092862495689852706] [-0.12385427663987771:0.088800396787994604] [-0.1164914206586988:0.092862495689852706] [-0.1164914206586988:0.092862495689852706] [-0.1164914206586988:0.092862495689852706] [-0.1164914206586988:0.092862495689852706] [-0.1164914206586988:0.092862495689852706] [0:0.23762917108365739] [0.83125065699797374:1.1180168178183378] [0.76907950674990599:1.1507208680796319] [0.7126546826058221:1.251363766453035] [0.67972949752942891:1.441327379231726] [0.80557406499134387:1.1328420361132037] [0.74471501092138792:1.2179636354713963] [0.0031038011787134002:0.068021976636499698] [0.0052390161856204001:0.051417727976331103] [13.650620263885443:86.83115619591274] [-0.050545190129198198:0.022319726889085699] [0:9.9996164222411164] [79.77999878:114.11000060000001] [9.1400003430000005:82.690002440000001] [0.52000000000000002:4.25] [234.74700000000001:298.83199999999999] [0.050000000000000003:4.0999999999999996] [-1.1899999999999999:1.74] [62.225318270000002:125.88837599999999]
tree_sizes=1333 1567 1350 2049 2703

Tree=0
num_leaves=13
num_cat=0
split_feature=21 2 10 5 15 20 7 8 25 2 1 25
split_gain=0.00371099 0.00770572 0.00416275 0.00276264 0.00679277 0.00320778 0.00239567 0.00181237 0.0017716 0.000212997 3.16719e-05 1.73602e-05
threshold=0.65500000000000014 -0.0024336042531460998 1.0959267819739311 -0.021037320256613597 0.020163575964391656 37.674999235000008 0.044178988474192001 1.0029367430922889 76.594393510000017 -1.0000000180025095e-35 0.0020888826460625002 78.31903714000002
decision_type=2 2 2 2 2 2 2 2 2 2 2 2
left_child=1 -1 3 4 9 6 7 -5 -6 10 -2 -11
right_child=2 -3 -4 5 8 -7 -8 -9 -10 11 -12 -13
leaf_value=8.5418810270469319e-05 8.2176914058322217e-05 0.0011498039526339008 -0.00043441474872714728 0.00024782132318760608 0.0002788419404515826 -0.00039210371436680669 0.00060357904355902176 0.0001514838655540679 0.0011182785802179257 0.00023115671939235268 0.00023115671939235268 0.00027661761981581336
leaf_weight=21 27 32 23 1147 25 21 38 782 34 28 23 20
leaf_count=21 27 32 23 1147 25 21 38 782 34 28 23 20
internal_value=0.000231157 0.000640585 0.000220963 0.000230628 0.000429288 0.000212333 0.00022164 0.000211337 0.000852641 0.000221214 0.000128041 0.000231157
internal_weight=2221 53 2168 2145 157 1988 1967 1929 59 98 50 48
internal_count=2221 53 2168 2145 157 1988 1967 1929 59 98 50 48
is_linear=0
shrinkage=1


Tree=1
num_leaves=17
num_cat=0
split_feature=21 5 15 20 15 0 21 21 17 25 25 25 8 11 13 19
split_gain=0.00328101 0.00279688 0.00624734 0.00400138 0.00242764 0.00227992 0.00332109 0.00246354 0.00222773 0.00160961 0.00148814 0.00147674 0.000573899 0.000104202 0.000220891 5.78835e-05
threshold=0.65500000000000014 -0.021037320256613597 0.020163575964391656 37.674999235000008 0.027506399975405601 -1.0000000180025095e-35 0.84500000000000008 1.155 0.0069898206611055001 75.532243940000015 76.594393510000017 95.097010990000015 0.99398513087868878 1.0042735049232352 0.96382143533901332 95.024997710000022
decision_type=2 2 2 2 2 2 2 2 2 2 2 2 2 2 2 2
left_child=4 2 13 5 -1 7 11 12 -8 -9 -4 -7 -3 14 -2 -16
right_child=1 3 10 -5 -6 6 8 9 -10 -11 -12 -13 -14 -15 15 -17
leaf_value=0.00078227744538984876 0 0.00053992799421151481 4.5392670525381192e-05 -0.00066198103561764584 0 -0.00072095169875457693 -1.3349620143925632e-05 -6.2026884983330506e-05 -0.00026986760780328223 7.3006935858319292e-05 0.00084403306907708097 0 0 0 -0.00020476672059410942 0
leaf_weight=22 23 29 25 24 31 28 913 366 100 508 34 20 23 24 22 29
leaf_count=22 23 29 25 24 31 28 913 366 100 508 34 20 23 24 22 29
internal_value=0 -9.52026e-06 0.000189194 -2.76054e-05 0.000385043 -1.70989e-05 -6.88077e-05 3.6765e-05 -4.38444e-05 1.0739e-05 0.000595356 -0.00048195 0.000371405 -8.37062e-06 -5.9715e-05 -0.00012555
internal_weight=2221 2168 157 2011 53 1987 1061 926 1013 874 59 48 52 98 74 51
internal_count=2221 2168 157 2011 53 1987 1061 926 1013 874 59 48 52 98 74 51
is_linear=0
shrinkage=0.05


Tree=2
num_leaves=14
num_cat=0
split_feature=21 9 5 15 20 0 4 20 21 25 25 12 13
split_gain=0.00301404 0.00297306 0.00256776 0.00577384 0.00362007 0.00210772 0.00253706 0.00251025 0.00196737 0.00144823 0.00108825 0.000127032 0.000256275
threshold=0.65500000000000014 1.0092468901142027 -0.021037320256613597 0.020526941777816703 37.674999235000008 -0.0023470777114832997 0.033384162027286203 24.835000035000004 1.155 75.532243940000015 77.273100825000014 0.99659119353241221 0.96382143533901332
decision_type=2 2 2 2 2 2 2 2 2 2 2 2 2
left_child=1 -1 3 11 5 8 7 -7 -4 -10 -5 12 -2
right_child=2 -3 4 10 -6 6 -8 -9 9 -11 -12 -13 -14
leaf_value=0 0 0.00065953704094521106 0.00036443628280354235 7.3608028648707718e-05 -0.00063020593132823719 -9.8468646185696151e-06 -0.00049985966338734968 -0.00023830967535578155 -5.9105786399045069e-05 8.0253213049519953e-05 0.00084626028843734795 0 -0.00015477951565844706
leaf_weight=20 24 33 46 25 24 1035 33 145 295 433 30 39 39
leaf_count=20 24 33 46 25 24 1035 33 145 295 433 30 39 39
internal_value=0 0.000369108 -9.06202e-06 0.000181179 -2.6482e-05 -1.63615e-05 -5.92997e-05 -4.23324e-05 4.44685e-05 1.69199e-05 0.000591926 0 -7.04428e-05
internal_weight=2221 53 2168 157 2011 1987 1213 1180 774 728 55 102 63
internal_count=2221 53 2168 157 2011 1987 1213 1180 774 728 55 102 63
is_linear=0
shrinkage=0.05


Tree=3
num_leaves=22
num_cat=0
split_feature=25 14 2 4 21 14 6 5 3 0 6 15 5 21 12 7 4 14 0 3 2
split_gain=0.00270399 0.00746078 0.00629128 0.00394851 0.002096 0.00220801 0.00292978 0.00184343 0.00198523 0.00314059 0.00197723 0.00164684 0.00277709 0.00131336 0.00114166 0.000870164 0.000613466 0.000711102 0.000588778 0.00023286 0.000184147
threshold=72.344721110000009 0.035543501049331606 -0.0044424158244763994 0.026697857318164455 0.65500000000000014 0.028269643733057653 -0.0022772770074119494 -0.00055176773640719986 -0.0047593341010575994 -0.0012696421909006498 -0.0070843351540904485 0.019689103206430251 0.00097031253320100015 2.8450000000000002 0.99381054191918328 0.021609309793201654 -0.0077047683075665988 0.011793486400125851 -0.00067346603055454984 0.0028454180670081006 0.00029326647704545005
decision_type=2 2 2 2 2 2 2 2 2 2 2 2 2 2 2 2 2 2 2 2 2
left_child=3 4 -3 7 -2 11 -7 8 14 20 -11 13 -13 -6 -1 16 19 -18 -17 -9 -10
right_child=1 2 -4 -5 5 6 -8 15 9 10 -12 12 -14 -15 -16 18 17 -19 -20 -21 -22
leaf_value=-7.0035735436249513e-05 0.00038726534268789697 0 0.0010936761982253908 -0.00064201818625213389 1.5651328442847741e-05 -0.00075625061959726746 0 0 0.00011146992604310446 0 -0.00060821717473686482 0.00029103405131618483 -1.1881390592117728e-05 -0.0001078729110633958 0.00033468190449336061 0 0 -0.00015774371727292301 0.00034487854179573215 0.00023474879114908855 -5.6803566029914012e-05
leaf_weight=34 35 20 29 32 1031 21 39 34 28 32 63 132 109 263 23 20 89 105 30 22 30
leaf_count=34 35 20 29 32 1031 21 39 34 28 32 63 132 109 263 23 20 89 105 30 22 30
internal_value=0 3.146e-05 0.000634911 -9.68874e-05 9.87568e-06 0 -0.000293584 -5.1709e-05 -0.000167552 -0.00026581 -0.000441733 1.30692e-05 0.000133887 -5.65736e-06 1.00192e-05 1.30574e-05 -6.76804e-06 -6.64041e-05 0.000208413 0.000109649 0
internal_weight=2221 1679 49 542 1630 1595 60 510 210 153 95 1535 241 1294 57 300 250 194 50 56 58
internal_count=2221 1679 49 542 1630 1595 60 510 210 153 95 1535 241 1294 57 300 250 194 50 56 58
is_linear=0
shrinkage=0.05


Tree=4
num_leaves=31
num_cat=0
split_feature=25 21 2 21 7 18 20 20 24 3 20 2 24 10 20 7 25 2 8 2 17 20 21 17 13 3 8 3 0 5
split_gain=0.00243655 0.0057999 0.0071386 0.003843 0.0020623 0.0022468 0.00239563 0.00204251 0.00242793 0.00175493 0.00316141 0.00354533 0.00182125 0.00182073 0.00170671 0.00147393 0.00144156 0.00141755 0.00136132 0.00119711 0.00114617 0.00114587 0.00130172 0.00103847 0.000516707 0.000405508 0.000470711 0.000376721 0.000337218 5.89117e-05
threshold=72.344721110000009 0.78500000000000014 -0.0059800538698297498 1.1050000000000002 0.021609309793201654 0.28439824205282299 11.984999655000001 26.774999615000002 -0.47499999999999992 -0.00085278324136229991 24.835000035000004 -0.0055167092749985993 0.54500000000000015 0.97411547458294445 20.905000685000001 0.00030293064861025006 75.021188360000011 0.011260075607849002 0.98703796777353048 0.010436841335831651 0.0010568537306160503 13.170000080000003 2.9350000000000005 0.0016364186812776003 1.0082688762290088 0.0028454180670081006 1.0074722723353575 -0.0012052463546278998 -0.00021138777294679996 0.00029326647704545005
decision_type=2 2 2 2 2 2 2 2 2 2 2 2 2 2 2 2 2 2 2 2 2 2 2 2 2 2 2 2 2 2
left_child=3 2 -2 -1 5 25 29 -4 28 10 14 12 -12 21 16 -16 -3 23 -8 -6 -13 -11 -23 -15 -19 27 -27 -5 -9 -7
right_child=1 9 7 4 19 6 18 8 -10 13 11 20 -14 17 15 -17 -18 24 -20 -21 -22 22 -24 -25 -26 26 -28 -29 -30 -31
leaf_value=-0.00060422291067273673 -0.00010729414026942462 -0.00018748067297337913 0.0011770839709788561 0 0 0 0 0.0001957554742693901 0.00076616064053572103 0 -0.00092999479466083438 0.0001452682979288511 -4.6231044602441557e-05 0 0 0.00032133162444712503 0 0 -0.00036339155952696774 0.00046535814902199497 -0.00026946386952909836 0.00038660847083773727 0 0.00012136983842832564 -0.00019462279498353992 0.0002077722917480666 0 -0.00013638321338109099 0 7.490716052483616e-05
leaf_weight=35 38 128 21 83 56 23 23 21 23 27 26 35 25 309 20 67 384 32 143 23 28 85 20 280 89 47 27 56 21 26
leaf_count=35 38 128 21 83 56 23 23 21 23 27 26 35 25 309 20 67 384 32 143 23 28 85 20 280 89 47 27 56 21 26
internal_value=0 2.98446e-05 0.000357726 -9.19905e-05 -4.56669e-05 -9.66882e-05 -0.000211121 0.000619543 0.000348552 2.7196e-07 -5.40728e-05 -0.000294754 -0.000602151 5.22315e-05 0 0.000194716 -4.25853e-05 1.28012e-05 -0.000305757 0.000166005 0 0.000225033 0.000300939 5.11416e-05 -0.000131737 0 0.000109261 -2.90836e-05 0 9.18682e-06
internal_weight=2221 1679 124 542 507 428 215 86 65 1555 713 114 51 842 599 87 512 710 166 79 63 132 105 589 121 213 74 139 42 49
internal_count=2221 1679 124 542 507 428 215 86 65 1555 713 114 51 842 599 87 512 710 166 79 63 132 105 589 121 213 74 139 42 49
is_linear=0
shrinkage=0.05


end of trees

feature_importances:
US_10Y_Yield=11
Gold_Silver_Ratio=10
VIX=9
Ret_Lag_1=8
Ret_Lag_5=6
Return=5
Ret_Lag_2=5
Rolling_Std_20=5
Daily_Range_Pct=4
Close_to_MA_5=4
Ret_Lag_3=3
Close_to_EMA_20=3
Rolling_Std_10=3
MACD_Pct=3
Ret_Lag_10=2
Close_to_MA_20=2
Close_to_EMA_10=2
Real_Yield_10Y=2
Log_Return=1
Close_to_MA_10=1
Close_to_MA_50=1
Volume_to_MA_10=1
USD_Index=1

parameters:
[boosting: gbdt]
[objective: regression]
[metric: l2]
[tree_learner: serial]
[device_type: cpu]
[data_sample_strategy: bagging]
[data: ]
[valid: ]
[num_iterations: 200]
[learning_rate: 0.05]
[num_leaves: 31]
[num_threads: 20]
[seed: 42]
[deterministic: 0]
[force_col_wise: 0]
[force_row_wise: 0]
[histogram_pool_size: -1]
[max_depth: 6]
[min_data_in_leaf: 20]
[min_sum_hessian_in_leaf: 0.001]
[bagging_fraction: 0.8]
[pos_bagging_fraction: 1]
[neg_bagging_fraction: 1]
[bagging_freq: 0]
[bagging_seed: 400]
[bagging_by_query: 0]
[feature_fraction: 0.8]
[feature_fraction_bynode: 1]
[feature_fraction_seed: 30056]
[extra_trees: 0]
[extra_seed: 12879]
[early_stopping_round: 0]
[early_stopping_min_delta: 0]
[first_metric_only: 0]
[max_delta_step: 0]
[lambda_l1: 0.1]
[lambda_l2: 1]
[linear_lambda: 0]
[min_gain_to_split: 0]
[drop_rate: 0.1]
[max_drop: 50]
[skip_drop: 0.5]
[xgboost_dart_mode: 0]
[uniform_drop: 0]
[drop_seed: 17869]
[top_rate: 0.2]
[other_rate: 0.1]
[min_data_per_group: 100]
[max_cat_threshold: 32]
[cat_l2: 10]
[cat_smooth: 10]
[max_cat_to_onehot: 4]
[top_k: 20]
[monotone_constraints: ]
[monotone_constraints_method: basic]
[monotone_penalty: 0]
[feature_contri: ]
[forcedsplits_filename: ]
[refit_decay_rate: 0.9]
[cegb_tradeoff: 1]
[cegb_penalty_split: 0]
[cegb_penalty_feature_lazy: ]
[cegb_penalty_feature_coupled: ]
[path_smooth: 0]
[interaction_constraints: ]
[verbosity: -1]
[saved_feature_importance_type: 0]
[use_quantized_grad: 0]
[num_grad_quant_bins: 4]
[quant_train_renew_leaf: 0]
[stochastic_rounding: 1]
[linear_tree: 0]
[max_bin: 255]
[max_bin_by_feature: ]
[min_data_in_bin: 3]
[bin_construct_sample_cnt: 200000]
[data_random_seed: 175]
[is_enable_sparse: 1]
[enable_bundle: 1]
[use_missing: 1]
[zero_as_missing: 0]
[feature_pre_filter: 1]
[pre_partition: 0]
[two_round: 0]
[header: 0]
[label_column: ]
[weight_column: ]
[group_column: ]
[ignore_column: ]
[categorical_feature: ]
[forcedbins_filename: ]
[precise_float_parser: 0]
[parser_config_file: ]
[objective_seed: 16083]
[num_class: 1]
[is_unbalance: 0]
[scale_pos_weight: 1]
[sigmoid: 1]
[boost_from_average: 1]
[reg_sqrt: 0]
[alpha: 0.9]
[fair_c: 1]
[poisson_max_delta_step: 0.7]
[tweedie_variance_power: 1.5]
[lambdarank_truncation_level: 30]
[lambdarank_norm: 1]
[label_gain: ]
[lambdarank_position_bias_regularization: 0]
[eval_at: ]
[multi_error_top_k: 1]
[auc_mu_weights: ]
[num_machines: 1]
[local_listen_port: 12400]
[time_out: 120]
[machine_list_filename: ]
[machines: ]
[gpu_platform_id: -1]
[gpu_device_id: -1]
[gpu_device_id_list: ]
[gpu_use_dp: 0]
[num_gpu: 1]

end of parameters

pandas_categorical:[]
