tree
version=v4
num_class=1
num_tree_per_iteration=1
label_index=0
max_feature_idx=25
objective=regression
feature_names=Return Log_Return Ret_Lag_1 Ret_Lag_2 Ret_Lag_3 Ret_Lag_5 Ret_Lag_10 Daily_Range_Pct Close_to_MA_5 Close_to_MA_10 Close_to_MA_20 Close_to_MA_50 Close_to_EMA_10 Close_to_EMA_20 Rolling_Std_10 Rolling_Std_20 RSI_14 MACD_Pct Volume_to_MA_10 USD_Index VIX US_10Y_Yield CPI_Inflation Fed_Funds_Rate Real_Yield_10Y Gold_Silver_Ratio
feature_infos=[-0.1164914206586988:0.092862495689852706] [-0.12385427663987771:0.088800396787994604] [-0.1164914206586988:0.092862495689852706] [-0.1164914206586988:0.092862495689852706] [-0.1164914206586988:0.092862495689852706] [-0.1164914206586988:0.092862495689852706] [-0.1164914206586988:0.092862495689852706] [0:0.23762917108365739] [0.83125065699797374:1.1180168178183378] [0.76907950674990599:1.1507208680796319] [0.7126546826058221:1.251363766453035] [0.67972949752942891:1.441327379231726] [0.80557406499134387:1.1328420361132037] [0.74471501092138792:1.2179636354713963] [0.0031038011787134002:0.068021976636499698] [0.0052390161856204001:0.051417727976331103] [13.650620263885443:86.83115619591274] [-0.050545190129198198:0.022319726889085699] [0:9.9996164222411164] [79.77999878:110.2099991] [9.1400003430000005:82.690002440000001] [0.52000000000000002:3.4900000000000002] [234.74700000000001:296.34899999999999] [0.050000000000000003:2.5600000000000001] [-1.1899999999999999:1.1699999999999999] [62.225318270000002:125.88837599999999]
tree_sizes=2015 2242 2243 1993 2179 2248 1529

Tree=0
num_leaves=22
num_cat=0
split_feature=25 25 25 25 22 23 23 23 25 22 22 11 19 23 21 21 19 25 21 23 20
split_gain=25.9917 3.7057 3.59361 2.62211 2.30158 0.836136 2.36506 1.3547 0.644833 0.615117 0.349674 0.327304 0.260988 0.171698 0.165642 0.289424 0.127664 0.103602 0.0759938 0.0289919 0.00670287
threshold=96.140862135000006 71.153025215000014 106.28242965000001 88.691554975000017 281.69400000000007 0.9750000000000002 0.22000000000000003 1.9300000000000002 86.024703510000009 241.45850000000004 265.78750000000008 0.93508710607817658 97.375000000000014 0.65500000000000014 1.0750000000000004 1.9750000000000003 90.599998475000021 64.352101320000017 2.3850000000000002 2.3000000000000003 14.234999655000001
decision_type=2 2 2 2 2 2 2 2 2 2 2 2 2 2 2 2 2 2 2 2 2
left_child=1 9 -2 4 5 6 -3 -7 12 11 13 -1 -6 18 -5 -16 -12 -13 -11 -17 -19
right_child=2 3 -4 14 8 7 -8 -9 -10 10 16 17 -14 -15 15 19 -18 20 -20 -21 -22
leaf_value=0.013532120466993612 0.023462771093407886 0.0137616423026068 0.03640209117020398 0.021259991290592875 0.011516270331785238 0.012412708445145087 0.017392593470674924 0.015233615907552117 0.014887075901697557 0.013272130048734282 0.0086314570859262994 0.0074435533890238629 0.0082803012396003087 0.011638266025387679 0.014613492243319325 0.01711342649615465 0.011486874260049077 0.0094876007942001662 0.015135649482697347 0.01933983960982354 0.010962343521077186
leaf_weight=20 40 512 44 20 41 422 234 238 21 70 26 33 78 54 21 20 57 101 25 51 30
leaf_count=20 40 512 44 20 41 422 234 238 21 70 26 33 78 54 21 20 57 101 25 51 30
internal_value=0.0141976 0.0135316 0.0304573 0.0141692 0.0138452 0.0142095 0.0148993 0.0134345 0.0101911 0.0110036 0.0120706 0.00969314 0.00933858 0.0129837 0.0185789 0.0178941 0.0105011 0.00925002 0.0137984 0.0188036 0.00977553
internal_weight=2158 2074 84 1658 1546 1406 746 660 140 416 232 184 119 149 112 92 83 164 95 71 131
internal_count=2158 2074 84 1658 1546 1406 746 660 140 416 232 184 119 149 112 92 83 164 95 71 131
is_linear=0
shrinkage=1


Tree=1
num_leaves=24
num_cat=0
split_feature=25 25 25 25 22 23 23 23 22 25 22 11 24 19 23 17 19 25 24 22 11 11 20
split_gain=24.5126 4.43621 3.33649 1.73715 2.33999 0.970119 2.22192 1.13249 0.623413 0.412269 0.378308 0.331122 0.298722 0.25467 0.186906 0.122516 0.120077 0.116198 0.101993 0.0486951 0.0282241 0.0317209 0.0193452
threshold=94.650746485000013 106.28242965000001 71.440060335000013 88.258941780000015 281.69400000000007 0.9750000000000002 0.22000000000000003 1.9300000000000002 241.45850000000004 85.939961250000025 265.78750000000008 0.93508710607817658 0.26500000000000007 97.375000000000014 0.65500000000000014 0.0020134166640093007 90.599998475000021 64.352101320000017 0.42500000000000004 257.97750000000008 0.94530676874087949 1.0067853975285643 14.234999655000001
decision_type=2 2 2 2 2 2 2 2 2 2 2 2 2 2 2 2 2 2 2 2 2 2 2
left_child=2 19 8 4 5 6 -4 -7 11 13 14 -1 15 -6 18 -5 -12 -13 -10 -2 -14 -22 -19
right_child=1 -3 3 12 9 7 -8 -9 10 -11 16 17 20 -15 -16 -17 -18 22 -20 -21 21 -23 -24
leaf_value=-0.00058952921547967456 0.0098215165212750428 0.021553110535939533 -0.00032797450033451284 -0.00013630937803827691 -0.0026028534487954206 -0.0017429206778650284 0.0032861223293944634 0.00089356740372488269 -0.0008741978764528317 0 -0.0054053915805286831 -0.006557432946913383 0.0028324686597500526 -0.0058107518096055305 -0.0024661140389226634 0.002914790228874023 -0.002660542481451205 -0.0045276666189604832 0.0011747509260934871 0.0064320153129788548 0.0058740243920508556 0.0034824173274636268 -0.0030816763049134844
leaf_weight=22 31 44 489 23 41 415 221 224 81 20 26 33 20 76 57 20 61 106 28 25 33 24 38
leaf_count=22 31 44 489 23 41 415 221 224 81 20 26 33 20 76 57 20 61 106 28 25 33 24 38
internal_value=0 0.0144298 -0.000707695 -6.43656e-05 -0.000347434 3.09699e-05 0.000795797 -0.000814066 -0.0029817 -0.00406843 -0.00195886 -0.00425079 0.00339007 -0.00474362 -0.00108174 0.00124862 -0.00356704 -0.00468314 -0.000314695 0.00850037 0.00451614 0.00499616 -0.00419066
internal_weight=2158 100 2058 1606 1486 1349 710 639 452 137 253 199 120 117 166 43 87 177 109 56 77 57 144
internal_count=2158 100 2058 1606 1486 1349 710 639 452 137 253 199 120 117 166 43 87 177 109 56 77 57 144
is_linear=0
shrinkage=0.03


Tree=2
num_leaves=24
num_cat=0
split_feature=25 25 25 25 22 15 25 22 19 25 22 11 24 19 11 20 19 25 14 22 11 11 20
split_gain=23.1064 4.17377 3.14651 1.63232 2.2147 0.693876 1.20212 0.607725 0.404554 0.387956 0.366114 0.308019 0.281766 0.238739 0.172486 0.117305 0.112775 0.112379 0.0512624 0.0441451 0.0257538 0.0288684 0.0217687
threshold=94.650746485000013 106.28242965000001 71.519892205000019 88.258941780000015 281.69400000000007 0.015394143580467402 76.30469930000001 241.45850000000004 94.935001375000013 85.939961250000025 265.78750000000008 0.93508710607817658 0.26500000000000007 97.375000000000014 0.96659992467893396 18.380000115000005 90.599998475000021 64.352101320000017 0.0094955821171267014 257.97750000000008 0.94530676874087949 1.0067853975285643 14.234999655000001
decision_type=2 2 2 2 2 2 2 2 2 2 2 2 2 2 2 2 2 2 2 2 2 2 2
left_child=2 19 7 4 5 8 -7 11 -4 13 14 -1 15 -6 -9 -5 -12 -13 -16 -2 -14 -22 -19
right_child=1 -3 3 12 9 6 -8 10 -10 -11 16 17 20 -15 18 -17 -18 22 -20 -21 21 -23 -24
leaf_value=-0.00057261228968348836 0.0095360790090635427 0.020920886294047036 -0.0012680202919160492 -0.00014160594390705226 -0.0025266270283609625 -0.00037560721840240431 0.0025822423230740764 0.001169709792253203 6.1403028354917814e-05 0 -0.0052492361201180362 -0.006366496203576817 0.0027515410440308707 -0.0056386930832711905 -0.0024982488889557617 0.002842042538071317 -0.0025820135555470422 -0.0043929745742223329 -0.0010574496302004713 0.0062464762725509132 0.0057029866023975261 0.0033821237477660178 -0.002972625919413276
leaf_weight=22 31 44 346 23 41 277 220 25 497 20 26 33 20 76 35 20 61 107 112 25 33 24 40
leaf_count=22 31 44 346 23 41 277 220 25 497 20 26 33 20 76 35 20 61 107 112 25 33 24 40
internal_value=0 0.0140099 -0.000686945 -5.42174e-05 -0.000330285 4.01435e-05 0.000930234 -0.00286749 -0.000481545 -0.00394923 -0.00187243 -0.00411305 0.00329356 -0.00460422 -0.00103478 0.00121101 -0.0034638 -0.00452365 -0.00143533 0.00825549 0.00438765 0.00485267 -0.00404945
internal_weight=2158 100 2058 1597 1477 1340 497 461 843 137 259 202 120 117 172 43 87 180 147 56 77 57 147
internal_count=2158 100 2058 1597 1477 1340 497 461 843 137 259 202 120 117 172 43 87 180 147 56 77 57 147
is_linear=0
shrinkage=0.03


Tree=3
num_leaves=21
num_cat=0
split_feature=25 25 25 25 22 25 23 23 23 22 22 11 22 23 11 25 11 24 23 24
split_gain=21.7859 3.12333 2.98142 2.16718 1.85299 0.847752 0.78006 2.17014 1.29873 0.572086 0.3451 0.289409 0.201032 0.170055 0.106287 0.105301 0.0996997 0.0931055 0.0665326 0.0214242
threshold=96.140862135000006 71.519892205000019 106.28242965000001 89.850449785000009 281.69400000000007 86.59908110500001 0.9750000000000002 0.22000000000000003 1.9300000000000002 241.45850000000004 265.78750000000008 0.93508710607817658 286.08700000000005 0.65500000000000014 1.0346895313347717 64.352101320000017 1.0409061935716324 0.42500000000000004 2.3000000000000003 0.27500000000000008
decision_type=2 2 2 2 2 2 2 2 2 2 2 2 2 2 2 2 2 2 2 2
left_child=1 9 -2 4 6 12 7 -3 -8 11 13 -1 -6 17 -12 -13 18 -11 -5 -17
right_child=2 3 -4 16 5 -7 8 -9 -10 10 14 15 -14 -15 -16 19 -18 -19 -20 -21
leaf_value=-0.000556180806061172 0.0085006903050149352 -0.00031749456986281208 0.020307207361857097 0.0023460476199747061 -0.0024526328710573059 0.0020698125255959373 -0.0016374071088411277 0.0032915602485008998 0.0010731625649682084 -0.00080320412165822523 -0.0024412798103797487 -0.006181118614533368 -0.0052958933768261756 -0.0023198725831758043 -0.0049653069764375689 -0.0042873880737062005 0.0067188469341823032 0.0011390977529648304 0.0047178799185901886 -0.0029198761798272083
leaf_weight=22 40 486 44 29 41 20 430 215 250 86 58 33 83 58 29 104 20 28 39 43
leaf_count=22 40 486 44 29 41 20 430 215 250 86 58 33 83 58 29 104 20 28 39 43
internal_value=0 -0.000609408 0.0148865 1.16427e-05 -0.000251901 -0.00347862 8.46588e-05 0.000788258 -0.000636356 -0.00278423 -0.00181812 -0.00399311 -0.00440692 -0.00100415 -0.00336358 -0.00439121 0.00456396 -0.000294304 0.0037985 -0.00393007
internal_weight=2158 2074 84 1613 1525 144 1381 701 680 461 259 202 124 172 87 180 88 114 68 147
internal_count=2158 2074 84 1613 1525 144 1381 701 680 461 259 202 124 172 87 180 88 114 68 147
is_linear=0
shrinkage=0.03


Tree=4
num_leaves=23
num_cat=0
split_feature=25 25 25 25 22 23 23 23 22 25 22 15 21 24 23 19 25 24 22 23 25 20
split_gain=20.5476 3.68807 2.79839 1.48315 1.94004 0.788061 2.00127 0.977547 0.504316 0.355179 0.286588 0.280823 0.256092 0.236835 0.144094 0.101426 0.0959425 0.0750559 0.0409284 0.0140489 0.00957913 0.00311457
threshold=94.650746485000013 106.28242965000001 71.286931280000019 88.258941780000015 281.69400000000007 0.9750000000000002 0.22000000000000003 1.9300000000000002 241.45850000000004 78.614833990000008 265.78750000000008 0.018243527139707501 1.9550000000000003 0.43500000000000005 0.65500000000000014 90.599998475000021 68.275479425000015 0.43500000000000005 257.97750000000008 2.3000000000000003 64.352101320000017 14.684999945000003
decision_type=2 2 2 2 2 2 2 2 2 2 2 2 2 2 2 2 2 2 2 2 2 2
left_child=2 18 8 4 5 6 -4 -7 13 -6 14 -11 -5 16 17 -12 20 -10 -2 -14 -1 -18
right_child=1 -3 3 12 9 7 -8 -9 10 11 15 -13 19 -15 -16 -17 21 -19 -20 -21 -22 -23
leaf_value=-0.006001138918540057 0.0090219079926609994 0.019711528277397153 -0.00036627483442953419 0.00094565131640410977 -0.005742248172943408 -0.0016209989738981848 0.0030237182367091487 0.00082804416007983188 -0.00077061357707030502 -0.0034050709032876925 -0.0049569535354773205 0.00044085220890966326 0.0026501118953932415 -0.00065024909377098088 -0.0022692404126684216 -0.0023989860271182604 -0.0037340560704469685 0.0012039802283397875 0.0058714825061078257 0.0044567879140377043 -0.0043696827924251556 -0.002352175116771832
leaf_weight=33 31 44 502 38 51 415 226 224 83 65 26 21 21 20 57 58 32 20 25 61 74 31
leaf_count=33 31 44 502 38 51 415 226 224 83 65 26 21 21 20 57 58 32 20 25 61 74 31
internal_value=0 0.0132117 -0.000647578 -7.32351e-05 -0.000331901 8.13023e-06 0.000684702 -0.000757853 -0.00278473 -0.00372198 -0.0018467 -0.00243719 0.00311987 -0.00395766 -0.00106251 -0.00327503 -0.00432315 -0.000350461 0.00779578 0.00406775 -0.00495153 -0.00314834
internal_weight=2158 100 2058 1624 1504 1367 728 639 434 137 244 86 120 190 160 84 170 103 56 82 107 63
internal_count=2158 100 2058 1624 1504 1367 728 639 434 137 244 86 120 190 160 84 170 103 56 82 107 63
is_linear=0
shrinkage=0.03


Tree=5
num_leaves=24
num_cat=0
split_feature=25 25 25 25 22 23 23 23 22 25 22 11 24 25 11 17 11 25 23 11 11 11 24
split_gain=19.3696 3.46956 2.64924 1.37977 1.85542 0.743503 2.02518 0.920096 0.508123 0.409656 0.306194 0.259917 0.241706 0.159042 0.150417 0.103049 0.0940702 0.0907871 0.0756869 0.0395819 0.0200213 0.0334409 0.0189338
threshold=94.650746485000013 106.28242965000001 71.519892205000019 88.258941780000015 283.52150000000006 0.9750000000000002 0.22000000000000003 1.9300000000000002 241.45850000000004 85.671674195000008 265.78750000000008 0.93508710607817658 0.26500000000000007 78.013580275000024 0.96659992467893396 0.0020134166640093007 1.0346895313347717 64.352101320000017 0.65500000000000014 1.0636274044988752 0.94530676874087949 1.0057162812747393 0.27500000000000008
decision_type=2 2 2 2 2 2 2 2 2 2 2 2 2 2 2 2 2 2 2 2 2 2 2
left_child=2 19 8 4 5 6 -4 -7 11 13 14 -1 15 -6 -10 -5 -12 -13 -16 -2 -14 -22 -19
right_child=1 -3 3 12 9 7 -8 -9 10 -11 16 17 20 -15 18 -17 -18 22 -20 -21 21 -23 -24
leaf_value=-0.00050598096934592596 0.0053531277467097549 0.019133324400583903 -0.00036149982782504727 -0.00016539321678283157 -0.0065174586276213328 -0.0015724859159739794 0.0031029789309961614 0.00080331324540389084 0.0011053169967535023 0 -0.0023003331317361128 -0.005826400101184845 0.0025305728209870202 -0.0035923749093638093 -0.00071071142241222937 0.0026263662555388039 -0.0046877935245633121 -0.0040531571562268899 -0.0021872240148358424 0.0085445925907508737 0.0053507500832731076 0.0030653516650199887 -0.0027482160957191478
leaf_weight=22 20 44 507 23 35 415 215 224 25 21 58 33 20 60 89 20 29 104 58 36 32 25 43
leaf_count=22 20 44 507 23 35 415 215 224 25 21 58 33 20 60 89 20 29 104 58 36 32 25 43
internal_value=0 0.0128274 -0.000628734 -4.79979e-05 -0.000301963 7.48376e-06 0.000668882 -0.000735014 -0.00262957 -0.0039273 -0.00171779 -0.00376965 0.00302975 -0.00475795 -0.000949549 0.0010951 -0.00317447 -0.00414696 -0.00132439 0.00757133 0.00404379 0.00447024 -0.00371286
internal_weight=2158 100 2058 1597 1477 1361 722 639 461 116 259 202 120 95 172 43 87 180 147 56 77 57 147
internal_count=2158 100 2058 1597 1477 1361 722 639 461 116 259 202 120 95 172 43 87 180 147 56 77 57 147
is_linear=0
shrinkage=0.03


Tree=6
num_leaves=16
num_cat=0
split_feature=23 20 23 21 19 19 19 10 11 21 16 21 11 23 11
split_gain=13.0331 3.47669 1.86756 1.93244 1.4309 1.10759 0.872872 0.481904 0.400293 0.35844 0.247706 0.245182 0.169561 0.0115488 0.00650442
threshold=0.055000000000000007 40.194999695000007 2.1600000000000006 1.155 95.764999390000014 82.810001375000013 97.305000305000007 0.96998049070709957 1.0558297632506184 2.6050000000000004 55.157886893982301 2.8450000000000002 1.0043094580929188 0.095000000000000015 0.9694459569749162
decision_type=2 2 2 2 2 2 2 2 2 2 2 2 2 2 2
left_child=10 2 3 4 8 13 9 -7 -2 -4 -1 -11 14 -5 -8
right_child=1 -3 6 5 -6 7 12 -9 -10 11 -12 -13 -14 -15 -16
leaf_value=0.019072701141238213 0.002069084927326114 0.011523433339866725 0.0027567978193983439 -0.005453164790635524 0.0070729196445971001 4.2362837388490098e-05 0.0063853405100078534 -0.0012218354298563748 -0.0010947009154007815 -0.0015322382042762793 0.011920566082000731 0.0012378665566409252 0.0017435962827876208 -0.003396527789533138 0.0043386834950039262
leaf_weight=23 81 21 51 45 40 340 25 1259 62 61 20 52 20 21 37
leaf_count=23 81 21 51 45 40 340 25 1259 62 61 20 52 20 21 37
internal_value=0 -0.000335523 -0.000461328 -0.000789588 0.00212331 -0.00111263 0.00198569 -0.000951292 0.000678464 0.000690677 0.0161608 -0.000231507 0.00450005 -0.00490402 0.00529982
internal_weight=2158 2115 2094 1848 183 1665 246 1599 143 164 43 113 82 66 62
internal_count=2158 2115 2094 1848 183 1665 246 1599 143 164 43 113 82 66 62
is_linear=0
shrinkage=0.03


end of trees

feature_importances:
Gold_Silver_Ratio=39
Fed_Funds_Rate=26
CPI_Inflation=22
Close_to_MA_50=20
USD_Index=11
Real_Yield_10Y=9
US_10Y_Yield=7
VIX=6
Rolling_Std_20=2
MACD_Pct=2
Close_to_MA_20=1
Rolling_Std_10=1
RSI_14=1

parameters:
[boosting: gbdt]
[objective: regression]
[metric: l2]
[tree_learner: serial]
[device_type: cpu]
[data_sample_strategy: bagging]
[data: ]
[valid: ]
[num_iterations: 200]
[learning_rate: 0.03]
[num_leaves: 31]
[num_threads: 20]
[seed: 42]
[deterministic: 0]
[force_col_wise: 0]
[force_row_wise: 0]
[histogram_pool_size: -1]
[max_depth: 6]
[min_data_in_leaf: 20]
[min_sum_hessian_in_leaf: 0.001]
[bagging_fraction: 0.8]
[pos_bagging_fraction: 1]
[neg_bagging_fraction: 1]
[bagging_freq: 0]
[bagging_seed: 400]
[bagging_by_query: 0]
[feature_fraction: 0.8]
[feature_fraction_bynode: 1]
[feature_fraction_seed: 30056]
[extra_trees: 0]
[extra_seed: 12879]
[early_stopping_round: 0]
[early_stopping_min_delta: 0]
[first_metric_only: 0]
[max_delta_step: 0]
[lambda_l1: 0.1]
[lambda_l2: 1]
[linear_lambda: 0]
[min_gain_to_split: 0]
[drop_rate: 0.1]
[max_drop: 50]
[skip_drop: 0.5]
[xgboost_dart_mode: 0]
[uniform_drop: 0]
[drop_seed: 17869]
[top_rate: 0.2]
[other_rate: 0.1]
[min_data_per_group: 100]
[max_cat_threshold: 32]
[cat_l2: 10]
[cat_smooth: 10]
[max_cat_to_onehot: 4]
[top_k: 20]
[monotone_constraints: ]
[monotone_constraints_method: basic]
[monotone_penalty: 0]
[feature_contri: ]
[forcedsplits_filename: ]
[refit_decay_rate: 0.9]
[cegb_tradeoff: 1]
[cegb_penalty_split: 0]
[cegb_penalty_feature_lazy: ]
[cegb_penalty_feature_coupled: ]
[path_smooth: 0]
[interaction_constraints: ]
[verbosity: -1]
[saved_feature_importance_type: 0]
[use_quantized_grad: 0]
[num_grad_quant_bins: 4]
[quant_train_renew_leaf: 0]
[stochastic_rounding: 1]
[linear_tree: 0]
[max_bin: 255]
[max_bin_by_feature: ]
[min_data_in_bin: 3]
[bin_construct_sample_cnt: 200000]
[data_random_seed: 175]
[is_enable_sparse: 1]
[enable_bundle: 1]
[use_missing: 1]
[zero_as_missing: 0]
[feature_pre_filter: 1]
[pre_partition: 0]
[two_round: 0]
[header: 0]
[label_column: ]
[weight_column: ]
[group_column: ]
[ignore_column: ]
[categorical_feature: ]
[forcedbins_filename: ]
[precise_float_parser: 0]
[parser_config_file: ]
[objective_seed: 16083]
[num_class: 1]
[is_unbalance: 0]
[scale_pos_weight: 1]
[sigmoid: 1]
[boost_from_average: 1]
[reg_sqrt: 0]
[alpha: 0.9]
[fair_c: 1]
[poisson_max_delta_step: 0.7]
[tweedie_variance_power: 1.5]
[lambdarank_truncation_level: 30]
[lambdarank_norm: 1]
[label_gain: ]
[lambdarank_position_bias_regularization: 0]
[eval_at: ]
[multi_error_top_k: 1]
[auc_mu_weights: ]
[num_machines: 1]
[local_listen_port: 12400]
[time_out: 120]
[machine_list_filename: ]
[machines: ]
[gpu_platform_id: -1]
[gpu_device_id: -1]
[gpu_device_id_list: ]
[gpu_use_dp: 0]
[num_gpu: 1]

end of parameters

pandas_categorical:[]
