tree
version=v4
num_class=1
num_tree_per_iteration=1
label_index=0
max_feature_idx=27
objective=regression
feature_names=Return Log_Return Ret_Lag_1 Ret_Lag_2 Ret_Lag_3 Ret_Lag_5 Ret_Lag_10 Daily_Range_Pct Close_to_MA_5 Close_to_MA_10 Close_to_MA_20 Close_to_MA_50 Close_to_EMA_10 Close_to_EMA_20 Rolling_Std_10 Rolling_Std_20 RSI_14 MACD_Pct Volume_to_MA_10 USD_Index US_10Y_Yield VIX CPI_Inflation USDA_WASDE_Stocks Precipitation_KeyRegions Temperature_Anomaly_KeyRegions Planting_Progress_Pct Export_Sales
feature_infos=[-0.1068233643220487:0.21776098252243731] [-0.1129709173542847:0.19701391236426749] [-0.1068233643220487:0.21776098252243731] [-0.1068233643220487:0.21776098252243731] [-0.1068233643220487:0.21776098252243731] [-0.1068233643220487:0.21776098252243731] [-0.1068233643220487:0.21776098252243731] [0:0.1318851823118696] [0.84955297096289262:1.2587276011913482] [0.89015151515151514:1.3770631910688531] [0.81774046076777451:1.5471457454170454] [0.74836538144242415:1.7154945173986833] [0.89585158866229841:1.3148350932670614] [0.83851220122397296:1.4389864811421575] [0.0046694959248203003:0.1066195432533204] [0.0065568448117416999:0.079455399387556899] [18.985032428732001:87.668664699449806] [-0.026393370433859701:0.044132612988063702] [0:9.9206634602396004] [79.77999878:114.11000060000001] [0.52000000000000002:4.25] [9.1400003430000005:82.690002440000001] [234.74700000000001:298.786] [188.61000000000001:321.44999999999999] [0.17253421199999999:4.7756856670000003] [-6.4705817689999998:4.357689594] [1:98] [0:2540376]
tree_sizes=2142 2531 2897 2768 2537 2635 2566

Tree=0
num_leaves=23
num_cat=0
split_feature=15 22 19 15 15 19 16 22 19 22 27 15 17 16 20 14 20 25 25 16 20 20
split_gain=1.29474 1.66647 1.36127 0.438471 0.499081 0.502046 0.442495 0.333118 0.271229 0.244005 0.24356 0.19283 0.334414 0.375029 0.150311 0.150282 0.143233 0.0909098 0.0894635 0.0686325 0.042049 0.0311037
threshold=0.023976237755223704 281.69400000000007 100.34000015000002 0.0098140156052885525 0.015785911485069703 93.555000305000007 44.303402020355399 236.99200000000005 84.27000046000002 245.80900000000003 387567.00000000006 0.032191267180230708 -0.0031994948827931496 58.237369815794956 2.5750000000000006 0.030686206604155001 2.2950000000000004 -0.11112612149999999 0.079744514000000002 52.665879598201855 2.9350000000000005 1.8250000000000004
decision_type=2 2 2 2 2 2 2 2 2 2 2 2 2 2 2 2 2 2 2 2 2 2
left_child=1 3 -3 14 5 8 9 -8 -5 -6 -7 12 17 15 21 19 -15 -2 -13 -14 -18 -1
right_child=11 2 -4 4 6 10 7 -9 -10 -11 -12 18 13 16 -16 -17 20 -19 -20 -21 -22 -23
leaf_value=0.0065883442831530074 0.0058878105181225764 0.016646955436706318 0.008455911907089407 0.006997746401405526 0.0080878844864971031 0.0076036345575314452 0.0052993481157042393 0.0076663774093099577 0.010299272164869299 0.0099364710585729179 0.0088705979429439443 0.0066309559711795231 0.0098946899460172141 0.0073248302125860591 0.0045779453473875978 0.0058990879869976268 0.0029478910957366281 0.0028793816207838552 0.0089851243036879642 0.007823628434575727 0.0054403925319105439 0.008110549458125239
leaf_weight=25 20 38 36 23 137 229 58 675 224 115 330 30 28 20 35 20 24 40 25 24 24 22
leaf_count=25 20 38 36 23 137 229 58 675 224 115 330 30 28 20 35 20 24 40 25 24 24 22
internal_value=0.00811055 0.00837414 0.0127599 0.00819688 0.0082971 0.00885124 0.00784641 0.00747142 0.0099765 0.00892351 0.00834624 0.00610478 0.005671 0.00652761 0.00606815 0.00808488 0.00494648 0.00378013 0.00775111 0.00889483 0.00405299 0.00729085
internal_weight=2202 1947 74 1873 1791 806 985 733 247 252 559 255 200 140 82 72 68 60 55 52 48 47
internal_count=2202 1947 74 1873 1791 806 985 733 247 252 559 255 200 140 82 72 68 60 55 52 48 47
is_linear=0
shrinkage=1


Tree=1
num_leaves=27
num_cat=0
split_feature=11 23 22 19 15 17 19 11 23 15 15 20 20 18 19 26 14 23 11 13 21 9 7 14 22 25
split_gain=1.43189 1.31345 1.35912 0.944727 0.768605 0.549656 0.371844 0.376023 0.370094 0.353622 0.331358 0.336363 0.318248 0.314631 0.313667 0.226253 0.196195 0.0590258 0.0529027 0.0464085 0.0423079 0.0390074 0.0305843 0.0165948 0.0134162 0.0126203
threshold=1.0778270864669455 268.27500000000003 281.69400000000007 98.295001985000013 0.024250423299486502 0.0017939018148632002 94.844997405000015 0.99092114034984402 267.92000000000002 0.0093812719252883512 0.019328347695767256 2.3050000000000002 2.1150000000000007 0.46114306665944216 82.810001375000013 79.500000000000014 0.019420119156154155 267.43000000000001 1.1156287467684647 0.97683660797123995 24.934999465000001 1.0381739827517518 0.037179241788700808 0.023455273974288305 267.49850000000004 -0.44403738349999994
decision_type=2 2 2 2 2 2 2 2 2 2 2 2 2 2 2 2 2 2 2 2 2 2 2 2 2 2
left_child=1 4 6 -4 9 17 7 24 16 -1 11 -8 13 -11 -14 -9 -2 20 21 -12 -6 25 -20 -18 -3 -10
right_child=8 2 3 -5 5 -7 10 15 18 12 19 -13 14 -15 -16 -17 23 -19 22 -21 -22 -23 -24 -25 -26 -27
leaf_value=-0.0029087371488209237 -0.0010564653452915641 0.0035439034866867588 0.0084567183476848239 0.001224360183092358 -0.0034103794656693931 8.1985300442633712e-05 0.00019088966946219442 0.0023652809271178044 -0.0016332727414758307 0.000955518743653582 -4.4038222038320118e-05 0.0030455337508795009 -0.0021001165151365883 -0.0013082162228465195 0.00050342629246375857 0.00029421844380779255 -0.0031661191243678331 -0.0027555502860673832 -0.002405986350746109 -0.0018631704771747957 -0.006303950810804964 0.00034468003662885169 -0.00086243196054091383 -0.0049740550425713473 0.0022089955441653725 -0.00049619223396681869
leaf_weight=38 25 63 37 31 20 38 231 67 22 69 20 44 43 244 688 173 29 27 38 64 23 24 30 45 34 35
leaf_count=38 25 63 37 31 20 38 231 67 22 69 20 44 43 244 688 173 29 27 38 64 23 24 30 45 34 35
internal_value=0 0.000272386 0.00124313 0.00526862 -0.000348852 -0.00275111 0.00083854 0.00155372 -0.00214313 -0.000103981 0.000156401 0.000667882 0 -0.000798174 0.000343519 0.000892254 -0.00357258 -0.00431082 -0.00115587 -0.00147095 -0.00513438 -0.000570868 -0.00179085 -0.0043572 0.00313393 -0.00100738
internal_weight=2202 1954 764 68 1190 108 696 337 248 1082 359 275 1044 313 731 240 99 70 149 84 43 81 68 74 97 57
internal_count=2202 1954 764 68 1190 108 696 337 248 1082 359 275 1044 313 731 240 99 70 149 84 43 81 68 74 97 57
is_linear=0
shrinkage=0.03


Tree=2
num_leaves=31
num_cat=0
split_feature=11 23 15 17 20 21 20 10 15 23 15 23 20 19 18 21 11 14 11 11 19 23 23 11 21 19 7 21 17 14
split_gain=1.35147 1.23898 0.725428 0.519585 0.430192 1.17187 0.860769 0.483938 0.35975 0.348505 0.334433 0.2947 0.277906 0.371784 0.296342 0.226133 0.190944 0.184299 0.172403 0.064936 0.0640502 0.0633686 0.0551003 0.0497416 0.0389065 0.0339217 0.0284728 0.0229563 0.0151627 0.0147225
threshold=1.0778270864669455 268.27500000000003 0.024250423299486502 0.0017939018148632002 1.6650000000000003 18.054999355000003 2.7250000000000005 0.99542174605676148 0.017954364503275002 267.92000000000002 0.0086638204921098017 315.46500000000003 2.1150000000000007 82.810001375000013 0.46114306665944216 21.335000035000004 1.0284474030706374 0.019420119156154155 0.97963727975127257 1.0176101277488201 99.005001070000006 319.91000000000003 267.43000000000001 1.1156287467684647 24.934999465000001 97.055000305000007 0.037179241788700808 14.025000095000001 0.0035520187512234503 0.023455273974288305
decision_type=2 2 2 2 2 2 2 2 2 2 2 2 2 2 2 2 2 2 2 2 2 2 2 2 2 2 2 2 2 2
left_child=1 2 10 22 11 8 7 -7 16 17 -1 15 14 -14 -12 18 -6 -2 -3 -8 -17 -13 24 25 -4 28 -25 -10 -11 -19
right_child=9 4 3 -5 5 6 19 -9 27 23 12 21 13 -15 -16 20 -18 29 -20 -21 -22 -23 -24 26 -26 -27 -28 -29 -30 -31
leaf_value=-0.0037629320188002149 -0.0010259903497420824 0.0021774406056385485 -0.0033129400302256856 7.9588800417975739e-05 0.0024049658946443137 0.0044969998448311042 0.0025250106592263491 0.010543883100152016 -0.0020117814025745308 -0.0013902282025665044 0.00092726267400513663 0.0023394524930965502 -0.0021740825697026379 0.00047254930021662999 -0.0012691299254058062 -0.00023651357372360545 0.00031435871185833371 -0.0030743016783148047 0.0002004374882310961 4.1196176007835425e-05 -0.0016018255059700459 0.00046533164733813869 -0.0026758360998438936 -0.0023356575179271973 -0.0061227122712880378 0.00040407091456914456 -0.0008373935808457675 -0.00044203305269845512 -0.00026894528327684386 -0.004828077211490144
leaf_weight=21 25 59 20 38 89 35 20 23 28 32 69 85 50 698 244 100 77 29 130 22 49 26 27 38 23 20 30 21 29 45
leaf_count=21 25 59 20 38 89 35 20 23 28 32 69 85 50 698 244 100 77 29 130 22 49 26 27 38 23 20 30 21 29 45
internal_value=0 0.00026434 -0.000338972 -0.00267281 0.00120719 0.00205955 0.00473186 0.00708382 0.000786576 -0.00208236 -0.000100996 0.000599292 -2.22172e-05 0.000288964 -0.000773976 0.00014727 0.00146088 -0.00346996 0.000841599 0.00132495 -0.000713194 0.00193533 -0.0041893 -0.0011234 -0.00498902 -0.000554395 -0.00173985 -0.00142133 -0.000918482 -0.00423094
internal_weight=2202 1954 1190 108 764 315 100 58 215 248 1082 449 1061 748 313 338 166 99 189 42 149 111 70 149 43 81 68 49 61 74
internal_count=2202 1954 1190 108 764 315 100 58 215 248 1082 449 1061 748 313 338 166 99 189 42 149 111 70 149 43 81 68 49 61 74
is_linear=0
shrinkage=0.03


Tree=3
num_leaves=30
num_cat=0
split_feature=23 22 19 14 16 14 20 13 19 23 19 19 19 22 19 16 23 14 21 22 17 14 23 20 14 16 27 16 22
split_gain=1.10497 0.672684 1.58507 0.565341 0.526945 0.289901 0.286276 0.273978 0.299171 0.470794 0.254402 0.246382 0.363509 0.168854 0.16395 0.233289 0.15602 0.14258 0.129296 0.10745 0.0925408 0.088353 0.0784307 0.127731 0.0781891 0.035474 0.0333725 0.0166198 0.00079151
threshold=268.27500000000003 281.69400000000007 97.384998320000008 0.025305858117656503 44.303402020355399 0.018592395902202453 3.2250000000000005 1.0418033074313422 82.810001375000013 193.93000000000004 98.514999390000014 95.465000150000023 105.12500000000001 244.21800000000005 94.844997405000015 62.325786723029701 286.48500000000007 0.030907841871999155 27.090000155000002 260.15800000000007 5.3270950313088241e-05 0.019176655964755002 290.59000000000009 1.6650000000000003 0.019321288625173703 68.9520332697805 478389.00000000006 47.251802189933578 241.45850000000004
decision_type=2 2 2 2 2 2 2 2 2 2 2 2 2 2 2 2 2 2 2 2 2 2 2 2 2 2 2 2 2
left_child=3 4 5 6 10 -3 7 8 26 -10 22 -5 13 -13 15 19 27 -4 -18 -6 -14 -9 24 -24 -2 -17 -1 -16 -23
right_child=1 2 17 11 14 -7 -8 21 9 -11 -12 12 20 -15 16 25 18 -19 -20 -21 -22 28 23 -25 -26 -27 -28 -29 -30
leaf_value=-0.0011456039681285619 0.0021179883218865143 0.0043707142434847935 0.001415339640836464 -0.00022606129838937994 0.0019755088600650196 0.010169824069196528 -0.0038306980308677467 -0.0005971140735782683 0.0031612740626558665 -0.0001598388497460196 -0.00032000575830730106 -0.0023234419981017708 -0.0022909800470806655 -0.006223844054428971 -0.0007626450751619093 -0.00030079367307351076 0.00037323839768260432 -0.0013304060794471296 -0.0014484241625410503 0.00054476748761970908 0.00035042265077520692 -0.003349959936663508 0.0022008226067293437 0.0052245495276791705 0 -0.001695842077495763 -0.0030033242914360016 -0.0019579375751474695 -0.0019709245507480004
leaf_weight=24 63 20 35 37 71 21 20 33 39 960 38 21 23 33 28 53 157 31 44 169 20 24 59 20 22 29 31 52 25
leaf_count=24 63 20 35 37 71 21 20 33 39 960 38 21 23 33 28 53 157 31 44 169 20 24 59 20 22 29 31 52 25
internal_value=0 0.000797746 0.00302686 -0.000565904 0.000494344 0.00758384 -0.000348004 -0.000280735 -0.000146825 -2.41542e-05 0.00181678 -0.00240697 -0.00319746 -0.00483139 4.40963e-05 0.000509997 -0.00047906 8.02871e-05 -1.58783e-05 0.000986917 -0.0010142 -0.00194331 0.00232902 0.00305956 0.00158747 -0.000844797 -0.00228119 -0.0015912 -0.00275986
internal_weight=2202 912 107 1290 805 41 1156 1136 1054 999 202 134 97 54 603 322 281 66 201 240 43 82 164 79 85 82 55 80 49
internal_count=2202 912 107 1290 805 41 1156 1136 1054 999 202 134 97 54 603 322 281 66 201 240 43 82 164 79 85 82 55 80 49
is_linear=0
shrinkage=0.03


Tree=4
num_leaves=27
num_cat=0
split_feature=11 23 22 19 15 21 17 16 15 23 26 20 19 18 19 19 23 14 26 23 11 27 26 19 12 14
split_gain=1.23417 1.10536 1.14756 0.80392 0.656353 0.521011 0.4752 0.322019 0.313264 0.312186 0.306915 0.26036 0.334779 0.278115 0.200699 0.192128 0.174122 0.164002 0.11182 0.0514828 0.0459338 0.0503228 0.031437 0.0309386 0.0199305 0.0178821
threshold=1.0778270864669455 268.27500000000003 281.69400000000007 100.34000015000002 0.024250423299486502 22.829999920000002 0.0017939018148632002 43.47540790103492 0.0086638204921098017 267.92000000000002 80.500000000000014 2.1150000000000007 82.810001375000013 0.46114306665944216 98.514999390000014 98.880001070000006 288.18000000000001 0.019239756838569204 84.500000000000014 267.43000000000001 1.1156287467684647 383668.50000000006 95.500000000000014 97.055000305000007 1.0295523827390667 0.023455273974288305
decision_type=2 2 2 2 2 2 2 2 2 2 2 2 2 2 2 2 2 2 2 2 2 2 2 2 2 2
left_child=1 4 7 5 8 -4 19 14 -1 17 15 13 -13 -10 18 -9 -12 -2 -3 22 23 -22 -6 24 -11 -19
right_child=9 2 3 -5 6 -7 -8 10 11 20 16 12 -14 -15 -16 -17 -18 25 -20 -21 21 -23 -24 -25 -26 -27
leaf_value=-0.0036350881531834601 -0.00086486711440375075 0.0042952067363262172 0.0036423826538957652 0.00026568692577537146 -0.0059355220828544017 0.010639051898636603 9.1196862479241982e-05 0.0021006034472592825 0.00090476751354789096 -0.0013166711226612708 -0.00083905816213302917 -0.0020501961967743492 0.00046063675739164885 -0.0012225322516864587 -0.00013833700993231364 -0.00074176617331802848 0.00046846648329668442 -0.0028850473753991536 0.0018964464711248876 -0.0025250851325690745 -0.000526659064701405 -0.0023717570763263033 -0.0032987592485935789 0.00037874241431044148 -6.1564677413552982e-05 -0.0045959077647522734
leaf_weight=21 23 24 23 24 21 21 38 114 69 37 154 50 698 244 34 24 222 31 124 27 28 40 22 20 24 45
leaf_count=21 23 24 23 24 21 21 38 114 69 37 154 50 698 244 34 24 222 31 124 27 28 40 22 20 24 45
internal_value=0 0.000252082 0.00114268 0.0048423 -0.000317659 0.00721059 -0.0025376 0.000770493 -9.11667e-05 -0.00199046 0.000377552 -1.48414e-05 0.000286282 -0.000742633 0.00185571 0.00158292 -5.99098e-05 -0.0033049 0.00233179 -0.0039881 -0.00108089 -0.00167413 -0.00476029 -0.000531939 -0.000880204 -0.00398355
internal_weight=2202 1954 764 68 1190 44 108 696 1082 248 514 1061 748 313 182 138 376 99 148 70 149 68 43 81 61 76
internal_count=2202 1954 764 68 1190 44 108 696 1082 248 514 1061 748 313 182 138 376 99 148 70 149 68 43 81 61 76
is_linear=0
shrinkage=0.03


Tree=5
num_leaves=28
num_cat=0
split_feature=11 23 22 19 15 11 19 11 15 23 15 13 20 20 18 19 26 15 20 11 13 9 7 14 25 19 18
split_gain=1.16481 1.0427 1.08427 0.758037 0.620703 0.418325 0.313591 0.320196 0.296444 0.293986 0.280835 0.279765 0.278631 0.26107 0.261957 0.248309 0.200027 0.155458 0.098037 0.0432001 0.0364392 0.033484 0.0250772 0.0227452 0.0223158 0.0142138 0.011155
threshold=1.0778270864669455 268.27500000000003 281.69400000000007 100.34000015000002 0.024354682154818754 0.93597718018346721 94.844997405000015 0.99092114034984402 0.0093812719252883512 267.92000000000002 0.019328347695767256 0.99551180040660714 2.3050000000000002 2.1150000000000007 0.46114306665944216 82.810001375000013 79.500000000000014 0.017859119746297201 2.8750000000000004 1.1156287467684647 0.97683660797123995 1.0381739827517518 0.037179241788700808 0.023455273974288305 -0.32680372699999999 90.729999540000009 0.90511577248987185
decision_type=2 2 2 2 2 2 2 2 2 2 2 2 2 2 2 2 2 2 2 2 2 2 2 2 2 2 2
left_child=1 4 6 11 8 18 7 25 -1 17 12 -4 -8 14 -10 -15 -9 -2 -6 21 -12 26 -21 -19 -7 -3 -11
right_child=9 2 3 -5 5 24 10 16 13 19 20 -13 -14 15 -16 -17 -18 23 -20 22 -22 -23 -24 -25 -26 -27 -28
leaf_value=-0.002659905778378463 -0.00062311555438541945 0.0016802069604720756 0.0040666664733359104 0.00025803516061976553 0.00083041144467683309 -0.0026841060439390793 0.00015713890882780733 0.0021772567741812536 0.00087801222966185633 -0.0013704444039962253 -8.5899307542214431e-05 0.009509875718018283 0.0027563486666418611 -0.0018595515829299323 -0.0011860059523446562 0.00045533344262770634 0.00023020986294582612 -0.002763229932316712 -0.0018378510312600568 -0.002187808509629506 -0.0017266733022836538 0.00032615355769637972 -0.00077103605427809299 -0.0044610277799808466 -0.0048134415121032642 0.0031437458026308666 -0.0003234810480237778
leaf_weight=38 20 22 22 24 26 20 231 67 69 29 20 22 44 43 244 691 173 34 21 38 64 24 30 45 38 75 28
leaf_count=38 20 22 22 24 26 20 231 67 69 29 20 22 44 43 244 691 173 34 21 38 64 24 30 45 38 75 28
internal_value=-1.84442e-07 0.000244586 0.0011096 0.00470596 -0.000308714 -0.00250096 0.000747681 0.00140438 -9.1691e-05 -0.00193403 0.000120706 0.00700579 0.000592362 1.10675e-06 -0.000720097 0.000313293 0.000792987 -0.00321006 -0.000312742 -0.00105045 -0.00137691 -0.000516347 -0.00162647 -0.0038115 -0.00418797 0.00286295 -0.000922315
internal_weight=2202 1954 764 68 1190 105 696 337 1085 248 359 44 275 1047 313 734 240 99 47 149 84 81 68 79 58 97 57
internal_count=2202 1954 764 68 1190 105 696 337 1085 248 359 44 275 1047 313 734 240 99 47 149 84 81 68 79 58 97 57
is_linear=0
shrinkage=0.03


Tree=6
num_leaves=28
num_cat=0
split_feature=23 22 19 10 22 17 13 14 27 19 23 18 23 19 13 27 22 14 20 19 14 19 17 22 23 12 25
split_gain=0.92747 0.572558 1.34345 0.505697 0.425923 0.601047 0.371422 0.276106 0.243787 0.2145 0.471538 0.170657 0.18077 0.161316 0.219653 0.160207 0.125303 0.124532 0.110649 0.100363 0.0881154 0.0880046 0.113814 0.0867842 0.0862625 0.0452447 0.0295653
threshold=268.27500000000003 281.69400000000007 97.384998320000008 1.0617525093826548 253.04550000000003 0.0022053632810691503 0.97613550038659613 0.018592395902202453 153112.50000000003 82.810001375000013 193.93000000000004 0.52188476152852459 267.43000000000001 94.844997405000015 1.0377178681393484 435090.00000000006 237.48750000000004 0.030907841871999155 2.3050000000000002 91.795001985000013 0.023096875928092803 98.514999390000014 -0.0074922426372042491 256.03400000000005 290.59000000000009 0.96397817310119638 0.83829819150000007
decision_type=2 2 2 2 2 2 2 2 2 2 2 2 2 2 2 2 2 2 2 2 2 2 2 2 2 2 2
left_child=3 6 7 4 8 11 21 -3 -1 16 -11 -6 -13 14 19 23 -10 -4 -17 -8 -5 22 25 -15 -24 -2 -16
right_child=1 2 17 20 5 -7 13 -9 9 10 -12 12 -14 15 26 18 -18 -19 -20 -21 -22 -23 24 -25 -26 -27 -28
leaf_value=-0.002999399107363489 -0.00015597100090235472 0.0038856275131526801 0.0013212785736735288 -0.0018019387051840688 -0.00072446834801635502 0.0012670653605212766 0.00019068071735586892 0.009484708334911952 -0.0026873905731957743 0.0030776485204696653 -0.00013336703486966031 -0.0060445536772410083 -0.002616696935850493 -0.0021205262301117181 -0.0012395338169371823 -2.2554827812574292e-05 0 -0.0012445699695817893 0.002198593713687328 0.0014674702862090582 -0.004290912753436715 0 0.0015773445921385782 -0.00051198593132216854 0.0036304035887451788 0.0016654903424704181 0
leaf_weight=26 23 20 35 36 22 35 93 21 43 42 960 26 46 49 47 145 23 31 22 163 31 21 48 97 45 20 32
leaf_count=26 23 20 35 36 22 35 93 21 43 42 960 26 46 49 47 145 23 31 22 163 31 21 48 97 45 20 32
internal_value=-2.59032e-07 0.000730179 0.00278705 -0.000519151 -0.000376015 -0.00200182 0.00044994 0.00698242 -0.000179915 -0.000105728 1.16966e-06 -0.00325106 -0.00396148 0.000126737 0.000586841 -0.000356453 -0.00174919 7.07431e-05 0.00026354 0.00101786 -0.00304384 0.00175569 0.002033 -0.001083 0.00263073 0.000641636 -0.00076763
internal_weight=2202 912 107 1290 1223 129 805 41 1094 1068 1002 94 72 648 335 313 66 66 167 256 67 157 136 146 93 43 79
internal_count=2202 912 107 1290 1223 129 805 41 1094 1068 1002 94 72 648 335 313 66 66 167 256 67 157 136 146 93 43 79
is_linear=0
shrinkage=0.03


end of trees

feature_importances:
USD_Index=29
USDA_WASDE_Stocks=22
Rolling_Std_10=16
Rolling_Std_20=16
US_10Y_Yield=16
CPI_Inflation=15
Close_to_MA_50=14
RSI_14=8
MACD_Pct=8
VIX=7
Close_to_EMA_20=6
Volume_to_MA_10=6
Temperature_Anomaly_KeyRegions=5
Planting_Progress_Pct=5
Export_Sales=5
Daily_Range_Pct=3
Close_to_MA_10=2
Close_to_MA_20=2
Close_to_EMA_10=2

parameters:
[boosting: gbdt]
[objective: regression]
[metric: l2]
[tree_learner: serial]
[device_type: cpu]
[data_sample_strategy: bagging]
[data: ]
[valid: ]
[num_iterations: 200]
[learning_rate: 0.03]
[num_leaves: 31]
[num_threads: 20]
[seed: 42]
[deterministic: 0]
[force_col_wise: 0]
[force_row_wise: 0]
[histogram_pool_size: -1]
[max_depth: 6]
[min_data_in_leaf: 20]
[min_sum_hessian_in_leaf: 0.001]
[bagging_fraction: 0.8]
[pos_bagging_fraction: 1]
[neg_bagging_fraction: 1]
[bagging_freq: 0]
[bagging_seed: 400]
[bagging_by_query: 0]
[feature_fraction: 0.8]
[feature_fraction_bynode: 1]
[feature_fraction_seed: 30056]
[extra_trees: 0]
[extra_seed: 12879]
[early_stopping_round: 0]
[early_stopping_min_delta: 0]
[first_metric_only: 0]
[max_delta_step: 0]
[lambda_l1: 0.1]
[lambda_l2: 1]
[linear_lambda: 0]
[min_gain_to_split: 0]
[drop_rate: 0.1]
[max_drop: 50]
[skip_drop: 0.5]
[xgboost_dart_mode: 0]
[uniform_drop: 0]
[drop_seed: 17869]
[top_rate: 0.2]
[other_rate: 0.1]
[min_data_per_group: 100]
[max_cat_threshold: 32]
[cat_l2: 10]
[cat_smooth: 10]
[max_cat_to_onehot: 4]
[top_k: 20]
[monotone_constraints: ]
[monotone_constraints_method: basic]
[monotone_penalty: 0]
[feature_contri: ]
[forcedsplits_filename: ]
[refit_decay_rate: 0.9]
[cegb_tradeoff: 1]
[cegb_penalty_split: 0]
[cegb_penalty_feature_lazy: ]
[cegb_penalty_feature_coupled: ]
[path_smooth: 0]
[interaction_constraints: ]
[verbosity: -1]
[saved_feature_importance_type: 0]
[use_quantized_grad: 0]
[num_grad_quant_bins: 4]
[quant_train_renew_leaf: 0]
[stochastic_rounding: 1]
[linear_tree: 0]
[max_bin: 255]
[max_bin_by_feature: ]
[min_data_in_bin: 3]
[bin_construct_sample_cnt: 200000]
[data_random_seed: 175]
[is_enable_sparse: 1]
[enable_bundle: 1]
[use_missing: 1]
[zero_as_missing: 0]
[feature_pre_filter: 1]
[pre_partition: 0]
[two_round: 0]
[header: 0]
[label_column: ]
[weight_column: ]
[group_column: ]
[ignore_column: ]
[categorical_feature: ]
[forcedbins_filename: ]
[precise_float_parser: 0]
[parser_config_file: ]
[objective_seed: 16083]
[num_class: 1]
[is_unbalance: 0]
[scale_pos_weight: 1]
[sigmoid: 1]
[boost_from_average: 1]
[reg_sqrt: 0]
[alpha: 0.9]
[fair_c: 1]
[poisson_max_delta_step: 0.7]
[tweedie_variance_power: 1.5]
[lambdarank_truncation_level: 30]
[lambdarank_norm: 1]
[label_gain: ]
[lambdarank_position_bias_regularization: 0]
[eval_at: ]
[multi_error_top_k: 1]
[auc_mu_weights: ]
[num_machines: 1]
[local_listen_port: 12400]
[time_out: 120]
[machine_list_filename: ]
[machines: ]
[gpu_platform_id: -1]
[gpu_device_id: -1]
[gpu_device_id_list: ]
[gpu_use_dp: 0]
[num_gpu: 1]

end of parameters

pandas_categorical:[]
