tree
version=v4
num_class=1
num_tree_per_iteration=1
label_index=0
max_feature_idx=27
objective=regression
feature_names=Return Log_Return Ret_Lag_1 Ret_Lag_2 Ret_Lag_3 Ret_Lag_5 Ret_Lag_10 Daily_Range_Pct Close_to_MA_5 Close_to_MA_10 Close_to_MA_20 Close_to_MA_50 Close_to_EMA_10 Close_to_EMA_20 Rolling_Std_10 Rolling_Std_20 RSI_14 MACD_Pct Volume_to_MA_10 USD_Index US_10Y_Yield VIX CPI_Inflation USDA_WASDE_Stocks Precipitation_KeyRegions Temperature_Anomaly_KeyRegions Planting_Progress_Pct Export_Sales
feature_infos=[-0.1068233643220487:0.21776098252243731] [-0.1129709173542847:0.19701391236426749] [-0.1068233643220487:0.21776098252243731] [-0.1068233643220487:0.21776098252243731] [-0.1068233643220487:0.21776098252243731] [-0.1068233643220487:0.21776098252243731] [-0.1068233643220487:0.21776098252243731] [0:0.1318851823118696] [0.84955297096289262:1.2587276011913482] [0.89015151515151514:1.3770631910688531] [0.81774046076777451:1.5471457454170454] [0.74836538144242415:1.7154945173986833] [0.89585158866229841:1.3148350932670614] [0.83851220122397296:1.4389864811421575] [0.0046694959248203003:0.1066195432533204] [0.0065568448117416999:0.079455399387556899] [18.985032428732001:87.668664699449806] [-0.026393370433859701:0.044132612988063702] [0:9.9206634602396004] [79.77999878:114.11000060000001] [0.52000000000000002:4.25] [9.1400003430000005:82.690002440000001] [234.74700000000001:298.786] [188.61000000000001:321.44999999999999] [0.17253421199999999:4.7756856670000003] [-6.4705817689999998:4.357689594] [1:98] [0:2540376]
tree_sizes=2345 2712 2386 2799 2925 2731 2524 2463 2554 2243 2078 2587

Tree=0
num_leaves=25
num_cat=0
split_feature=15 22 16 17 18 16 16 15 15 22 20 22 19 18 15 14 15 15 14 19 12 19 16 20
split_gain=0.0908618 0.106199 0.285232 0.085668 0.0639999 0.145858 0.0538858 0.0500964 0.0426247 0.0422713 0.0392761 0.0390517 0.0350948 0.0327741 0.0296633 0.0224443 0.020848 0.0279634 0.0138752 0.0121849 0.00996146 0.00937363 0.00908823 0.00389921
threshold=0.02477794333375995 283.52150000000006 52.88623818839563 0.0022675832374171004 0.040361342458634562 46.235533055481788 60.419455476087172 0.031208611576712852 0.018650025030633705 236.61750000000004 3.3000000000000003 236.99200000000005 84.27000046000002 0.9943681096488296 0.020210565271121455 0.031670850904250959 0.01586923523833705 0.014640988193958251 0.028902588695794856 94.465000150000023 1.0042368420384362 97.704998015000015 41.374607226784846 2.3750000000000004
decision_type=2 2 2 2 2 2 2 2 2 2 2 2 2 2 2 2 2 2 2 2 2 2 2 2
left_child=1 4 10 7 5 16 13 18 21 14 -3 -11 -13 -5 19 -9 17 -1 23 -6 -10 -7 -18 -2
right_child=3 2 -4 6 9 8 -8 15 20 11 -12 12 -14 -15 -16 -17 22 -19 -20 -21 -22 -23 -24 -25
leaf_value=0.0031627046902214196 0.00075092131338236204 0.0026161357284988879 0.0061032280060861459 0.0033778328983334583 0.001337247079916015 0.0023466099973779406 0.001154733325524985 0.0023391371926558538 0.0017205057098662949 0.0032384868672383355 0.00099930635402217674 0.0012604349906178008 0.0019674190685684862 0.0019674190685684862 0.00059570491246742764 0.0010048620577502133 0.0037997033619232854 0.0019674190685684862 0.0012237247587753974 0.0020894652296279954 0.00059921601475878389 0.0016341780314088601 0.0027938335353385607 -0.00050434854944195499
leaf_weight=36 21 34 20 26 33 50 36 20 20 20 21 65 1492 29 34 20 44 34 22 33 29 20 31 26
leaf_count=36 21 34 20 26 33 50 36 20 20 20 21 65 1492 29 34 20 44 34 22 33 29 20 31 26
internal_value=0.00196742 0.00202803 0.00312872 0.00135916 0.00198338 0.0024178 0.00200822 0.000794571 0.00166 0.00191655 0.00196742 0.00195661 0.00193741 0.00262498 0.00132102 0.00173797 0.00305812 0.00259198 0.000301624 0.00175434 0.000982794 0.00209898 0.00343976 -4.30117e-05
internal_weight=2216 2016 75 200 1941 264 91 109 119 1677 55 1577 1557 55 100 40 145 70 69 66 49 70 75 47
internal_count=2216 2016 75 200 1941 264 91 109 119 1677 55 1577 1557 55 100 40 145 70 69 66 49 70 75 47
is_linear=0
shrinkage=1


Tree=1
num_leaves=29
num_cat=0
split_feature=23 15 22 19 18 11 11 14 26 17 21 19 11 20 9 26 21 20 18 19 23 16 15 20 13 25 11 22
split_gain=0.10259 0.156319 0.0993443 0.484373 0.0905003 0.0860164 0.0797977 0.0695882 0.0657483 0.0653289 0.0431949 0.0564696 0.0350916 0.034567 0.0433387 0.0315314 0.0305954 0.038338 0.0279193 0.0277731 0.0249159 0.0243261 0.0232453 0.0196192 0.0180108 0.0157659 0.00670599 0.000748438
threshold=268.27500000000003 0.02477794333375995 283.52150000000006 97.384998320000008 0.040361342458634562 0.93892228209190132 1.1130883053044724 0.021816352200558702 69.500000000000014 -0.0078714909125846486 14.885000225000001 99.165000915000022 1.0737585717796048 1.675 0.9654712786214007 94.500000000000014 25.704999920000002 2.4750000000000005 0.67507413151752305 95.465000150000023 267.43000000000001 37.991797713073517 0.017882067259059102 2.8150000000000004 0.94563788673979066 0.24184999500000004 0.97776309635255665 256.23300000000006
decision_type=2 2 2 2 2 2 2 2 2 2 2 2 2 2 2 2 2 2 2 2 2 2 2 2 2 2 2 2
left_child=1 4 5 -4 7 21 -5 15 10 23 -7 -12 22 19 -15 -1 17 -3 -14 -11 -18 27 -10 24 -6 -19 -17 -2
right_child=2 16 3 6 9 8 -8 -9 12 13 11 -13 18 14 -16 26 20 25 -20 -21 -22 -23 -24 -25 -26 -27 -28 -29
leaf_value=0.0018999640467246212 0.0010038982196229286 -0.0014513481491145543 0.0051818381016741372 0.00081014033579849631 -0.00054609678252811797 -0.00050526256191854677 -0.0012756838473079756 -0.00041895631922555989 0.00015818996214603454 -0.0016594984216446226 0.0010057973306366178 -0.00046606707083992661 -0.0014954299341059392 0.00078770110272388476 -8.7241814896687307e-05 0.00085389659037601244 -0.0024940509758889676 -0.00066702387297780006 -0.00023794642491266132 -0.00011046390291303395 -0.0008311372771114111 8.7094188168910998e-05 -0.0002591904950594263 0 -0.0016261855855486109 0.00044014632369837034 0.0001070350650074293 0.00196656640113162
leaf_weight=30 28 34 20 39 43 26 27 37 291 21 128 25 26 53 829 50 26 21 59 29 24 20 202 21 37 22 27 21
leaf_count=30 28 34 20 39 43 26 27 37 291 21 128 25 26 53 829 50 26 21 59 29 24 20 202 21 37 22 27 21
internal_value=0 -0.00017075 0.000243836 0.0012127 -5.97301e-05 0.000137989 -4.67962e-06 0.000638098 4.07789e-05 -0.000160432 0.000544378 0.000744351 -0.000110669 -7.79183e-05 -3.04358e-05 0.00103189 -0.0011677 -0.000709594 -0.000670388 -0.000839664 -0.00178662 0.00114581 -6.93158e-06 -0.000884202 -0.00109658 -3.52536e-05 0.000635201 0.00150755
internal_weight=2216 1304 912 86 1177 826 66 144 757 1033 179 153 578 932 882 107 127 77 85 50 50 69 493 101 80 43 77 49
internal_count=2216 1304 912 86 1177 826 66 144 757 1033 179 153 578 932 882 107 127 77 85 50 50 69 493 101 80 43 77 49
is_linear=0
shrinkage=0.03


Tree=2
num_leaves=26
num_cat=0
split_feature=23 15 18 14 11 7 19 17 26 11 21 19 20 24 17 26 17 19 16 20 10 11 8 14 8
split_gain=0.0968331 0.147721 0.0854978 0.0658542 0.0639164 0.0715499 0.102332 0.0617214 0.05437 0.0487627 0.0383854 0.0480595 0.0327558 0.033783 0.0294843 0.0294723 0.0290563 0.0260513 0.0227994 0.0184526 0.0202241 0.0180718 0.0172426 0.0152201 0.01164
threshold=268.27500000000003 0.02477794333375995 0.040361342458634562 0.021816352200558702 0.93892228209190132 0.050571453545644053 98.119998930000023 -0.0078714909125846486 69.500000000000014 1.0737585717796048 14.885000225000001 99.125000000000014 1.675 2.3850477400000005 0.0018399418374232003 94.500000000000014 0.0022675832374171004 95.465000150000023 37.991797713073517 2.8150000000000004 0.91532479157760072 1.0699072083435157 1.0197533283891935 0.028902588695794856 1.0111630265404326
decision_type=2 2 2 2 2 2 2 2 2 2 2 2 2 2 2 2 2 2 2 2 2 2 2 2 2
left_child=1 2 3 15 18 8 -7 19 10 14 -6 -12 17 -14 -10 -1 23 -9 -2 20 -4 -18 -11 -3 -17
right_child=4 16 7 -5 5 6 -8 12 9 22 11 -13 13 -15 -16 24 21 -19 -20 -21 -22 -23 -24 -25 -26
leaf_value=0.001844803885676928 0.0014659059658827026 -0.0019621739129705184 -0.00012235817653329475 -0.00040671839015435818 -0.00049066609622807136 0.0028542382145034413 -1.5955645857112669e-06 -0.0016119763516736299 -8.6496653042288004e-05 -0.00098307639700894963 0.0010034093027540948 0 -0.00011397956167844968 0.00038812085453740811 0.00040393152937933703 0.00092413399619684414 0 -0.00010726045849733053 8.4605789876409919e-05 0 -0.0013643990084607849 -0.0010913914744944677 0 -0.00083285680407924317 5.4495853833941503e-05
leaf_weight=30 49 43 22 37 26 20 20 21 348 60 124 59 740 142 157 46 28 29 20 21 58 22 29 34 31
leaf_count=30 49 43 22 37 26 20 20 21 348 60 124 59 740 142 157 46 28 29 20 21 58 22 29 34 31
internal_value=0 -0.000166068 -5.80697e-05 0.000620081 0.000236717 0.000160012 0.00138794 -0.000156013 9.3464e-05 -4.85529e-05 0.000509686 0.000670011 -7.57115e-05 -2.9397e-05 6.05412e-05 0.0010034 -0.00113525 -0.00081728 0.00111531 -0.000859599 -0.0010656 -0.000467189 -0.000694698 -0.00151905 0.000617669
internal_weight=2216 1304 1177 144 912 843 40 1033 803 594 209 183 932 882 505 107 127 50 69 101 80 50 89 77 77
internal_count=2216 1304 1177 144 912 843 40 1033 803 594 209 183 932 882 505 107 127 50 69 101 80 50 89 77 77
is_linear=0
shrinkage=0.03


Tree=3
num_leaves=30
num_cat=0
split_feature=23 22 19 22 14 18 13 19 17 13 18 19 23 19 19 18 16 16 17 23 16 17 20 20 18 20 16 13 24
split_gain=0.0912807 0.0938709 0.453273 0.0886587 0.0727615 0.0651134 0.062718 0.0612915 0.0508157 0.0648932 0.0529856 0.050832 0.0434336 0.0311004 0.0273662 0.024698 0.0203096 0.0168042 0.0203063 0.0376645 0.0247365 0.017649 0.0155676 0.014935 0.0124715 0.0111732 0.00996729 0.00240716 0.000951385
threshold=268.27500000000003 283.52150000000006 97.384998320000008 253.04550000000003 0.037241124653342408 0.25069374319318005 0.95653500498372235 106.46500015000002 -0.0094148718539314499 1.0032875760488189 0.040361342458634562 90.045001985000013 260.74000000000007 85.025001525000008 94.67499924000002 0.81197128472601776 46.017650494315795 65.675345201558301 0.0010498394758243002 287.47000000000008 43.843183182748263 0.0088035118080949017 3.5950000000000002 3.0850000000000004 1.0976791635501062 1.6050000000000002 53.13446037187034 0.94674791289095384 1.7645620810000002
decision_type=2 2 2 2 2 2 2 2 2 2 2 2 2 2 2 2 2 2 2 2 2 2 2 2 2 2 2 2 2
left_child=3 6 -3 8 26 -5 25 23 14 10 16 15 -13 -12 27 -11 -10 18 20 -20 -8 24 -9 28 -19 -2 -4 -1 -7
right_child=1 2 4 5 -6 7 17 22 9 11 13 12 -14 -15 -16 -17 -18 21 19 -21 -22 -23 -24 -25 -26 -27 -28 -29 -30
leaf_value=-0.00065002609257187166 0.0018190084039898854 0.0050109244192551288 0.0010674297556853042 0.00062688300848406345 -0.0015152535529008931 -0.0015336109841422687 0.00029393808219569501 0.00019818592333467676 0.0011098933383622872 0.00098271019182478384 -0.00054985196279472618 -0.00062243247903277592 3.0133098983438682e-05 0.00016206033857460195 -6.637007490886995e-05 -6.6191730921731313e-06 0 -0.00090411944077641233 -5.467959811321634e-05 0.00064192721605174977 -0.0001813980321855275 0.00036069412479576254 -0.00071991853966998551 -0.0025792322302503243 0 0.0005468193025980145 3.7609403086826197e-05 -0.0016281192301271052 -0.00066899173778735776
leaf_weight=20 20 20 22 20 20 30 150 23 69 35 61 278 124 442 35 46 20 40 119 146 280 20 35 20 27 24 24 25 21
leaf_count=20 20 20 22 20 20 30 150 23 69 35 61 278 124 442 35 46 20 40 119 146 280 20 35 20 27 24 24 25 21
internal_value=0 0.000229601 0.00117127 -0.000161465 -4.91351e-06 -0.000849465 0.000126633 -0.00110449 -6.94567e-05 -1.20083e-05 0.000195455 -0.000272367 -0.000414124 6.8853e-05 -0.000794703 0.000391054 0.000868919 5.9841e-05 0.000112376 0.000318804 -8.32528e-06 -0.00032225 -0.000307807 -0.00170033 -0.000572538 0.00121933 0.000606194 -0.00128221 -0.001255
internal_weight=2216 912 86 1304 66 149 826 129 1155 1075 592 483 402 503 80 81 89 782 695 265 430 87 58 71 67 44 46 45 51
internal_count=2216 912 86 1304 66 149 826 129 1155 1075 592 483 402 503 80 81 89 782 695 265 430 87 58 71 67 44 46 45 51
is_linear=0
shrinkage=0.03


Tree=4
num_leaves=31
num_cat=0
split_feature=23 15 22 19 18 11 11 14 26 17 19 12 27 20 11 21 20 26 26 18 26 27 23 15 11 7 20 8 19 0
split_gain=0.0862485 0.134071 0.0887175 0.427532 0.0764708 0.0753402 0.0716954 0.0609866 0.0571359 0.0559287 0.0376836 0.0400496 0.0356296 0.0532948 0.0295468 0.0272511 0.034438 0.0271421 0.02614 0.0257127 0.0235636 0.0227061 0.0217137 0.0207509 0.019159 0.0187121 0.0190248 0.0126363 0.00761683 0.00558998
threshold=268.27500000000003 0.02477794333375995 283.52150000000006 97.384998320000008 0.040361342458634562 0.94385092590796738 1.1130883053044724 0.021816352200558702 69.500000000000014 -0.0078714909125846486 96.92499924000002 1.04013721419511 386887.00000000006 2.0950000000000002 1.0737585717796048 25.704999920000002 2.4750000000000005 76.500000000000014 83.500000000000014 0.67507413151752305 7.5000000000000009 454792.50000000006 267.43000000000001 0.017882067259059102 0.90849329963970005 0.013948513912249551 1.4750000000000003 1.0111630265404326 95.024997710000022 -0.0042712530757354492
decision_type=2 2 2 2 2 2 2 2 2 2 2 2 2 2 2 2 2 2 2 2 2 2 2 2 2 2 2 2 2 2
left_child=1 4 5 -4 7 25 -5 17 10 21 11 -7 18 -14 23 16 -3 -1 -11 -16 -12 28 -17 -10 -23 -2 -27 -19 -6 -18
right_child=2 15 3 6 9 8 -8 -9 14 12 20 -13 13 -15 19 22 29 27 -20 -21 -22 24 -24 -25 -26 26 -28 -29 -30 -31
leaf_value=0.0018722166456998537 0.0017912716988636099 -0.0013470495172377142 0.0048677549821856828 0.00076773885670700093 -0.00060777899880089204 0.0011725646512506234 -0.0012093281827151906 -0.00039917165209465711 0.00013812322147918992 0.00018597199355249359 -0.00079336484149098395 -0.00020071830364343308 -0.00044734472145429487 0.00026559016786659688 -0.0014252907106031972 -0.0023288624170753687 0.00027780770537044319 0.00092271644333103559 -0.00039609225644880199 -0.00021683548717210216 0.00033928288558480449 -0.00024023885585899862 -0.00076155640047043561 -0.00025834788435501194 -0.0016043487186077981 0.0012391990520543631 6.8196835987446066e-05 4.7817559394223434e-05 0.00010477531994481317 -0.00037701175676193091
leaf_weight=25 22 34 20 39 21 81 27 37 280 79 23 20 121 395 26 26 20 50 337 59 52 20 24 202 39 25 36 32 21 23
leaf_count=25 22 34 20 39 21 81 27 37 280 79 23 20 121 395 26 26 20 50 337 59 52 20 24 202 39 25 36 32 21 23
internal_value=0 -0.000156952 0.000223181 0.00113875 -5.39416e-05 0.000122966 -2.26321e-06 0.000587211 2.25154e-05 -0.000146701 0.000496477 0.000871914 -7.01005e-05 9.20651e-05 -0.000119938 -0.00108031 -0.000645655 0.000956613 -0.000278181 -0.000633639 0 -0.00081652 -0.00166506 -2.20124e-05 -0.00120365 0.000975497 0.000608749 0.000622127 -0.000187583 -4.87092e-06
internal_weight=2216 1304 912 86 1177 826 66 144 743 1033 176 101 932 516 567 127 77 107 416 85 75 101 50 482 59 83 61 82 42 43
internal_count=2216 1304 912 86 1177 826 66 144 743 1033 176 101 932 516 567 127 77 107 416 85 75 101 50 482 59 83 61 82 42 43
is_linear=0
shrinkage=0.03


Tree=5
num_leaves=29
num_cat=0
split_feature=23 15 22 19 18 11 11 14 26 19 20 18 22 19 11 23 11 26 18 15 16 15 19 23 26 19 15 22
split_gain=0.0813953 0.126765 0.0836812 0.403472 0.0722222 0.071779 0.0675912 0.0577335 0.0542353 0.0341436 0.0301775 0.0549015 0.0392408 0.0447474 0.029005 0.0270127 0.0256394 0.0254177 0.0241371 0.0207809 0.0202397 0.02008 0.021832 0.033562 0.0192947 0.0192728 0.0058635 0.00082711
threshold=268.27500000000003 0.02477794333375995 283.52150000000006 97.384998320000008 0.040361342458634562 0.93892228209190132 1.1130883053044724 0.021816352200558702 69.500000000000014 99.264999390000014 2.0350000000000006 0.73647887922059696 251.43850000000003 84.27000046000002 1.0737585717796048 292.89500000000004 1.0161825378952081 94.500000000000014 0.67507413151752305 0.017882067259059102 37.991797713073517 0.031208611576712852 96.575000760000009 267.18000000000001 93.500000000000014 94.805000305000007 0.015714022597156301 256.23300000000006
decision_type=2 2 2 2 2 2 2 2 2 2 2 2 2 2 2 2 2 2 2 2 2 2 2 2 2 2 2 2
left_child=1 4 5 -4 7 20 -5 17 9 15 11 25 13 -12 19 -7 -13 -1 -16 -10 27 22 -3 -24 -14 -6 -19 -2
right_child=2 21 3 6 10 8 -8 -9 14 -11 12 16 24 -15 18 -17 -18 26 -20 -21 -22 -23 23 -25 -26 -27 -28 -29
leaf_value=0.0017150614010470527 0.00088960481231132975 -0.00050360201545824701 0.0047286763432701781 0.00074528250291477894 -0.0019658985632658001 0.00025804987720832946 -0.0011743440124139721 -0.00038751164017441239 0.00014361056659865351 -0.00048062780259177089 -0.00066885434428364855 1.620055592719198e-05 0 0.00015396140286815351 -0.0013841156750503511 0.0011182487726808807 -0.00074511356209404757 0.00016640158874813365 -0.00021043884029058973 -0.00025063562518263258 6.1724362695323557e-05 -0.00024716447902028451 -0.0022559284566826109 -0.00060897350683808329 -0.00068559815076091692 -0.00058665423843288621 0.00083705343570493679 0.0018042545329821718
leaf_weight=30 28 34 20 39 24 87 27 37 291 24 65 140 64 549 26 68 51 36 59 202 20 31 36 26 110 30 41 21
leaf_count=30 28 34 20 39 24 87 27 37 291 24 65 140 64 549 26 68 51 36 59 202 20 31 36 26 110 30 41 21
internal_value=0 -0.000152493 0.000216791 0.00110611 -5.22545e-05 0.000119345 -1.04973e-06 0.000570721 3.02238e-05 0.000488066 -0.000142466 -0.000434128 -4.75475e-05 6.10315e-05 -0.000106981 0.000659407 -0.000174279 0.00093037 -0.000616249 -1.20339e-05 0.00103983 -0.00105037 -0.00127358 -0.00163352 -0.000445996 -0.0012788 0.000568117 0.00136984
internal_weight=2216 1304 912 86 1177 826 66 144 757 179 1033 245 788 614 578 155 191 107 85 493 69 127 96 62 174 54 77 49
internal_count=2216 1304 912 86 1177 826 66 144 757 179 1033 245 788 614 578 155 191 107 85 493 69 127 96 62 174 54 77 49
is_linear=0
shrinkage=0.03


Tree=6
num_leaves=27
num_cat=0
split_feature=7 23 22 19 22 10 14 17 14 19 23 10 20 19 10 20 25 25 14 14 27 14 19 22 20 2
split_gain=0.0781173 0.0729588 0.0864301 0.38345 0.0847286 0.0554233 0.0548406 0.0402849 0.0450409 0.0361502 0.0314351 0.0312044 0.0310612 0.0303506 0.0289477 0.0180271 0.0179933 0.0161229 0.0208128 0.0165445 0.0132946 0.0130223 0.00602732 0.00583147 0.00840856 0.00166154
threshold=0.010689859780473801 268.49500000000006 283.52150000000006 97.384998320000008 253.04550000000003 1.0191597393965606 0.034329425657447454 -0.0094148718539314499 0.022992219544790003 106.46500015000002 260.74000000000007 0.95807751985119827 3.0850000000000004 84.27000046000002 0.91878689329097096 2.8350000000000004 0.21873411800000003 1.0511841380000002 0.014737168115583702 0.017114901387359154 470028.00000000006 0.011840492977316501 93.854999540000009 244.71300000000002 2.1650000000000005 -0.010828998334952648
decision_type=2 2 2 2 2 2 2 2 2 2 2 2 2 2 2 2 2 2 2 2 2 2 2 2 2 2
left_child=5 4 11 -4 7 21 -5 14 13 12 -10 20 15 -9 -2 -6 -11 19 -19 -13 -3 -1 -16 -23 -25 -22
right_child=1 2 3 6 9 -7 -8 8 10 16 -12 17 -14 -15 22 -17 -18 18 -20 -21 25 23 -24 24 -26 -27
leaf_value=0.0002195070997973823 0 0.0011106733072973676 0.0045935713306535031 0.00052075734773534351 -0.0013080410279599683 -0.00024555299382002368 -0.0013607477225097164 -0.00060803141801490349 -0.00086263425078357873 -0.00071121573024429381 0.00010176844776632557 6.9330193224902213e-05 -0.0024162761861724509 7.782539574000417e-05 -0.0015864444154181649 -8.2870664186775672e-05 0.00023497587688163748 -9.6619583199151438e-05 0.00052947954510963627 -0.0002681640301569132 0 0.0005772604002803564 -0.00052970090512694293 0.00069253160609779037 0.0018633451042422914 0.00036631551684279532
leaf_weight=22 32 33 20 39 34 36 20 61 93 39 37 265 20 832 27 24 26 76 102 239 20 24 21 21 33 20
leaf_count=22 32 33 20 39 34 36 20 61 93 39 37 265 20 832 27 24 26 76 102 239 20 24 21 21 33 20
internal_value=0 -4.62512e-05 0.000168893 0.00110899 -0.000192682 0.000693315 -7.90901e-05 -0.000100158 -4.59861e-05 -0.000879856 -0.000566568 6.52193e-05 -0.00132399 2.69917e-05 -0.000746729 -0.000861919 -0.000289459 0 0.00024635 -8.49852e-05 0.00065036 0.0010601 -0.00120559 0.00125343 0.00148344 0.000179603
internal_weight=2216 2080 834 79 1246 136 59 1103 1023 143 130 755 78 893 80 58 65 682 178 504 73 100 48 78 54 40
internal_count=2216 2080 834 79 1246 136 59 1103 1023 143 130 755 78 893 80 58 65 682 178 504 73 100 48 78 54 40
is_linear=0
shrinkage=0.03


Tree=7
num_leaves=26
num_cat=0
split_feature=7 23 15 7 19 16 18 20 10 26 27 20 18 24 21 20 19 23 25 27 25 18 23 20 8
split_gain=0.0739303 0.0690112 0.100064 0.0649649 0.119829 0.0565966 0.0351672 0.0412114 0.0339304 0.0471942 0.0320226 0.0263075 0.0542465 0.0360587 0.02532 0.0303422 0.0189043 0.0172648 0.015626 0.0152414 0.0142084 0.0141756 0.00683916 0.00820159 0.00589986
threshold=0.010689859780473801 268.49500000000006 0.02477794333375995 0.047631793616804308 97.36500168000002 57.154823361807765 0.049734535753141761 2.2850000000000006 0.95807751985119827 76.500000000000014 587684.50000000012 2.0350000000000006 0.73647887922059696 1.8357467500000004 25.704999920000002 2.4750000000000005 96.485000610000014 267.43000000000001 1.1126986950000002 470028.00000000006 0.24184999500000004 0.6318439938222935 260.74000000000007 2.1650000000000005 1.0103914453684124
decision_type=2 2 2 2 2 2 2 2 2 2 2 2 2 2 2 2 2 2 2 2 2 2 2 2 2
left_child=5 2 6 8 -5 21 7 24 19 10 -10 12 -8 -13 15 -4 -9 -16 -11 -3 -17 22 -1 -24 -2
right_child=1 3 14 4 -6 -7 11 16 9 18 -12 13 -14 -15 17 20 -18 -19 -20 -21 -22 -23 23 -25 -26
leaf_value=0.0004896206995472312 0.0012008791692407193 0.0011507779283801446 -0.0012554687358735297 0.0026502164608369076 -3.8030206676452387e-05 -0.00039638608924653983 -0.0013003936125941646 -0.00064458884012556685 0.00019103301351619634 -0.00022084497470233579 0.0011626111566154069 -0.00022069865301906544 -0.00017666828975105951 0.00021049289829764011 -0.0021569709848198622 -0.00058560660481452942 0.00032586735808768676 -0.00070098298497032379 0.00015397035828698427 0.00017158768612604873 0.00047744844404413653 0.00035320300676726872 0.00078340689215809106 0.0019471202491429342 0.00032126689272263324
leaf_weight=20 38 36 32 25 30 30 51 33 148 391 42 489 189 265 26 21 34 23 124 38 22 34 24 28 23
leaf_count=20 38 36 32 25 30 30 51 33 148 391 42 489 189 265 26 21 34 23 124 38 22 34 24 28 23
internal_value=0 -4.49641e-05 -0.000187409 0.000164226 0.00115583 0.00067451 -9.46613e-05 0.000364605 8.89769e-05 2.0016e-05 0.000426472 -0.000157124 -0.000432313 -6.5101e-05 -0.000995154 -0.000570164 -0.000110451 -0.00156124 -0.000124661 0.000696943 0 0.0010065 0.00126485 0.00149154 0.00092814
internal_weight=2216 2080 1246 834 55 136 1122 128 779 705 190 994 240 754 124 75 67 49 515 74 43 106 72 52 61
internal_count=2216 2080 1246 834 55 136 1122 128 779 705 190 994 240 754 124 75 67 49 515 74 43 106 72 52 61
is_linear=0
shrinkage=0.03


Tree=8
num_leaves=27
num_cat=0
split_feature=7 23 15 22 19 16 14 17 13 26 10 21 21 14 19 17 15 24 14 23 14 14 10 16 22 20
split_gain=0.0699424 0.0652308 0.0946644 0.080107 0.359724 0.0536808 0.0510207 0.0374734 0.0389348 0.0373045 0.0553958 0.0353807 0.0498291 0.0318875 0.0312439 0.0258692 0.0233713 0.0190652 0.0179957 0.0162579 0.0144147 0.0128154 0.0115605 0.00763153 0.0044101 0.00729817
threshold=0.010689859780473801 268.49500000000006 0.02477794333375995 283.52150000000006 97.384998320000008 57.154823361807765 0.034329425657447454 -0.008066359869915397 1.0418033074313422 76.500000000000014 0.96119596027139786 14.715000155000002 18.144999505000005 0.01490449693482475 94.244998930000023 0.0022675832374171004 0.023997460525082354 1.8298723450000003 0.016094467724948856 257.59000000000003 0.012213909235213401 0.028902588695794856 1.0010269573370023 31.467255601299531 244.71300000000002 2.1650000000000005
decision_type=2 2 2 2 2 2 2 2 2 2 2 2 2 2 2 2 2 2 2 2 2 2 2 2 2 2
left_child=5 2 7 9 -5 20 -6 14 13 11 18 -3 -13 -9 23 21 -12 -10 -11 -16 -1 -4 -17 -2 -22 -26
right_child=1 3 15 4 6 -7 -8 8 17 10 16 12 -14 -15 19 22 -18 -19 -20 -21 24 -23 -24 -25 25 -27
leaf_value=0.00018516918153573686 -0.00045006188909922325 -0.00049469678568753552 -0.0017279502091802317 0.0044402789724990724 0.00049217449139978269 -0.00038487810706869967 -0.0013211750902368553 -0.00016258374936468001 -0.00096188695567022797 0.001245023554529656 -0.00022569177360277391 0.0012946714074900765 0.00015023545135773022 0.000188720024880198 0.00042926229869015515 7.7030305581336656e-05 0.00067524033770538288 0 0.00019229742280494551 -0.00053042133925114995 0.00054751640969887374 -0.0006713770957324992 -0.0007406392299473799 -0.0015520115230232476 0.00069464910786598924 0.0017639290735344674
leaf_weight=25 20 27 43 20 39 30 20 432 56 32 474 60 95 496 24 21 25 28 42 37 24 32 28 29 24 33
leaf_count=25 20 27 43 20 39 30 20 432 56 32 474 60 95 496 24 21 25 28 42 37 24 32 28 29 24 33
internal_value=0 -4.35184e-05 -0.000182039 0.00015981 0.00106485 0.000656284 -8.4295e-05 -9.17489e-05 -3.11924e-05 5.98588e-05 -5.4517e-05 0.000434678 0.000617933 2.19538e-05 -0.000616541 -0.000967753 -0.000173295 -0.000646977 0.000698061 -0.00010362 0.000979833 -0.00133138 -0.000335677 -0.00118023 0.00118326 0.00138517
internal_weight=2216 2080 1246 834 79 136 59 1122 1012 755 573 182 155 928 110 124 499 84 74 61 106 75 49 49 81 57
internal_count=2216 2080 1246 834 79 136 59 1122 1012 755 573 182 155 928 110 124 499 84 74 61 106 75 49 49 81 57
is_linear=0
shrinkage=0.03


Tree=9
num_leaves=24
num_cat=0
split_feature=7 23 15 7 19 16 17 13 18 10 20 15 17 19 24 27 18 10 15 4 16 21 10
split_gain=0.0661826 0.0617514 0.0892888 0.0604842 0.109531 0.0509174 0.0354266 0.0356474 0.034906 0.0308877 0.0325844 0.0333443 0.0243752 0.0192061 0.0179512 0.014114 0.0133239 0.0109637 0.0100536 0.00954874 0.00640032 0.00235342 0.00186202
threshold=0.010689859780473801 268.49500000000006 0.02477794333375995 0.047631793616804308 97.36500168000002 57.154823361807765 -0.0094148718539314499 1.0418033074313422 0.040361342458634562 0.95807751985119827 2.9150000000000005 0.017882067259059102 0.0022675832374171004 94.67499924000002 1.8298723450000003 470028.00000000006 0.10755450006741556 1.0010269573370023 0.030009714587812052 -0.0027462401990571497 42.13929006284463 14.755000115000001 0.92701375865680569
decision_type=2 2 2 2 2 2 2 2 2 2 2 2 2 2 2 2 2 2 2 2 2 2 2
left_child=5 2 6 9 -5 16 13 8 -8 15 11 -11 18 22 -9 -3 20 -14 -4 -18 -1 -15 -2
right_child=1 3 12 4 -6 -7 7 14 -10 10 -12 -13 17 21 -16 -17 19 -19 -20 -21 -22 -23 -24
leaf_value=0.0016826141836842701 -0.0005744531213172845 0.0010993712657017985 -0.0015554844554927613 0.002540836576838046 -2.4800375644718442e-05 -0.00037370422856521703 0.00055899775226471795 -0.0009335366279180896 -4.617292677343905e-05 0.00015684711277452748 0.0011828594252001493 -0.00026665141854625144 7.482443155128169e-05 0 0 0.00015474452622472128 0.00083895552517580135 -0.00071918623098011678 -0.00049197894270005431 0 0.00075607449012632302 -0.0003623856057688086 -0.0015157036774537777
leaf_weight=30 20 36 53 25 30 30 94 56 862 401 20 284 21 20 28 38 20 28 22 20 36 21 21
leaf_count=30 20 36 53 25 30 30 94 56 862 401 20 284 21 20 28 38 20 28 22 20 36 21 21
internal_value=0 -4.22102e-05 -0.000177018 0.000155571 0.00111237 0.000638524 -8.92423e-05 -3.85394e-05 1.07184e-05 8.28317e-05 1.68512e-05 -1.44943e-05 -0.000940176 -0.000687948 -0.000627965 0.000662824 0.000953856 -0.000324205 -0.00129357 0.000388459 0.00124083 -0.000135492 -0.0011526
internal_weight=2216 2080 1246 834 55 136 1122 1040 956 779 705 685 124 82 84 74 106 49 75 40 66 41 41
internal_count=2216 2080 1246 834 55 136 1122 1040 956 779 705 685 124 82 84 74 106 49 75 40 66 41 41
is_linear=0
shrinkage=0.03


Tree=10
num_leaves=22
num_cat=0
split_feature=26 22 22 21 11 18 11 19 21 23 20 27 22 19 23 11 27 22 26 25 19
split_gain=0.0625056 0.0824665 0.435544 0.0598918 0.0541697 0.0415801 0.0767624 0.0377278 0.0359744 0.0363034 0.0316039 0.039417 0.0278673 0.025484 0.0245441 0.0169908 0.0156022 0.0134563 0.0112252 0.0108049 0.00939852
threshold=23.000000000000004 286.08700000000005 283.52150000000006 15.974999905000002 1.0778270864669455 0.040361342458634562 0.97489760112244173 106.46500015000002 20.069999695000003 270.87500000000006 3.0850000000000004 365981.50000000006 242.33150000000003 89.579998015000015 260.74000000000007 0.9511523111209329 560739.00000000012 297.17800000000005 12.500000000000002 0.18540647350000003 99.875000000000014
decision_type=2 2 2 2 2 2 2 2 2 2 2 2 2 2 2 2 2 2 2 2 2
left_child=3 2 4 15 5 6 -2 10 16 -10 11 19 -7 -6 -15 -1 -5 -9 -17 -3 -11
right_child=1 7 -4 8 13 12 -8 17 9 20 -12 -13 -14 14 -16 18 -18 -19 -20 -21 -22
leaf_value=0.00046638904959564248 0.00092664603214184544 -0.00065404717225049224 0.0042969684392280341 0.0008230535699627721 0.00033791928726207952 -0.00022844882775658432 -0.00021642256568346689 0.00016279006688497386 0.0012154546824895075 0.00030126713738233476 -0.002255366005003452 -0.0018073200661955133 4.7445036930181844e-05 -0.0012374978507595025 -0.00037894754364388059 -0.0007414904921116041 0.0023077463100531271 -0.00060463657038053488 0 0.00024292803837148389 -0.00047508539102526136
leaf_weight=30 114 20 20 25 22 508 91 38 35 35 20 20 902 50 119 34 20 35 34 22 22
leaf_count=30 114 20 20 25 22 508 91 38 35 35 20 20 902 50 119 34 20 35 34 22 22
internal_value=0 -5.5118e-05 0 0.000461362 -4.84771e-05 6.32168e-06 0.000406085 -0.000717193 0.000866211 0.000469624 -0.00116222 -0.000731768 -4.99203e-05 -0.000525073 -0.000656389 -7.73307e-05 0.00158396 -0.000167812 -0.000363968 -0.000119713 0
internal_weight=2216 1981 1826 235 1806 1615 205 155 137 92 82 62 1410 191 169 98 45 73 68 42 57
internal_count=2216 1981 1826 235 1806 1615 205 155 137 92 82 62 1410 191 169 98 45 73 68 42 57
is_linear=0
shrinkage=0.03


Tree=11
num_leaves=28
num_cat=0
split_feature=7 23 15 22 19 11 11 15 19 25 13 23 11 23 13 23 21 20 11 11 24 23 20 25 19 19 15
split_gain=0.0607648 0.0552137 0.0803418 0.0705376 0.318874 0.0539219 0.0500797 0.0343105 0.0419316 0.0278374 0.0266098 0.0278124 0.0342271 0.0335876 0.0264351 0.0232443 0.0223492 0.0255568 0.0188411 0.0179417 0.01682 0.0153107 0.0140448 0.0128627 0.00798925 0.00570416 0.00112596
threshold=0.010689859780473801 268.49500000000006 0.02477794333375995 283.52150000000006 97.384998320000008 0.96755760434003202 1.1130883053044724 0.017740276254987104 91.854999540000009 0.93584784450000014 1.0418033074313422 267.43000000000001 0.98293392724059936 260.74000000000007 0.96918802604047294 298.99500000000006 25.704999920000002 2.4750000000000005 1.0361872759334079 1.0566090847622738 1.8298723450000003 267.43000000000001 2.5450000000000004 0.24184999500000004 97.334999085000007 92.705001830000015 0.018564942148228004
decision_type=2 2 2 2 2 2 2 2 2 2 2 2 2 2 2 2 2 2 2 2 2 2 2 2 2 2 2
left_child=5 2 10 7 -5 24 -6 8 15 14 11 13 -13 -2 -9 -3 17 -4 22 -10 26 -18 -7 -19 -1 -11 -12
right_child=1 3 16 4 6 18 -8 9 19 25 20 12 -14 -15 -16 -17 21 23 -20 -21 -22 -23 -24 -25 -26 -27 -28
leaf_value=0.0016441293598618357 -6.5740877045435372e-05 0.0016227294686291963 -0.0011196269656700843 0.0041741978468240373 0.00058024516637669883 0 -0.0011552763885771856 0.00035220234994784205 0.0001945067338405486 0 -0.00044318809202657295 -0.0010640614744427148 -6.6288584268738086e-05 0.00039892147330143634 -0.00047179585006816306 0.00033239179942756893 -0.001982054399016003 -0.00052770460185340852 -0.00057835185287520292 -0.00035056277238098638 0 -0.00060895774350501594 0.0010125266346149146 0.00048678289068376893 0.00055214254155924378 0.00052747759613363697 -0.0011371959657990372
leaf_weight=36 716 27 32 20 35 35 24 37 310 27 25 49 101 172 210 38 26 21 24 62 28 23 20 22 21 44 31
leaf_count=36 716 27 32 20 35 35 24 37 310 27 25 49 101 172 210 38 26 21 24 62 28 23 20 22 21 44 31
internal_value=0 -4.03618e-05 -0.000167891 0.000146548 0.000995813 0.000611915 -8.32181e-05 5.25163e-05 0.000227867 -0.000179008 -8.4478e-05 -3.9545e-05 -0.000416984 2.12342e-05 -0.000335344 0.000930299 -0.000891933 -0.000491595 6.06547e-05 9.49226e-05 -0.000597429 -0.00142261 0.000398414 0 0.00131 0.000320302 -0.000893213
internal_weight=2216 2080 1246 834 79 136 59 755 437 318 1122 1038 150 888 247 65 124 75 79 372 84 49 55 43 57 71 56
internal_count=2216 2080 1246 834 79 136 59 755 437 318 1122 1038 150 888 247 65 124 75 79 372 84 49 55 43 57 71 56
is_linear=0
shrinkage=0.03


end of trees

feature_importances:
USD_Index=39
US_10Y_Yield=26
USDA_WASDE_Stocks=26
Rolling_Std_20=24
Close_to_MA_50=23
CPI_Inflation=21
Volume_to_MA_10=20
Rolling_Std_10=18
RSI_14=16
Planting_Progress_Pct=15
MACD_Pct=14
VIX=11
Close_to_MA_20=10
Daily_Range_Pct=9
Close_to_EMA_20=8
Temperature_Anomaly_KeyRegions=8
Export_Sales=8
Precipitation_KeyRegions=6
Close_to_MA_5=4
Close_to_EMA_10=2
Return=1
Ret_Lag_1=1
Ret_Lag_3=1
Close_to_MA_10=1

parameters:
[boosting: gbdt]
[objective: regression]
[metric: l2]
[tree_learner: serial]
[device_type: cpu]
[data_sample_strategy: bagging]
[data: ]
[valid: ]
[num_iterations: 200]
[learning_rate: 0.03]
[num_leaves: 31]
[num_threads: 20]
[seed: 42]
[deterministic: 0]
[force_col_wise: 0]
[force_row_wise: 0]
[histogram_pool_size: -1]
[max_depth: 6]
[min_data_in_leaf: 20]
[min_sum_hessian_in_leaf: 0.001]
[bagging_fraction: 0.8]
[pos_bagging_fraction: 1]
[neg_bagging_fraction: 1]
[bagging_freq: 0]
[bagging_seed: 400]
[bagging_by_query: 0]
[feature_fraction: 0.8]
[feature_fraction_bynode: 1]
[feature_fraction_seed: 30056]
[extra_trees: 0]
[extra_seed: 12879]
[early_stopping_round: 0]
[early_stopping_min_delta: 0]
[first_metric_only: 0]
[max_delta_step: 0]
[lambda_l1: 0.1]
[lambda_l2: 1]
[linear_lambda: 0]
[min_gain_to_split: 0]
[drop_rate: 0.1]
[max_drop: 50]
[skip_drop: 0.5]
[xgboost_dart_mode: 0]
[uniform_drop: 0]
[drop_seed: 17869]
[top_rate: 0.2]
[other_rate: 0.1]
[min_data_per_group: 100]
[max_cat_threshold: 32]
[cat_l2: 10]
[cat_smooth: 10]
[max_cat_to_onehot: 4]
[top_k: 20]
[monotone_constraints: ]
[monotone_constraints_method: basic]
[monotone_penalty: 0]
[feature_contri: ]
[forcedsplits_filename: ]
[refit_decay_rate: 0.9]
[cegb_tradeoff: 1]
[cegb_penalty_split: 0]
[cegb_penalty_feature_lazy: ]
[cegb_penalty_feature_coupled: ]
[path_smooth: 0]
[interaction_constraints: ]
[verbosity: -1]
[saved_feature_importance_type: 0]
[use_quantized_grad: 0]
[num_grad_quant_bins: 4]
[quant_train_renew_leaf: 0]
[stochastic_rounding: 1]
[linear_tree: 0]
[max_bin: 255]
[max_bin_by_feature: ]
[min_data_in_bin: 3]
[bin_construct_sample_cnt: 200000]
[data_random_seed: 175]
[is_enable_sparse: 1]
[enable_bundle: 1]
[use_missing: 1]
[zero_as_missing: 0]
[feature_pre_filter: 1]
[pre_partition: 0]
[two_round: 0]
[header: 0]
[label_column: ]
[weight_column: ]
[group_column: ]
[ignore_column: ]
[categorical_feature: ]
[forcedbins_filename: ]
[precise_float_parser: 0]
[parser_config_file: ]
[objective_seed: 16083]
[num_class: 1]
[is_unbalance: 0]
[scale_pos_weight: 1]
[sigmoid: 1]
[boost_from_average: 1]
[reg_sqrt: 0]
[alpha: 0.9]
[fair_c: 1]
[poisson_max_delta_step: 0.7]
[tweedie_variance_power: 1.5]
[lambdarank_truncation_level: 30]
[lambdarank_norm: 1]
[label_gain: ]
[lambdarank_position_bias_regularization: 0]
[eval_at: ]
[multi_error_top_k: 1]
[auc_mu_weights: ]
[num_machines: 1]
[local_listen_port: 12400]
[time_out: 120]
[machine_list_filename: ]
[machines: ]
[gpu_platform_id: -1]
[gpu_device_id: -1]
[gpu_device_id_list: ]
[gpu_use_dp: 0]
[num_gpu: 1]

end of parameters

pandas_categorical:[]
