tree
version=v4
num_class=1
num_tree_per_iteration=1
label_index=0
max_feature_idx=27
objective=regression
feature_names=Return Log_Return Ret_Lag_1 Ret_Lag_2 Ret_Lag_3 Ret_Lag_5 Ret_Lag_10 Daily_Range_Pct Close_to_MA_5 Close_to_MA_10 Close_to_MA_20 Close_to_MA_50 Close_to_EMA_10 Close_to_EMA_20 Rolling_Std_10 Rolling_Std_20 RSI_14 MACD_Pct Volume_to_MA_10 USD_Index US_10Y_Yield VIX CPI_Inflation USDA_WASDE_Stocks Precipitation_KeyRegions Temperature_Anomaly_KeyRegions Planting_Progress_Pct Export_Sales
feature_infos=[-0.1068233643220487:0.21776098252243731] [-0.1129709173542847:0.19701391236426749] [-0.1068233643220487:0.21776098252243731] [-0.1068233643220487:0.21776098252243731] [-0.1068233643220487:0.21776098252243731] [-0.1068233643220487:0.21776098252243731] [-0.1068233643220487:0.21776098252243731] [0:0.1318851823118696] [0.84955297096289262:1.2587276011913482] [0.89015151515151514:1.3770631910688531] [0.81774046076777451:1.5471457454170454] [0.74836538144242415:1.7154945173986833] [0.89585158866229841:1.3148350932670614] [0.83851220122397296:1.4389864811421575] [0.0046694959248203003:0.1066195432533204] [0.0065568448117416999:0.079455399387556899] [18.985032428732001:87.668664699449806] [-0.026393370433859701:0.044132612988063702] [0:9.9206634602396004] [79.77999878:114.11000060000001] [0.52000000000000002:4.25] [9.1400003430000005:82.690002440000001] [234.74700000000001:298.83199999999999] [188.61000000000001:321.44999999999999] [0.17253421199999999:4.7756856670000003] [-6.4705817689999998:4.357689594] [1:98] [0:2540376]
tree_sizes=1249 1238 1261 1304 1298 1063 1055 1285 1260 1263 1716 1546 1276 1561

Tree=0
num_leaves=12
num_cat=0
split_feature=2 13 8 18 6 22 8 15 17 5 17
split_gain=0.00757967 0.009125 0.00694827 0.00387078 0.00203795 0.00384244 0.00419516 0.0033477 0.00294781 0.00157667 0.000943987
threshold=0.048163972678254757 1.0804894419226085 1.0388613644628437 8.8478524434918331 -0.017720183380560698 259.65650000000005 1.0123190896862957 0.024064054149757503 -0.0032434057486484496 -0.0054368271985122995 -0.0018228644896726997
decision_type=2 2 2 2 2 2 2 2 2 2 2
left_child=1 3 -2 4 5 10 -7 9 -9 -6 -1
right_child=2 -3 -4 -5 7 6 -8 8 -10 -11 -12
leaf_value=0.00010360738572052101 0.00024848912221130917 -0.00057688057573281504 0.0015572574592023127 0.00073595559429594313 0.00029931415400739463 0.00083767953823564965 0.00022762662244275449 -0.00029809089875569952 0.00022173803722962135 0.00020032554582107936 0.00032199049248985475
leaf_weight=79 20 33 20 39 637 67 23 57 96 1025 125
leaf_count=79 20 33 20 39 637 67 23 57 96 1025 125
internal_value=0.000248489 0.000235833 0.000922025 0.000248489 0.00023946 0.00035776 0.000628316 0.000217495 -6.68293e-06 0.00024128 0.000248489
internal_weight=2221 2181 40 2148 2109 294 90 1815 153 1662 204
internal_count=2221 2181 40 2148 2109 294 90 1815 153 1662 204
is_linear=0
shrinkage=1


Tree=1
num_leaves=13
num_cat=0
split_feature=2 13 23 7 18 26 20 21 21 4 23 16
split_gain=0.00688016 0.0082586 0.00618682 0.0047997 0.00253388 0.00213935 0.00290262 0.00218151 0.00168346 0.00162513 0.00115838 0.000946455
threshold=0.048163972678254757 1.0804894419226085 268.27500000000003 0.0036034476362422005 8.8478524434918331 84.500000000000014 3.0650000000000004 15.375000000000002 27.320000650000004 -0.022783389450056046 267.53500000000003 51.749270976927406
decision_type=2 2 2 2 2 2 2 2 2 2 2 2
left_child=1 3 -2 4 -1 7 9 11 -9 -7 -8 -5
right_child=2 -3 -4 5 -6 6 10 8 -10 -11 -12 -13
leaf_value=0 0 -0.00078531496517825889 0.0012410729338548014 1.7206558731614029e-05 0.00092819634448027336 0.00013490703414784615 -0.00065362888314536712 0.0002214062025494589 0 -4.5439619668871049e-05 0 -0.00017157089262664988
leaf_weight=23 20 33 20 137 20 126 27 246 93 1365 24 87
leaf_count=23 20 33 20 137 20 126 27 246 93 1365 24 87
internal_value=0 -1.2147e-05 0.000641615 0 0.000516936 -1.07072e-05 -4.31954e-05 6.93283e-05 0.000152426 -2.67676e-05 -0.00041756 -3.43277e-05
internal_weight=2221 2181 40 2148 43 2105 1542 563 339 1491 51 224
internal_count=2221 2181 40 2148 43 2105 1542 563 339 1491 51 224
is_linear=0
shrinkage=0.05


Tree=2
num_leaves=13
num_cat=0
split_feature=2 13 8 7 18 26 20 5 21 6 10 23
split_gain=0.00624485 0.00747759 0.00630966 0.00441499 0.00223707 0.00192922 0.00267274 0.0021655 0.00195467 0.00171866 0.00106295 0.000996864
threshold=0.048163972678254757 1.0804894419226085 1.0388613644628437 0.0036034476362422005 8.8478524434918331 84.500000000000014 3.0650000000000004 -0.0057271915283360489 15.375000000000002 -0.012651681652699498 1.0197764965083491 267.53500000000003
decision_type=2 2 2 2 2 2 2 2 2 2 2 2
left_child=1 3 -2 4 -1 8 7 -7 10 -10 -5 -8
right_child=2 -3 -4 5 -6 6 11 -9 9 -11 -12 -13
leaf_value=0 0 -0.00074720407887498912 0.001216896664686612 1.7247915916232157e-05 0.00088399656671321125 4.5375177016129895e-05 -0.00062211463145753708 -7.5182823070483052e-05 0.00037247348050392859 6.0774659229940531e-05 -0.00019319018142261105 0
leaf_weight=23 20 33 20 149 20 576 27 915 74 265 75 24
leaf_count=23 20 33 20 149 20 576 27 915 74 265 75 24
internal_value=0 -1.15024e-05 0.000611345 0 0.000495841 -1.02139e-05 -4.11644e-05 -2.52587e-05 6.5614e-05 0.000144416 -3.15345e-05 -0.000400591
internal_weight=2221 2181 40 2148 43 2105 1542 1491 563 339 224 51
internal_count=2221 2181 40 2148 43 2105 1542 1491 563 339 224 51
is_linear=0
shrinkage=0.05


Tree=3
num_leaves=13
num_cat=0
split_feature=18 8 13 24 23 7 13 17 17 0 17 20
split_gain=0.00397788 0.00241831 0.00680523 0.00584933 0.00193405 0.00376467 0.00201814 0.00192759 0.0017171 0.00117877 0.000887473 0.000826393
threshold=8.8478524434918331 1.0420392978735344 1.0804894419226085 1.5572316355000002 268.49500000000006 0.046806487657151903 0.96847664925683785 -0.0023341086902259997 0.0030961350273759005 -0.016295496388613447 0.00023044156824515003 2.5250000000000004
decision_type=2 2 2 2 2 2 2 2 2 2 2 2
left_child=1 2 4 -3 5 8 11 -8 -1 -7 -2 -6
right_child=10 3 -4 -5 6 9 7 -9 -10 -11 -12 -13
leaf_value=4.1340443598159818e-06 0 -0.00014366671439751776 -0.00085989505430916335 0.00070541884511327133 0.00031886961909136026 -5.7323561032359113e-05 -0.00010500980259325218 7.0351136895884078e-05 -0.00012619608988901284 -0.00077678894202108499 0.00075556891105536914 0
leaf_weight=892 20 26 23 38 87 32 217 503 320 23 20 20
leaf_count=892 20 26 23 38 87 32 217 503 320 23 20 20
internal_value=0 -8.95055e-06 -2.03789e-05 0.000286651 -8.36514e-06 -4.91734e-05 4.81001e-05 1.04921e-05 -2.62302e-05 -0.000455975 0.00048815 0.000252426
internal_weight=2221 2181 2117 64 2094 1267 827 720 1212 55 40 107
internal_count=2221 2181 2117 64 2094 1267 827 720 1212 55 40 107
is_linear=0
shrinkage=0.05


Tree=4
num_leaves=13
num_cat=0
split_feature=18 8 13 24 23 7 13 15 17 0 11 20
split_gain=0.00368389 0.00213786 0.00616461 0.00534677 0.00175523 0.00348331 0.00181574 0.00183322 0.00155513 0.000985219 0.000849919 0.000754283
threshold=8.8478524434918331 1.0420392978735344 1.0804894419226085 1.5572316355000002 268.49500000000006 0.046806487657151903 0.96847664925683785 0.02500766985328055 0.0030961350273759005 -0.016295496388613447 0.99073857114331909 2.5250000000000004
decision_type=2 2 2 2 2 2 2 2 2 2 2 2
left_child=1 2 4 -3 5 8 11 -8 -1 -7 -2 -6
right_child=10 3 -4 -5 6 9 7 -9 -10 -11 -12 -13
leaf_value=3.9275699335891279e-06 0.00072934896308219158 -0.00013674944710348629 -0.00081869175696435087 0.00067105226238849223 0.00030310731130570772 -5.4544240516737431e-05 -3.4749381299439082e-06 0.00032479238964283884 -0.00011990594784499799 -0.00073956781168059644 0 0
leaf_weight=892 20 26 23 38 87 32 677 43 320 23 20 20
leaf_count=892 20 26 23 38 87 32 677 43 320 23 20 20
internal_value=0 -8.65813e-06 -1.9533e-05 0.000268905 -7.98198e-06 -4.69496e-05 4.56641e-05 9.61839e-06 -2.47176e-05 -0.000438385 0.000469721 0.000239583
internal_weight=2221 2181 2117 64 2094 1267 827 720 1212 55 40 107
internal_count=2221 2181 2117 64 2094 1267 827 720 1212 55 40 107
is_linear=0
shrinkage=0.05


Tree=5
num_leaves=11
num_cat=0
split_feature=18 6 4 24 19 16 23 16 6 23
split_gain=0.00341074 0.00201616 0.0027266 0.00209964 0.0023555 0.00161531 0.00147076 0.00177093 0.00156307 0.000720915
threshold=8.8478524434918331 0.034880096930985656 -0.041089100042674041 1.3148479185000002 96.61500168000002 73.926047730572733 268.49500000000006 67.77904176845017 -0.012503095630159297 268.06000000000006
decision_type=2 2 2 2 2 2 2 2 2 2
left_child=1 2 -1 -3 -5 6 7 -4 -8 -2
right_child=9 3 5 4 -6 -7 8 -9 -10 -11
leaf_value=0.00052035382757894698 0.00069611959979825081 0 -4.6762958734100888e-05 0 -0.00073781554606345418 -0.00038899499040174611 0.00018442821345120643 0.00033880513173893895 7.0661738704271126e-06 0
leaf_weight=24 20 34 1208 24 29 26 179 27 630 20
leaf_count=24 20 34 1208 24 29 26 179 27 630 20
internal_value=0 -8.37116e-06 0 -0.00024293 -0.000439747 -4.7788e-06 0 -3.40209e-05 5.26615e-05 0.000451932
internal_weight=2221 2181 2094 87 53 2070 2044 1235 809 40
internal_count=2221 2181 2094 87 53 2070 2044 1235 809 40
is_linear=0
shrinkage=0.05


Tree=6
num_leaves=11
num_cat=0
split_feature=2 13 23 7 18 7 5 6 14 17
split_gain=0.00552401 0.00583793 0.00540518 0.00362469 0.00175952 0.00149411 0.00142741 0.00273452 0.00159339 0.0013687
threshold=0.048163972678254757 1.0804894419226085 268.27500000000003 0.0036034476362422005 8.8478524434918331 0.051654069365740511 -0.0055983354300065992 -0.018578224262444095 0.017929846923033104 0.0011351910173140003
decision_type=2 2 2 2 2 2 2 2 2 2
left_child=1 3 -2 4 -1 6 8 -8 -5 -7
right_child=2 -3 -4 5 -6 9 7 -9 -10 -11
leaf_value=0 0 -0.00066040337654960568 0.0011357670792079132 0 0.00079500672119181797 -0.00047177351075251042 0.00015126652409391892 -6.5546524015654733e-05 0.00014341073708807665 0
leaf_weight=23 20 33 20 486 20 32 156 1114 291 26
leaf_count=23 20 33 20 486 20 32 156 1114 291 26
internal_value=0 -1.03487e-05 0.000575439 0 0.000449088 -9.44301e-06 0 -3.48824e-05 5.09799e-05 -0.000257862
internal_weight=2221 2181 40 2148 43 2105 2047 1270 777 58
internal_count=2221 2181 40 2148 43 2105 2047 1270 777 58
is_linear=0
shrinkage=0.05


Tree=7
num_leaves=13
num_cat=0
split_feature=2 10 8 7 19 15 5 9 7 24 2 9
split_gain=0.00500225 0.00539704 0.00534236 0.00351447 0.00154798 0.00151141 0.0024944 0.00201075 0.00159253 0.00117833 0.0014243 0.00112806
threshold=0.048163972678254757 1.1015538785118439 1.0388613644628437 0.0036034476362422005 96.545001985000013 0.018776361574382654 -0.0055983354300065992 0.9619219030223346 0.051654069365740511 0.74565608750000012 0.0005088264760627002 1.0278711212944922
decision_type=2 2 2 2 2 2 2 2 2 2 2 2
left_child=1 3 -2 4 -1 9 8 -8 -7 11 -11 -5
right_child=2 -3 -4 5 -6 6 7 -9 -10 10 -12 -13
leaf_value=0.00072004441797616895 0 -0.00069942715850109904 0.0011053242158821032 -7.6006007690707233e-06 0 7.7580931824054115e-05 0.0001017683780114369 -0.00019039511462492638 -0.00030638038904591531 8.8534777525115123e-05 -1.3751756250172981e-05 -0.00044070874948216524
leaf_weight=23 20 27 20 135 21 277 45 388 26 662 555 22
leaf_count=23 20 27 20 135 21 277 45 388 26 662 555 22
internal_value=0 -9.69151e-06 0.000547738 0 0.00043648 -1.00448e-05 -6.93177e-05 -0.000148346 2.72869e-05 1.80964e-05 3.781e-05 -0.000102342
internal_weight=2221 2181 40 2154 44 2110 736 433 303 1374 1217 157
internal_count=2221 2181 40 2154 44 2110 736 433 303 1374 1217 157
is_linear=0
shrinkage=0.05


Tree=8
num_leaves=13
num_cat=0
split_feature=2 20 10 7 26 20 20 21 21 18 26 23
split_gain=0.00452306 0.00494154 0.00488822 0.0032253 0.00152774 0.00233895 0.00166962 0.00148622 0.00157513 0.00147502 0.000933777 0.000820897
threshold=0.048163972678254757 2.3050000000000002 1.1015538785118439 0.0036034476362422005 84.500000000000014 3.0650000000000004 2.9450000000000007 15.375000000000002 27.320000650000004 8.8478524434918331 75.500000000000014 267.53500000000003
decision_type=2 2 2 2 2 2 2 2 2 2 2 2
left_child=2 -2 3 9 7 6 -6 10 -9 -1 -5 -7
right_child=1 -3 -4 4 5 11 -8 8 -10 -11 -12 -13
leaf_value=0 0.0010572530278780809 0 -0.00066570479389546178 -9.1400986660438653e-05 -3.3742027957940037e-05 -0.00057687575785166708 0.0003009015831776196 0.00019427337005474272 -5.6300906332277323e-07 0.00074171973858028662 0.00015095917206320048 0
leaf_weight=24 20 20 27 184 1458 27 35 247 95 20 40 24
leaf_count=24 20 20 27 184 1458 27 35 247 95 20 40 24
internal_value=0 0.000520779 -9.28277e-06 0 -9.67733e-06 -3.74335e-05 -2.23542e-05 5.71532e-05 0.000125731 0.000418079 -2.54216e-05 -0.000373799
internal_weight=2221 40 2181 2154 2110 1544 1493 566 342 44 224 51
internal_count=2221 40 2181 2154 2110 1544 1493 566 342 44 224 51
is_linear=0
shrinkage=0.05


Tree=9
num_leaves=13
num_cat=0
split_feature=2 8 7 21 18 6 20 5 15 15 18 5
split_gain=0.00408616 0.00485037 0.00477161 0.00353045 0.00213941 0.00144904 0.00308959 0.00166834 0.00399298 0.00108266 0.000271851 0.000231091
threshold=0.048163972678254757 1.0388613644628437 0.051654069365740511 26.110000610000004 8.8478524434918331 -0.032550141044365148 2.6350000000000002 -0.0054368271985122995 0.020230571270101604 0.021289331326770852 1.29032871182252 0.0029040397651468506
decision_type=2 2 2 2 2 2 2 2 2 2 2 2
left_child=2 -2 4 10 5 6 11 9 -9 -7 -4 -1
right_child=1 -3 3 -5 -6 7 -8 8 -10 -11 -12 -13
leaf_value=-0.00014464443479179559 0 0.0010275170495601959 -0.00017993179818235889 -0.00097040935121185624 0.00037535445433796243 2.6772554575704668e-06 0.00062841649771663865 0 -0.00021406589753072091 0.00015797245910839484 0 5.9999801839391386e-05
leaf_weight=23 20 20 26 21 37 596 27 960 284 163 24 20
leaf_count=23 20 20 26 21 37 596 27 960 284 163 24 20
internal_value=0 0.000494992 -8.81928e-06 -0.000409703 2.48931e-06 -1.93275e-06 0.000216679 -1.2172e-05 -4.97177e-05 4.27708e-05 -6.17568e-05 0
internal_weight=2221 40 2181 71 2110 2073 70 2003 1244 759 50 43
internal_count=2221 40 2181 71 2110 2073 70 2003 1244 759 50 43
is_linear=0
shrinkage=0.05


Tree=10
num_leaves=18
num_cat=0
split_feature=2 23 13 2 15 3 6 23 3 3 12 6 3 3 18 8 19
split_gain=0.00367948 0.00466349 0.0043636 0.00156262 0.00155593 0.00242333 0.00297143 0.00161683 0.001385 0.00144227 0.00135324 0.000991331 0.00239852 0.000794847 0.000770376 0.000641257 0.000214757
threshold=0.048163972678254757 268.27500000000003 1.0804894419226085 -0.018675688115292046 0.018807414633711352 0.0043816952936951009 -0.016490985962657946 268.49500000000006 -1.0000000180025095e-35 0.006082972638186101 0.9883730012617673 0.0086211904571380019 0.007531204248244351 -0.0017655691928046998 0.76312685495246535 0.97260104895459609 94.024997710000022
decision_type=2 2 2 2 2 2 2 2 2 2 2 2 2 2 2 2 2
left_child=2 -2 3 11 8 7 -7 -6 10 -10 -5 13 16 15 -15 -1 -13
right_child=1 -3 -4 4 5 6 -8 -9 9 -11 -12 12 -14 14 -16 -17 -18
leaf_value=2.4729771661617214e-05 0 0.00099314196595168183 -0.00057017724659732172 -1.0217664883288977e-05 -0.00025651054608350144 0.00040959442582044926 -3.755215395863082e-05 -7.3412395040231997e-06 -0.0001310639242722391 1.3092636943273052e-05 0.00012565055816633538 0 0 0 0.00024764650420547698 -0.00017085998550385285 0.00059515629372773615
leaf_weight=30 20 20 33 227 213 43 172 157 249 410 394 21 35 41 59 63 34
leaf_count=30 20 20 33 227 213 43 172 157 249 410 394 21 35 41 59 63 34
internal_value=0 0.00046993 -8.13692e-06 0 -1.58682e-05 -8.4518e-05 3.02113e-05 -0.000164564 1.16451e-05 -3.39165e-05 6.80102e-05 0.000110005 0.000253853 1.61892e-05 0.000131773 -5.49832e-05 0.000460211
internal_weight=2221 40 2181 2148 1865 585 215 370 1280 659 621 283 90 193 100 93 55
internal_count=2221 40 2181 2148 1865 585 215 370 1280 659 621 283 90 193 100 93 55
is_linear=0
shrinkage=0.05


Tree=11
num_leaves=17
num_cat=0
split_feature=2 8 7 21 11 7 21 6 20 7 26 24 19 24 19 25
split_gain=0.0033098 0.00440212 0.00422458 0.00313747 0.00179323 0.00260166 0.00284657 0.00175877 0.00192425 0.0017001 0.00145421 0.00095014 0.000965505 0.000615416 0.00161115 0.000527079
threshold=0.048163972678254757 1.0388613644628437 0.051654069365740511 26.110000610000004 1.059817298916969 0.0065684079848385502 19.345000265000007 -0.03515924887613419 2.3750000000000004 0.026214221991798101 87.500000000000014 0.96807009700000013 89.680000305000007 1.121645427 97.634998320000008 0.57278644300000014
decision_type=2 2 2 2 2 2 2 2 2 2 2 2 2 2 2 2
left_child=2 -2 4 15 5 6 -1 8 -7 11 -9 -6 -13 -11 -15 -4
right_child=1 -3 3 -5 9 7 -8 10 -10 13 -12 12 -14 14 -16 -17
leaf_value=0.00068293203438271686 0 0.00095494141813278919 -0.00021638280329024117 -0.00091414417806928152 0 0 0 7.6170597852786914e-05 0.00065396312150617396 0.00017976328467902465 -2.5994791124814078e-05 0 -0.0003483674612751873 1.4877532349214298e-05 -0.00035508445288167636 0
leaf_weight=30 20 20 30 21 23 21 21 482 21 38 1232 21 102 86 33 20
leaf_count=30 20 20 30 21 23 21 21 482 21 38 1232 21 102 86 33 20
internal_value=0 0.000445708 -7.70825e-06 -0.000385043 2.79665e-06 2.39708e-05 0.000375752 1.07001e-05 0.000327005 -0.000106695 0 -0.000229032 -0.000285204 0 -4.81544e-05 -5.12146e-05
internal_weight=2221 40 2181 71 2110 1807 51 1756 42 303 1714 146 123 157 119 50
internal_count=2221 40 2181 71 2110 1807 51 1756 42 303 1714 146 123 157 119 50
is_linear=0
shrinkage=0.05


Tree=12
num_leaves=13
num_cat=0
split_feature=18 6 4 3 17 18 16 14 4 17 23 11
split_gain=0.00216939 0.00164872 0.00240989 0.00210219 0.00191874 0.00271674 0.00150493 0.00155456 0.00124198 0.000992319 0.000761719 4.92254e-05
threshold=8.8478524434918331 0.034880096930985656 -0.041089100042674041 0.011827095640099003 -0.0078934137553876987 0.059101926141508457 73.926047730572733 0.012414651160504801 0.0094801687571145019 0.00023044156824515003 269.71000000000004 0.91148565531545811
decision_type=2 2 2 2 2 2 2 2 2 2 2 2
left_child=1 2 -1 10 5 11 7 -6 -7 -2 -3 -4
right_child=9 3 4 -5 6 8 -8 -9 -10 -11 -12 -13
leaf_value=0.0004902164397506567 0 -0.00020486676462015192 0 -0.00059173769664657479 -5.776971609019194e-05 -0.00030789908033309785 -0.00035133886952987977 4.6685006235887625e-05 0 0.00061049228829991391 0.00012829188998098132 0.00021515021947769646
leaf_weight=24 20 33 21 26 445 143 26 1393 22 20 28 20
leaf_count=24 20 33 21 26 445 143 26 1393 22 20 28 20
internal_value=0 -5.96204e-06 5.78875e-07 -0.000218431 -2.91775e-06 -0.000149131 1.06313e-05 1.86588e-05 -0.000252058 0.000361093 0 0.000142178
internal_weight=2221 2181 2094 87 2070 206 1864 1838 165 40 61 41
internal_count=2221 2181 2094 87 2070 206 1864 1838 165 40 61 41
is_linear=0
shrinkage=0.05


Tree=13
num_leaves=17
num_cat=0
split_feature=2 20 7 25 2 9 15 18 17 14 4 10 19 6 10 16
split_gain=0.0029902 0.00425711 0.00376987 0.00289772 0.00171634 0.00181646 0.00225346 0.0016369 0.00155879 0.00107115 0.00102888 0.00136367 0.0012339 0.000779962 0.000672512 0.000311344
threshold=0.048163972678254757 2.3050000000000002 0.051654069365740511 0.57278644300000014 -0.020022063757498647 0.95974444857149266 0.026803659822660454 1.5570646998137234 -0.0067969611127515995 0.026782359550503353 0.017922447133534452 0.92925601082701137 93.61500168000002 -0.00094431737624224989 0.90814173667588804 51.749270976927406
decision_type=2 2 2 2 2 2 2 2 2 2 2 2 2 2 2 2
left_child=2 -2 4 9 10 8 7 -7 14 -4 11 -1 -13 -8 -6 -12
right_child=1 -3 3 -5 5 6 13 -9 -10 -11 15 12 -14 -15 -16 -17
leaf_value=0 0.00092607421075670238 0 -8.5124948066853288e-05 0 0.0002765663838467195 -3.2666048924349329e-05 0 0.00011265735944890349 0.00050207775580080733 -0.00095780985881685336 0 0 0.00032974958157805205 -0.00053931120598431814 -3.9125809933243637e-05 -0.00018809576062432659
leaf_weight=30 20 20 23 28 20 1514 25 213 29 20 24 38 120 28 48 21
leaf_count=30 20 20 23 28 20 1514 25 213 29 20 24 38 120 28 48 21
internal_value=0 0.000423893 -7.04776e-06 -0.000363569 2.74692e-06 -1.07245e-05 -2.47578e-05 -1.17942e-05 0.000193399 -0.000617205 0.000132219 0.00018776 0.000251688 -0.000346542 0 0
internal_weight=2221 40 2181 71 2110 1877 1780 1727 97 43 233 188 158 53 68 45
internal_count=2221 40 2181 71 2110 1877 1780 1727 97 43 233 188 158 53 68 45
is_linear=0
shrinkage=0.05


end of trees

feature_importances:
Daily_Range_Pct=14
Volume_to_MA_10=14
Ret_Lag_1=13
USDA_WASDE_Stocks=12
Ret_Lag_10=11
MACD_Pct=10
US_10Y_Yield=10
Close_to_MA_5=9
Close_to_EMA_20=9
VIX=8
Rolling_Std_20=7
Ret_Lag_2=6
Ret_Lag_5=6
USD_Index=6
Precipitation_KeyRegions=6
Ret_Lag_3=5
Close_to_MA_20=5
RSI_14=5
Planting_Progress_Pct=5
Close_to_MA_10=3
Close_to_MA_50=3
Rolling_Std_10=3
Return=2
Temperature_Anomaly_KeyRegions=2
Close_to_EMA_10=1
CPI_Inflation=1

parameters:
[boosting: gbdt]
[objective: regression]
[metric: l2]
[tree_learner: serial]
[device_type: cpu]
[data_sample_strategy: bagging]
[data: ]
[valid: ]
[num_iterations: 200]
[learning_rate: 0.05]
[num_leaves: 31]
[num_threads: 20]
[seed: 42]
[deterministic: 0]
[force_col_wise: 0]
[force_row_wise: 0]
[histogram_pool_size: -1]
[max_depth: 6]
[min_data_in_leaf: 20]
[min_sum_hessian_in_leaf: 0.001]
[bagging_fraction: 0.8]
[pos_bagging_fraction: 1]
[neg_bagging_fraction: 1]
[bagging_freq: 0]
[bagging_seed: 400]
[bagging_by_query: 0]
[feature_fraction: 0.8]
[feature_fraction_bynode: 1]
[feature_fraction_seed: 30056]
[extra_trees: 0]
[extra_seed: 12879]
[early_stopping_round: 0]
[early_stopping_min_delta: 0]
[first_metric_only: 0]
[max_delta_step: 0]
[lambda_l1: 0.1]
[lambda_l2: 1]
[linear_lambda: 0]
[min_gain_to_split: 0]
[drop_rate: 0.1]
[max_drop: 50]
[skip_drop: 0.5]
[xgboost_dart_mode: 0]
[uniform_drop: 0]
[drop_seed: 17869]
[top_rate: 0.2]
[other_rate: 0.1]
[min_data_per_group: 100]
[max_cat_threshold: 32]
[cat_l2: 10]
[cat_smooth: 10]
[max_cat_to_onehot: 4]
[top_k: 20]
[monotone_constraints: ]
[monotone_constraints_method: basic]
[monotone_penalty: 0]
[feature_contri: ]
[forcedsplits_filename: ]
[refit_decay_rate: 0.9]
[cegb_tradeoff: 1]
[cegb_penalty_split: 0]
[cegb_penalty_feature_lazy: ]
[cegb_penalty_feature_coupled: ]
[path_smooth: 0]
[interaction_constraints: ]
[verbosity: -1]
[saved_feature_importance_type: 0]
[use_quantized_grad: 0]
[num_grad_quant_bins: 4]
[quant_train_renew_leaf: 0]
[stochastic_rounding: 1]
[linear_tree: 0]
[max_bin: 255]
[max_bin_by_feature: ]
[min_data_in_bin: 3]
[bin_construct_sample_cnt: 200000]
[data_random_seed: 175]
[is_enable_sparse: 1]
[enable_bundle: 1]
[use_missing: 1]
[zero_as_missing: 0]
[feature_pre_filter: 1]
[pre_partition: 0]
[two_round: 0]
[header: 0]
[label_column: ]
[weight_column: ]
[group_column: ]
[ignore_column: ]
[categorical_feature: ]
[forcedbins_filename: ]
[precise_float_parser: 0]
[parser_config_file: ]
[objective_seed: 16083]
[num_class: 1]
[is_unbalance: 0]
[scale_pos_weight: 1]
[sigmoid: 1]
[boost_from_average: 1]
[reg_sqrt: 0]
[alpha: 0.9]
[fair_c: 1]
[poisson_max_delta_step: 0.7]
[tweedie_variance_power: 1.5]
[lambdarank_truncation_level: 30]
[lambdarank_norm: 1]
[label_gain: ]
[lambdarank_position_bias_regularization: 0]
[eval_at: ]
[multi_error_top_k: 1]
[auc_mu_weights: ]
[num_machines: 1]
[local_listen_port: 12400]
[time_out: 120]
[machine_list_filename: ]
[machines: ]
[gpu_platform_id: -1]
[gpu_device_id: -1]
[gpu_device_id_list: ]
[gpu_use_dp: 0]
[num_gpu: 1]

end of parameters

pandas_categorical:[]
