tree
version=v4
num_class=1
num_tree_per_iteration=1
label_index=0
max_feature_idx=27
objective=regression
feature_names=Return Log_Return Ret_Lag_1 Ret_Lag_2 Ret_Lag_3 Ret_Lag_5 Ret_Lag_10 Daily_Range_Pct Close_to_MA_5 Close_to_MA_10 Close_to_MA_20 Close_to_MA_50 Close_to_EMA_10 Close_to_EMA_20 Rolling_Std_10 Rolling_Std_20 RSI_14 MACD_Pct Volume_to_MA_10 USD_Index US_10Y_Yield VIX CPI_Inflation USDA_WASDE_Stocks Precipitation_KeyRegions Temperature_Anomaly_KeyRegions Planting_Progress_Pct Export_Sales
feature_infos=[-0.1068233643220487:0.21776098252243731] [-0.1129709173542847:0.19701391236426749] [-0.1068233643220487:0.21776098252243731] [-0.1068233643220487:0.21776098252243731] [-0.1068233643220487:0.21776098252243731] [-0.1068233643220487:0.21776098252243731] [-0.1068233643220487:0.21776098252243731] [0:0.1318851823118696] [0.84955297096289262:1.2587276011913482] [0.89015151515151514:1.3770631910688531] [0.81774046076777451:1.5471457454170454] [0.74836538144242415:1.7154945173986833] [0.89585158866229841:1.3148350932670614] [0.83851220122397296:1.4389864811421575] [0.0046694959248203003:0.1066195432533204] [0.0065568448117416999:0.079455399387556899] [18.985032428732001:87.668664699449806] [-0.026393370433859701:0.044132612988063702] [0:9.9206634602396004] [79.77999878:114.11000060000001] [0.52000000000000002:3.9700000000000002] [9.1400003430000005:82.690002440000001] [234.74700000000001:298.00700000000001] [188.61000000000001:321.44999999999999] [0.17253421199999999:4.7756856670000003] [-6.4705817689999998:4.357689594] [1:98] [0:2540376]
tree_sizes=1840 2600 2859 2706 2698 2602 2604 2741 2805 2724 2896 2866 2870 2617 2883 2895 2865 2877 2892 2842 2882 2870 2859 2872 2868 2881 2864 2900 2879 2635

Tree=0
num_leaves=20
num_cat=0
split_feature=22 22 22 19 10 20 19 13 22 22 27 16 27 18 20 19 10 13 25
split_gain=2.41718 8.58424 1.57727 1.17617 0.87404 0.72204 0.641911 0.630055 0.482331 0.445828 0.419681 0.434475 0.409851 0.179425 0.167376 0.0727811 0.0654785 0.0276336 0.015582
threshold=286.08700000000005 279.88200000000006 240.38350000000003 104.96500015000002 0.99800241534097411 3.2650000000000001 99.264999390000014 1.0415879942733659 238.53600000000003 259.28300000000007 136184.50000000003 61.780290950853448 552407.00000000012 0.81048226534856149 1.4450000000000001 95.64500046000002 0.97353672590457963 0.97169874418502278 -2.0568657829999997
decision_type=2 2 2 2 2 2 2 2 2 2 2 2 2 2 2 2 2 2 2
left_child=1 2 7 6 9 17 -2 8 12 13 -6 -12 -1 -4 -11 -10 -8 -5 -9
right_child=3 -3 4 5 10 -7 16 18 15 14 11 -13 -14 -15 -16 -17 -18 -19 -20
leaf_value=0.016196275566837087 0.015682332281301045 0.028269947506719299 0.018660847706614189 0.019281350994955673 0.012886137229354232 0.012568095920231233 0.011835263724735253 0.01403502674502413 0.013326507860761228 0.020914595400616836 0.017666410496912387 0.016123857187670683 0.018797301971406079 0.017459529955079298 0.018647673901327617 0.015655397240973361 0.0085262015054368562 0.017590980233455324 0.011801990787746887
leaf_weight=376 24 64 255 28 20 26 23 21 53 86 528 237 62 211 55 25 37 20 28
leaf_count=376 24 64 255 28 20 26 23 21 53 86 528 237 62 211 55 25 37 20 28
internal_value=0.017264 0.0175441 0.0171894 0.0137024 0.0177304 0.0165251 0.0112891 0.0158527 0.0161743 0.0185849 0.0170726 0.0171916 0.0165739 0.0181249 0.0200674 0.0140052 0.0096357 0.0186593 0.0126153
internal_weight=2179 2021 1957 158 1392 74 84 565 516 607 785 765 438 466 141 78 60 48 49
internal_count=2179 2021 1957 158 1392 74 84 565 516 607 785 765 438 466 141 78 60 48 49
is_linear=0
shrinkage=1


Tree=1
num_leaves=28
num_cat=0
split_feature=23 19 22 19 11 22 11 16 23 22 26 22 15 23 26 23 23 19 11 23 15 21 14 19 20 20 14
split_gain=3.42462 1.95226 3.29481 2.98365 1.38045 0.96067 1.00029 0.94913 0.855097 0.716242 0.618682 1.51306 0.42098 0.401682 0.353269 0.343063 0.258378 0.246825 0.218378 0.206726 0.193381 0.109123 0.107867 0.0894254 0.0503708 0.0179201 0.00496575
threshold=268.73000000000008 99.165000915000022 279.88200000000006 97.384998320000008 1.077282580569878 252.37150000000003 0.93597718018346721 58.537782334935685 266.78000000000003 241.45850000000004 75.500000000000014 237.48750000000004 0.018752701894558053 267.18000000000001 95.500000000000014 255.52000000000001 314.01500000000004 98.795001985000013 1.0037784280013782 293.67500000000001 0.010039632970223153 35.950000765000006 0.019424493662493204 106.06999970000003 2.9250000000000003 0.74500000000000011 0.011915310538807853
decision_type=2 2 2 2 2 2 2 2 2 2 2 2 2 2 2 2 2 2 2 2 2 2 2 2 2 2 2
left_child=4 2 7 -4 5 9 23 20 26 10 11 -1 -3 -10 17 -12 19 -11 -16 -9 -2 -22 -6 -7 -24 -18 -8
right_child=1 12 3 -5 22 6 8 16 13 14 15 -13 -14 -15 18 -17 25 -19 -20 -21 21 -23 24 -25 -26 -27 -28
leaf_value=0.0048437493555247785 -0.00073382452248849659 -0.00084243439214706816 0.010680848932151609 -0.0015361158355325459 -0.0022010332445303597 -0.00036995831318199638 -0.00050527655426412822 -0.0002116736233278754 -0.0081179886627942323 0.0010434983467502105 -0.0012315865968615352 -0.0020468141996158431 -0.0055743185939888164 -0.0038490251460699021 0.00067693855382614323 -0.0043383496763805549 0.0021272160998649062 0.0040021747497300947 -0.0012304699625040052 -0.0024389435595034491 0.0021767504225537189 0 -0.0054967125933278694 0.0020339632001705465 -0.0031835128611160651 0.00062470418573171962 3.1000616740202522e-05
leaf_weight=50 21 36 64 24 26 21 21 125 31 188 416 64 35 80 111 35 26 30 102 55 442 20 54 31 26 21 24
leaf_count=50 21 36 64 24 26 21 21 125 31 188 416 64 35 80 111 35 26 30 102 55 442 20 54 31 26 21 24
internal_value=0 0.00145894 0.00188626 0.00733542 -0.000968756 -0.000674968 -0.00252603 0.00119729 -0.0037254 -0.000283246 -0.000987215 0.000965116 -0.00326174 -0.00512988 0.000632795 -0.00148839 -0.000390673 0.00148077 -0.000223931 -0.000918518 0.00194906 0.00207881 -0.00424021 0.00101788 -0.00483054 0.00154538 -0.000159588
internal_weight=2179 869 798 88 1310 1204 208 710 156 996 565 114 71 111 431 451 227 218 213 180 483 462 106 52 80 47 45
internal_count=2179 869 798 88 1310 1204 208 710 156 996 565 114 71 111 431 451 227 218 213 180 483 462 106 52 80 47 45
is_linear=0
shrinkage=0.03


Tree=2
num_leaves=31
num_cat=0
split_feature=23 19 23 23 10 20 11 11 26 23 26 20 15 15 15 11 19 20 23 15 20 21 20 21 26 20 15 15 20 11
split_gain=3.22361 1.8402 1.84524 2.52474 1.31638 1.14408 0.790784 0.609701 0.622742 0.9238 0.525225 0.484298 0.447629 0.396169 0.336901 0.325002 0.270551 0.55664 0.297554 0.268238 0.234654 0.143776 0.111042 0.0846035 0.059113 0.0586905 0.0582854 0.0551534 0.0177796 0.0112275
threshold=268.73000000000008 99.165000915000022 280.73000000000008 277.68000000000006 1.0571083935251895 1.3900000000000001 1.0623456106342128 1.0078241112256918 71.000000000000014 202.86000000000004 96.500000000000014 2.4750000000000005 0.027638918489132806 0.018752701894558053 0.014134440978401152 0.99961757829626952 93.750000000000014 2.3950000000000005 266.93500000000006 0.010039632970223153 0.92500000000000016 36.635000225000006 3.02 20.069999695000003 94.500000000000014 2.4150000000000005 0.016726729305686954 0.015919692904401952 2.6850000000000005 1.0105562805563972
decision_type=2 2 2 2 2 2 2 2 2 2 2 2 2 2 2 2 2 2 2 2 2 2 2 2 2 2 2 2 2 2
left_child=4 2 3 15 7 -5 19 8 9 25 11 -10 16 -3 -11 28 17 -9 -18 -4 -8 -21 -12 24 -6 -1 -17 -22 -2 -7
right_child=1 13 6 5 23 29 20 12 10 14 22 -13 -14 -15 -16 26 18 -19 -20 21 27 -23 -24 -25 -26 -27 -28 -29 -30 -31
leaf_value=0.0034865222331136462 0.0035980906181037426 -0.00081784444113538861 -0.0010387996699322351 0.0020537251788191498 -0.0019065838986602815 0.011144269870860235 0.0014263709302246568 -0.002252585933053572 -0.00050934913624212368 0.0034839868659951854 0.0013974051632448812 -0.0026730890991808849 -0.0053924245321088369 -0.0054117343804488587 -0.00071737604001982798 -0.00075395506398903364 -0.0013944011435227952 0.001868065505441217 -0.004192090722537318 0.0018548850299637109 -0.00017135560459324289 -0.00061750408075749873 -0.0009082562258200986 -0.0062337014098530234 -0.0042419760868937341 0.0065616966093128377 0.0009486725409648246 -0.0021102110291831198 0.0018220012982242872 0.0078468265432119367
leaf_weight=23 39 36 32 23 22 41 24 56 389 20 117 124 26 35 93 36 223 60 42 402 20 20 20 22 52 21 34 83 20 24
leaf_count=23 39 36 32 23 22 41 24 56 389 20 117 124 26 35 93 36 223 60 42 402 20 20 20 22 52 21 34 83 20 24
internal_value=0 0.00141495 0.00182989 0.00418813 -0.000940424 0.00808449 0.000938271 -0.000668185 -0.000185888 0.00149851 -0.00059902 -0.00104238 -0.00161433 -0.00316782 2.39507e-05 0.00146533 -0.00133521 -9.7824e-05 -0.00186318 0.00152587 -0.00113435 0.00172944 0.00103493 -0.00430981 -0.00362235 0.00513409 3.24958e-05 -0.00176785 0.00308643 0.0101095
internal_weight=2179 869 798 217 1310 88 581 1214 807 157 650 513 407 71 113 129 381 116 265 454 127 422 137 96 74 44 70 103 59 65
internal_count=2179 869 798 217 1310 88 581 1214 807 157 650 513 407 71 113 129 381 116 265 454 127 422 137 96 74 44 70 103 59 65
is_linear=0
shrinkage=0.03


Tree=3
num_leaves=29
num_cat=0
split_feature=23 19 22 19 13 16 22 22 19 23 23 19 20 23 19 20 23 16 23 14 13 21 20 22 21 20 14 17
split_gain=3.03664 1.73532 2.92813 2.66186 1.07839 0.857395 0.789592 0.659316 0.616307 0.711762 0.430766 0.353749 0.340006 0.296369 0.255685 0.24697 0.234114 0.203641 0.185757 0.130299 0.106567 0.105789 0.0994784 0.0879508 0.0440924 0.0164332 0.00507623 0.0034387
threshold=268.73000000000008 99.165000915000022 279.88200000000006 97.384998320000008 1.0415879942733659 58.537782334935685 252.37150000000003 240.86050000000003 105.18000030000002 266.78000000000003 255.52000000000001 80.950000765000013 1.7750000000000001 268.27500000000003 97.944999695000021 3.0850000000000004 314.01500000000004 38.286919702130888 293.67500000000001 0.019193068816368054 0.96554995378794228 16.460000035000004 1.4450000000000001 241.45850000000004 40.194999695000007 0.74500000000000011 0.011915310538807853 -0.0053305343269289497
decision_type=2 2 2 2 2 2 2 2 2 2 2 2 2 2 2 2 2 2 2 2 2 2 2 2 2 2 2 2
left_child=4 2 5 -4 6 20 7 10 9 26 11 -1 24 14 -9 -10 18 -11 -7 -6 27 23 -22 -21 -3 -18 -8 -2
right_child=1 12 3 -5 19 16 8 13 15 17 -12 -13 -14 -15 -16 -17 25 -19 -20 21 22 -23 -24 -25 -26 -27 -28 -29
leaf_value=-0.0034563730984926225 0.0033981960564851759 -0.00064874321882259743 0.010073845972063449 -0.0014597566037625074 -0.0018047282227581099 -0.00021350009579743656 -0.00046693703130056913 -0.00011010914454688237 0.0018207314967404345 -0.0017162195655771274 -0.0040000224245712165 -0.00049284817848914734 -0.0063564064162118092 0.003981509178538214 0.0014550525622508644 -0.0022354428970388003 0.0020164626915421748 -0.005370184041293604 -0.0023270926186814904 -0.0048200985155999656 0.0021990956179255717 -0.0059315608456730843 0.0011922112139432981 -0.0020532735850395901 -0.0026341247207601554 0.000572692384985699 0.00010167705323081462 0.0021336270675904327
leaf_weight=39 43 28 64 24 34 125 21 289 36 21 39 461 20 21 136 20 26 83 55 23 173 29 237 34 23 21 24 30
leaf_count=39 43 28 64 24 34 125 21 289 36 21 39 461 20 21 136 20 26 83 55 23 173 29 237 34 23 21 24 30
internal_value=0 0.00137318 0.0017762 0.00691355 -0.000912866 0.00112641 -0.000634852 -0.000277838 -0.00232602 -0.00333055 -0.000985096 -0.000736429 -0.00307663 0.000570478 0.00038594 0.000305663 -0.000382344 -0.00468431 -0.000885183 -0.00361702 0.00184102 -0.00427004 0.00162868 -0.00328529 -0.00163524 0.00145924 -0.000102841 0.00295491
internal_weight=2179 869 798 88 1310 710 1190 985 205 149 539 500 71 446 425 56 227 104 180 120 483 86 410 57 51 47 45 73
internal_count=2179 869 798 88 1310 710 1190 985 205 149 539 500 71 446 425 56 227 104 180 120 483 86 410 57 51 47 45 73
is_linear=0
shrinkage=0.03


Tree=4
num_leaves=29
num_cat=0
split_feature=23 19 22 19 10 16 22 11 23 22 26 22 26 23 15 19 21 23 19 23 15 21 19 21 26 20 22 14
split_gain=2.86061 1.63822 2.75584 2.50874 1.1878 0.807473 0.757934 0.836377 0.725483 0.692925 0.668326 1.31652 0.420267 0.360943 0.354808 0.284904 0.274867 0.221199 0.215134 0.174814 0.170879 0.0974858 0.0765456 0.074179 0.0516997 0.0152182 0.00793871 0.00481674
threshold=268.73000000000008 99.165000915000022 279.88200000000006 97.384998320000008 1.0571083935251895 58.537782334935685 252.37150000000003 0.93597718018346721 266.78000000000003 240.86050000000003 75.500000000000014 237.48750000000004 95.500000000000014 267.18000000000001 0.018752701894558053 95.564998625000015 11.215000155000002 314.01500000000004 98.795001985000013 293.67500000000001 0.010039632970223153 35.950000765000006 106.06999970000003 20.069999695000003 94.500000000000014 0.74500000000000011 244.08450000000002 0.013897514621049803
decision_type=2 2 2 2 2 2 2 2 2 2 2 2 2 2 2 2 2 2 2 2 2 2 2 2 2 2 2 2
left_child=4 2 5 -4 6 20 9 22 27 10 11 -1 18 -10 -3 -12 -14 19 -11 -7 -2 -22 -8 24 -6 -19 -26 -9
right_child=1 14 3 -5 23 17 7 8 13 12 15 -13 16 -15 -16 -17 -18 25 -20 -21 21 -23 -24 -25 26 -27 -28 -29
leaf_value=0.0045894749887725886 -0.00072984968684613701 -0.00076215777778093434 0.0097762797137865651 -0.0014177155814319848 -0.0018086813082209907 -0.00020714592423644803 -0.00031960531637411228 -0.00042985715725808407 -0.0075721912028328068 0.0010722958264225185 -0.0022248921105438523 -0.0023531386134947865 -0.0022265467860528992 -0.0034857408135301536 -0.0051150252278894187 -0.00068887012956322664 0.00022184581449944193 0.0019582093233863514 0.0038233085968583298 -0.0022585265203379098 0.002001817369486182 0 0.0018959345013136043 -0.0059061425085300987 -0.0048175097066495151 0.00055629254246807903 -0.0029614778293503654 0.00012203678796346217
leaf_weight=50 21 36 64 24 22 125 21 23 30 208 233 46 53 80 35 219 168 26 30 55 442 20 31 22 26 21 26 22
leaf_count=50 21 36 64 24 22 125 21 23 30 208 233 46 53 80 35 219 168 26 30 55 442 20 31 22 26 21 26 22
internal_value=-8.37061e-08 0.00133226 0.00172391 0.00670804 -0.000886535 0.00109338 -0.000627797 -0.00227863 -0.003382 -0.000283551 -0.00100494 0.00124191 0.000571502 -0.00468543 -0.00299084 -0.00149046 -0.000359196 -0.000370473 0.00144616 -0.000859546 0.0017869 0.0019091 0.000955445 -0.00408736 -0.0034351 0.00141896 -0.00401948 -9.80375e-05
internal_weight=2179 869 798 88 1310 710 1214 207 155 1007 548 96 459 110 71 452 221 227 238 180 483 462 52 96 74 47 52 45
internal_count=2179 869 798 88 1310 710 1214 207 155 1007 548 96 459 110 71 452 221 227 238 180 483 462 52 96 74 47 52 45
is_linear=0
shrinkage=0.03


Tree=5
num_leaves=28
num_cat=0
split_feature=23 19 22 19 11 16 22 11 23 26 23 19 22 23 15 23 19 23 23 20 22 20 14 19 20 20 14
split_gain=2.69986 2.15388 2.51744 2.36446 0.98526 0.802227 0.614831 0.798907 0.750074 0.452415 0.947337 0.681106 0.541775 0.313963 0.309844 0.297355 0.224178 0.190506 0.191907 0.189082 0.230024 0.110674 0.0850776 0.0723488 0.047847 0.0140803 0.00457319
threshold=268.27500000000003 99.165000915000022 279.88200000000006 97.384998320000008 1.077282580569878 58.537782334935685 252.37150000000003 0.93597718018346721 266.78000000000003 58.500000000000007 202.86000000000004 98.625000000000014 240.38350000000003 267.18000000000001 0.018752701894558053 255.52000000000001 91.319999695000021 314.01500000000004 292.89500000000004 2.3250000000000006 256.03400000000005 2.6850000000000005 0.019424493662493204 106.06999970000003 2.8850000000000002 0.74500000000000011 0.011915310538807853
decision_type=2 2 2 2 2 2 2 2 2 2 2 2 2 2 2 2 2 2 2 2 2 2 2 2 2 2 2
left_child=4 2 5 -4 6 19 9 23 26 10 -1 -12 15 -10 -3 -11 -14 18 -7 20 -2 -21 -6 -8 -24 -19 -9
right_child=1 14 3 -5 22 17 7 8 13 12 11 -13 16 -15 -16 -17 -18 25 -20 21 -22 -23 24 -25 -26 -27 -28
leaf_value=0.0050878029271960255 -0.00087353179079946127 -0.00073991101940407893 0.0094875037636894446 -0.0013768854186125099 -0.0019457409268038141 0 -0.00031045299438251694 -0.00044125611901240931 -0.0074245056733489041 -0.0011098740484545189 -0.0011306945763664836 0.004238030609889672 0.0026466558563613121 -0.0034843473261730235 -0.0044209527408639931 -0.0040082735208173594 -1.3211911151785644e-05 0.0019016388840973376 -0.0020006486333577949 0.0038082236677408222 0.001733346298253358 0.0013999460184396329 -0.0049085630381272899 0.0018408339085872283 -0.0025079547781497236 0.00054036234052513127 9.6558648188947686e-05
leaf_weight=39 31 36 64 24 26 120 21 21 31 401 115 25 30 65 57 35 330 26 67 64 370 32 53 31 20 21 24
leaf_count=39 31 36 64 24 26 120 21 21 31 401 115 25 30 65 57 35 330 26 67 64 370 32 53 31 20 21 24
internal_value=-6.75107e-07 0.00124186 0.00173611 0.0065086 -0.000897702 0.00114937 -0.000649291 -0.00219468 -0.0033651 -0.000338375 0.00101411 -0.000127459 -0.000647169 -0.00485104 -0.00305098 -0.00135805 0.000206851 -0.000287278 -0.000727354 0.00183103 0.00152268 0.0030591 -0.00376264 0.000925976 -0.00433418 0.00137984 -9.33406e-05
internal_weight=2179 912 819 88 1267 731 1168 193 141 975 179 140 796 96 93 436 360 234 187 497 401 96 99 52 73 47 45
internal_count=2179 912 819 88 1267 731 1168 193 141 975 179 140 796 96 93 436 360 234 187 497 401 96 99 52 73 47 45
is_linear=0
shrinkage=0.03


Tree=6
num_leaves=28
num_cat=0
split_feature=23 19 22 19 10 22 19 23 13 22 23 27 22 19 19 20 19 23 23 23 20 13 14 10 27 27 14
split_gain=2.54265 2.02973 2.36945 2.22851 0.888689 0.562346 0.615365 0.600585 0.535053 0.479632 0.362155 0.318741 0.230684 0.197364 0.291281 0.194082 0.254697 0.182082 0.174629 0.240679 0.0869597 0.0579993 0.0439767 0.0358342 0.0292912 0.0267203 0.0043384
threshold=268.27500000000003 99.165000915000022 279.88200000000006 97.384998320000008 1.0571083935251895 252.37150000000003 105.18000030000002 266.78000000000003 1.018169006395073 240.86050000000003 255.52000000000001 552407.00000000012 259.18850000000003 91.319999695000021 98.064998625000015 2.3250000000000006 93.89500046000002 267.18000000000001 314.01500000000004 292.89500000000004 2.6850000000000005 0.95811233039404009 0.019193068816368054 0.99356515622008679 546255.00000000012 482646.00000000006 0.013897514621049803
decision_type=2 2 2 2 2 2 2 2 2 2 2 2 2 2 2 2 2 2 2 2 2 2 2 2 2 2 2
left_child=4 2 8 -4 5 9 7 26 15 10 11 -1 23 -11 -15 16 -2 -9 19 -10 -17 -8 -6 -3 -14 -20 -7
right_child=1 12 3 -5 22 6 21 17 18 13 -12 -13 24 14 -16 20 -18 -19 25 -21 -22 -23 -24 -25 -26 -27 -28
leaf_value=-0.0010560281268864565 0.0021926102659993968 -0.00040431768941279092 0.0092072575004628048 -0.0013372311060503123 -0.0022069888087280559 -0.00040615718132175973 0.0020212124469024791 -0.006106381470435544 0.00036861137743957718 0.0026170045409182252 -0.0037179238826036453 0.00096174174763194941 -0.0055346023403108121 -0.00039528979233413835 0.0012784919925446351 0.0037072713521660353 0.00059596369013359591 -0.003187436452929807 0.0005536049844748858 -0.0017445230025647058 0.0014211333183833628 0 -0.0042987062666070414 -0.0022780755077089578 -0.0031138564731180663 0.0020728361940230517 0.00011576405178588489
leaf_weight=427 188 26 64 24 23 23 20 37 136 32 39 82 23 263 143 60 186 67 26 73 29 26 63 20 24 33 22
leaf_count=427 188 26 64 24 23 23 20 37 136 32 39 82 23 263 143 60 186 67 26 73 29 26 63 20 24 33 22
internal_value=-8.83488e-07 0.00120489 0.00168475 0.00631507 -0.000871442 -0.000652203 -0.00212316 -0.00305916 0.00111538 -0.000356398 -0.000948766 -0.000723834 -0.00296205 0.000378377 0.000188566 0.00173195 0.00141026 -0.00430274 3.65384e-05 -0.000359976 0.00301975 0.000845412 -0.00380557 -0.00131396 -0.0044516 0.00147373 -8.88087e-05
internal_weight=2179 912 819 88 1267 1181 195 149 731 986 548 509 93 438 406 463 374 104 268 209 89 46 86 46 47 59 45
internal_count=2179 912 819 88 1267 1181 195 149 731 986 548 509 93 438 406 463 374 104 268 209 89 46 86 46 47 59 45
is_linear=0
shrinkage=0.03


Tree=7
num_leaves=30
num_cat=0
split_feature=23 19 23 23 10 20 16 26 16 26 19 26 21 15 23 19 27 20 26 16 23 15 13 20 21 27 16 20 16
split_gain=2.39436 1.91649 1.5232 1.74281 0.837653 0.825226 0.496243 0.461886 0.449466 0.373362 1.0287 0.328555 0.317425 0.279582 0.243747 0.201883 0.182021 0.143758 0.129582 0.109693 0.108742 0.0954208 0.0792661 0.0641908 0.0396758 0.0167921 0.0154076 0.0126292 0.0106687
threshold=268.27500000000003 99.165000915000022 280.73000000000008 277.68000000000006 1.0571083935251895 1.3900000000000001 58.537782334935685 26.000000000000004 43.990896183362857 96.500000000000014 101.60499955000002 87.500000000000014 14.974999905000002 0.018752701894558053 314.01500000000004 95.944999695000021 550034.50000000012 1.3900000000000001 92.500000000000014 48.89011002426944 270.87500000000006 0.014385770794335851 0.95995976508194125 2.8150000000000004 16.729999540000005 546255.00000000012 54.85031881122169 0.74500000000000011 37.252924378950532
decision_type=2 2 2 2 2 2 2 2 2 2 2 2 2 2 2 2 2 2 2 2 2 2 2 2 2 2 2 2 2
left_child=4 2 3 12 7 -5 15 8 22 10 11 -9 28 -3 21 17 -10 -4 -17 23 -14 -8 -1 -11 -6 -15 -21 -16 -2
right_child=1 13 6 5 24 -7 14 9 16 19 -12 -13 20 25 27 18 -18 -19 -20 26 -22 -23 -24 -25 -26 -27 -28 -29 -30
leaf_value=0.0051588110384265225 0.0042863610130937204 -0.0006805234097976338 0.0026520673637304834 0.0018400305225513875 -0.0030684882697532886 0.008717553159052675 0 0.00015343661736899418 -0.002416543894112692 0.0017653535619936882 -0.0066457249393750886 -0.0012079556431827806 0.0020497572215140928 -0.0049608414284884935 0.0017935727842979959 0.001890495122291825 0.0013686002346553971 0.00094254963978382866 0.00014071418496647051 0 -0.0001551532177326198 -0.0017529590532966806 0.0020139589433145538 0.00028272926116229167 -0.0050855961646884681 -0.0029912472594943312 -0.00081691411846195874 0.00049437002534978092 0.0026108815258270813
leaf_weight=20 22 36 131 23 63 65 44 206 23 49 28 651 27 31 26 54 20 79 139 49 64 87 21 69 23 26 45 21 37
leaf_count=20 22 36 131 23 63 65 44 206 23 49 28 651 27 31 26 54 20 79 139 49 64 87 21 69 23 26 45 21 37
internal_value=-1.01365e-06 0.00116903 0.00163538 0.00365534 -0.000845845 0.0069946 0.000797912 -0.000632906 0.00148689 -0.000799162 -0.0010706 -0.000877419 0.0016431 -0.00287968 -0.000507091 0.00138157 -0.000596737 0.0020307 0.000652975 0.000319585 0.000481611 -0.00118236 0.00370576 0.000933267 -0.00369468 -0.00418122 -0.000420917 0.00129797 0.00334666
internal_weight=2179 912 819 238 1267 88 581 1181 84 1097 885 857 150 93 178 403 43 210 193 212 91 131 41 118 86 57 94 47 59
internal_count=2179 912 819 238 1267 88 581 1181 84 1097 885 857 150 93 178 403 43 210 193 212 91 131 41 118 86 57 94 47 59
is_linear=0
shrinkage=0.03


Tree=8
num_leaves=30
num_cat=0
split_feature=23 19 22 19 10 16 22 26 23 26 23 19 22 15 23 19 23 10 23 23 15 20 14 18 27 20 21 27 14
split_gain=2.25556 1.80872 2.09173 2.00203 0.790125 0.685357 0.51538 0.655438 0.629509 0.563159 0.762187 0.557867 0.486835 0.263325 0.250081 0.239443 0.224207 0.170142 0.162251 0.161315 0.138635 0.0706874 0.0418461 0.0213899 0.0150075 0.0116623 0.0102095 0.0087092 0.00422355
threshold=268.27500000000003 99.165000915000022 279.88200000000006 97.384998320000008 1.0571083935251895 58.537782334935685 252.37150000000003 97.500000000000014 266.78000000000003 58.500000000000007 202.86000000000004 98.625000000000014 240.38350000000003 0.018752701894558053 267.52500000000003 91.319999695000021 255.52000000000001 0.95312673959963501 314.01500000000004 293.67500000000001 0.010039632970223153 3.0050000000000003 0.019193068816368054 0.049734535753141761 546255.00000000012 0.74500000000000011 15.954999925000001 273917.00000000006 0.013897514621049803
decision_type=2 2 2 2 2 2 2 2 2 2 2 2 2 2 2 2 2 2 2 2 2 2 2 2 2 2 2 2 2
left_child=4 2 5 27 6 17 9 8 28 10 -1 -12 16 -3 -10 -14 -11 23 19 -7 -19 -9 -6 -2 -15 -20 -24 -4 -8
right_child=1 13 3 -5 22 18 7 21 14 12 11 -13 15 24 -16 -17 -18 20 25 -21 -22 -23 26 -25 -26 -27 -28 -29 -30
leaf_value=0.0048649262191727757 0.0042502077461584751 -0.00066065947500111013 0.0064242675495999203 -0.0013074489380848534 -0.0020401905580074522 -8.4227463470323757e-05 -0.00039208450722799171 0.0016277261340771525 -0.006865603008866311 -0.0011170909359305926 -0.0008783408669908576 0.0040365992704263099 0.0025760141130198129 -0.0048166670361533765 -0.0032670866348173309 -9.3917726749635246e-05 -0.0036776844148124969 -0.00080056288906119088 0.0017417584386550716 -0.0020330303935334085 0.001577544162937451 -0.00051318792306951114 -0.0033544992785265841 0.0024456853726878762 -0.0029048334637449846 0.00048021305907538841 -0.005217452918844563 0.0094745065629482268 0.00012757217872928339
leaf_weight=39 22 36 20 24 23 132 23 33 29 410 102 25 32 31 68 344 34 21 26 55 414 20 43 40 26 21 20 44 22
leaf_count=39 22 36 20 24 23 132 23 33 29 410 102 25 32 31 68 344 34 21 26 55 414 20 43 40 26 21 20 44 22
internal_value=-6.37033e-07 0.00113494 0.00158806 0.00593906 -0.000820657 0.00105278 -0.00061376 -0.00202198 -0.00308303 -0.000330453 0.00125197 8.97068e-05 -0.000655586 -0.00279796 -0.00443262 0.000131583 -0.00132774 0.00168292 -0.000274297 -0.000681127 0.00145429 0.000769736 -0.00358769 0.00319092 -0.00406145 0.00126234 -0.00406507 0.00868096 -7.55623e-05
internal_weight=2179 912 819 88 1267 731 1181 195 142 986 166 127 820 93 97 376 444 497 234 187 435 53 86 62 57 47 63 64 45
internal_count=2179 912 819 88 1267 731 1181 195 142 986 166 127 820 93 97 376 444 497 234 187 435 53 86 62 57 47 63 64 45
is_linear=0
shrinkage=0.03


Tree=9
num_leaves=29
num_cat=0
split_feature=23 19 23 23 20 10 20 15 21 19 27 15 21 23 20 16 15 19 21 23 23 15 16 21 17 17 20 17
split_gain=2.1246 1.70869 1.33887 1.60903 0.765805 0.746117 0.45916 0.371645 0.351265 0.34259 0.32266 0.319183 0.294561 0.257313 0.223064 0.213776 0.168539 0.164966 0.139612 0.137206 0.099959 0.0840226 0.0831079 0.0357742 0.0379933 0.0196572 0.011735 0.011097
threshold=268.27500000000003 98.985000610000014 280.73000000000008 277.68000000000006 1.3900000000000001 1.0571083935251895 1.5550000000000004 0.018525881927978705 28.335000035000004 97.975002290000006 377691.50000000006 0.0096641792997567508 14.974999905000002 267.18000000000001 2.3050000000000002 58.537782334935685 0.012854937699217651 90.36500168000002 36.635000225000006 266.93500000000006 270.87500000000006 0.018426534887298753 45.17203838310558 16.729999540000005 0.0096312535831941017 -0.0015026553499932498 2.6550000000000007 -0.0030562813664193997
decision_type=2 2 2 2 2 2 2 2 2 2 2 2 2 2 2 2 2 2 2 2 2 2 2 2 2 2 2 2
left_child=5 2 3 12 -5 8 17 25 9 11 13 -1 27 -11 -13 22 -12 -4 -19 -10 -14 -17 -8 24 -7 -3 -9 -2
right_child=1 7 6 4 -6 23 15 26 19 10 16 14 20 -15 -16 21 -18 18 -20 -21 -22 -23 -24 -25 -26 -27 -28 -29
leaf_value=-0.0035388347780382309 0.0041596204960210759 -0.00076162330699153236 -0.00046703868907061407 0.0017585661909542978 0.008402138945976129 -0.0038278952442109579 0.0015081097165433068 -0.002661716323944607 -0.0011772354627028107 -0.0015162979245516718 0.0038750157139064473 -0.0011279482900008377 0.0019439665423706175 0.0014684261016547678 -0.00012606589042241722 -0.00042935369623404356 0.00089920706585912974 0.002016312587585238 -0.00045167277746700817 -0.0049095292117284691 -0.00016995815616459227 -0.0022756899995047867 3.3327289308848167e-05 -0.0048132129590958356 -0.0019117020960431547 0.00038286186834531174 -0.0043408044965006411 0.0024989357072000319
leaf_weight=36 21 29 29 23 64 29 53 27 20 94 20 436 27 34 383 61 136 250 20 22 64 40 107 23 34 20 39 38
leaf_count=36 21 29 29 23 64 29 53 27 20 94 20 436 27 34 383 61 136 250 20 22 64 40 107 23 34 20 39 38
internal_value=-8.2982e-07 0.00110125 0.00159701 0.00348613 0.00671983 -0.000796728 0.000787366 -0.00229283 -0.00059559 -0.000491532 0.000403205 -0.000792359 0.00155864 -0.000694988 -0.000663808 -0.000121702 0.00132208 0.00158866 0.00182144 -0.00327072 0.000438954 -0.00120513 0.000546815 -0.00348579 -0.00288666 -0.000236172 -0.00374866 0.0031995
internal_weight=2179 912 797 237 87 1267 560 115 1181 1139 284 855 150 128 819 261 156 299 270 42 91 101 160 86 63 49 66 59
internal_count=2179 912 797 237 87 1267 560 115 1181 1139 284 855 150 128 819 261 156 299 270 42 91 101 160 86 63 49 66 59
is_linear=0
shrinkage=0.03


Tree=10
num_leaves=31
num_cat=0
split_feature=23 19 22 15 11 22 16 26 23 26 27 22 22 19 19 15 15 26 10 23 23 25 15 20 15 20 23 18 11 20
split_gain=2.00146 1.61205 1.85384 1.79565 0.841574 0.685116 0.621288 0.489493 0.735782 0.427733 0.353855 0.3271 0.288204 0.400099 0.271876 0.233074 0.205807 0.186399 0.155297 0.144195 0.145445 0.134359 0.128005 0.0655646 0.0579617 0.0489665 0.0489184 0.0191909 0.0144398 0.0106568
threshold=268.27500000000003 99.165000915000022 279.88200000000006 0.041624230562053957 1.0072274337351954 253.04550000000003 58.537782334935685 71.000000000000014 202.86000000000004 96.500000000000014 595804.00000000012 253.04550000000003 240.86050000000003 92.125000000000014 80.950000765000013 0.018525881927978705 0.013879059168344752 94.500000000000014 0.95312673959963501 314.01500000000004 293.67500000000001 -1.6979208564999999 0.010039632970223153 2.8350000000000004 0.018752701894558053 2.4150000000000005 267.18000000000001 0.049734535753141761 1.0078241112256918 0.74500000000000011
decision_type=2 2 2 2 2 2 2 2 2 2 2 2 2 2 2 2 2 2 2 2 2 2 2 2 2 2 2 2 2 2
left_child=4 2 6 28 7 12 18 8 25 11 24 14 16 -14 -9 -3 -6 -15 27 20 -8 -18 -20 -11 -10 -1 -25 -2 -4 -21
right_child=1 15 3 -5 5 -7 19 9 10 23 -12 -13 13 17 -16 -17 21 -19 22 29 -22 -23 -24 26 -26 -27 -28 -29 -30 -31
leaf_value=0.0030521094258874649 0.0040483373779317605 -0.00053697174609239611 0.0090134748660027977 -0.0016629407021012054 -0.00029066833054336406 -0.0066462263184785845 -8.6608608808242407e-05 -0.0031320001470856369 -0.0018457563046676414 0.0015936514349431609 0.0023598065973492338 -0.0040173200942575935 0.0021055343621543474 -7.1317551730317054e-05 -0.00051976302785766422 -0.0037785806537605818 -0.0020493759245404767 -0.0018754368290650177 -0.00079041065809062937 0.0016331919563106363 -0.0019387705898178474 -0.0041168261969462038 0.0014920697985985596 -0.0003977282135577009 -6.8400699243118806e-05 0.0058682664944366978 0.001204057194092976 0.0023180368934621713 0.0062674602729135328 0.0004256535826504908
leaf_weight=23 22 34 39 22 35 24 132 39 44 68 38 29 34 80 429 59 80 165 21 26 55 59 414 40 32 21 27 40 27 21
leaf_count=23 22 34 39 22 35 24 132 39 44 68 38 29 34 80 429 59 80 165 21 26 55 59 414 40 32 21 27 40 27 21
internal_value=-1.04658e-06 0.00106858 0.00149649 0.00559304 -0.000773576 -0.00176785 0.00099227 -0.000167965 0.0013149 -0.000544912 6.22783e-06 -0.000954413 -0.00148872 -0.000869305 -0.00075006 -0.00264371 -0.00245413 -0.00130122 0.00159231 -0.000270764 -0.000654735 -0.00297149 0.00137344 0.000936535 -0.00114696 0.00456339 0.000211864 0.00303415 0.00804519 0.00117626
internal_weight=2179 912 819 88 1267 477 731 790 158 632 114 497 453 279 468 93 174 245 497 234 187 139 435 135 76 44 67 62 66 47
internal_count=2179 912 819 88 1267 477 731 790 158 632 114 497 453 279 468 93 174 245 497 234 187 139 435 135 76 44 67 62 66 47
is_linear=0
shrinkage=0.03


Tree=11
num_leaves=31
num_cat=0
split_feature=23 19 22 15 11 22 11 26 23 26 15 27 22 11 19 23 19 20 19 20 10 19 26 15 20 19 23 20 24 26
split_gain=1.8855 1.52039 2.04417 1.19059 0.793452 0.646104 0.612222 0.461974 0.698614 0.408103 0.330166 0.322777 0.305606 0.275719 0.25364 0.217548 0.187945 0.29645 0.217608 0.176617 0.139675 0.10932 0.106476 0.0655096 0.062722 0.0624423 0.0574142 0.0454741 0.0286263 0.0239312
threshold=268.27500000000003 98.985000610000014 279.88200000000006 0.032017526547959606 1.0072274337351954 253.04550000000003 1.0431108799649811 72.500000000000014 202.86000000000004 96.500000000000014 0.018525881927978705 595804.00000000012 253.04550000000003 1.077282580569878 80.950000765000013 260.74000000000007 93.555000305000007 2.3950000000000005 97.694999695000021 1.5050000000000001 0.96112016152482294 91.854999540000009 95.500000000000014 0.010460892103067653 3.0050000000000003 95.24000168000002 262.21500000000009 2.3550000000000004 1.6971890115000001 94.500000000000014
decision_type=2 2 2 2 2 2 2 2 2 2 2 2 2 2 2 2 2 2 2 2 2 2 2 2 2 2 2 2 2 2
left_child=4 2 6 -4 7 13 20 8 27 12 -3 26 14 16 -9 -15 17 -6 -18 21 28 -8 -21 -22 25 -11 -10 -1 -2 -12
right_child=1 10 3 -5 5 -7 19 9 11 24 29 -13 -14 15 -16 -17 18 -19 -20 22 23 -23 -24 -25 -26 -27 -28 -29 -30 -31
leaf_value=0.0029055278638134827 0.0031476421893326446 -0.00022166893059387806 0.0079960672617668174 -0.00025107981916517013 -0.0015138086172228212 -0.0064548150587081911 -0.0010146747379330917 -0.0030403891305439178 -0.0004700198408281125 0 -0.0041236852999170159 0.0022908276322011192 -0.0039008178092539308 -0.0037290644730690499 -0.00051460065796485115 -9.6553295305718405e-05 -0.002034856604121317 0.001871436508182281 -0.00017360001397504344 -0.00048871880534448117 -0.00016509747505187987 0.0012560303440639893 -0.0026211621748017415 0.0014289945482276378 -0.0005208208353391716 0.0016158362578134982 -0.0023748391470025205 0.0056401038318872453 0.0015919932104647158 -0.0022646808644011616
leaf_weight=22 61 49 62 20 47 24 23 39 60 32 42 38 29 70 424 21 184 44 87 113 21 77 27 364 20 83 21 22 29 24
leaf_count=22 61 49 62 20 47 24 23 39 60 32 42 38 29 70 424 21 184 44 87 113 21 77 27 364 20 83 21 22 29 24
internal_value=-1.07633e-06 0.00103706 0.00150483 0.00596963 -0.000750933 -0.00171638 0.000980972 -0.000162771 0.00124984 -0.000536187 -0.00216396 2.02051e-05 -0.000939849 -0.00144507 -0.000739916 -0.00293356 -0.00105557 9.29547e-05 -0.0014512 -0.00024269 0.00160476 0.00069919 -0.000936925 0.00133407 0.000908968 0.00118584 -0.00102339 0.00443443 0.00270235 -0.00353635
internal_weight=2179 912 797 82 1267 477 715 790 163 627 115 119 492 453 463 91 362 91 271 240 475 100 140 385 135 115 81 44 90 66
internal_count=2179 912 797 82 1267 477 715 790 163 627 115 119 492 453 463 91 362 91 271 240 475 100 140 385 135 115 81 44 90 66
is_linear=0
shrinkage=0.03


Tree=12
num_leaves=31
num_cat=0
split_feature=23 19 22 15 11 22 16 26 23 26 27 20 11 15 23 19 20 19 22 20 22 23 23 13 20 17 23 18 20 12
split_gain=1.77484 1.43597 1.64551 1.60771 0.747938 0.609308 0.557805 0.435688 0.659985 0.384432 0.304435 0.288968 0.259679 0.205498 0.204295 0.176979 0.27932 0.204528 0.157363 0.145953 0.200123 0.129941 0.132354 0.116411 0.0910391 0.069666 0.0540131 0.0433345 0.0422594 0.0293449
threshold=268.27500000000003 99.165000915000022 279.88200000000006 0.041624230562053957 1.0072274337351954 253.04550000000003 58.537782334935685 72.500000000000014 202.86000000000004 96.500000000000014 595804.00000000012 2.5750000000000006 1.077282580569878 0.018752701894558053 260.74000000000007 93.555000305000007 2.3950000000000005 97.694999695000021 246.95500000000001 2.3250000000000006 256.03400000000005 314.01500000000004 293.67500000000001 0.98014649646815799 2.6850000000000005 -0.0039492011878709491 262.21500000000009 0.4280660632245511 2.4150000000000005 1.0042047624619401
decision_type=2 2 2 2 2 2 2 2 2 2 2 2 2 2 2 2 2 2 2 2 2 2 2 2 2 2 2 2 2 2
left_child=4 2 6 -4 7 12 19 8 28 11 26 18 15 -3 -14 16 -6 -17 -9 20 -2 22 -8 -13 -21 27 -10 -11 -1 -27
right_child=1 13 3 -5 5 -7 21 9 10 25 -12 23 14 -15 -16 17 -18 -19 -20 24 -22 -23 -24 -25 -26 29 -28 -29 -30 -31
leaf_value=0.0028774090968072411 -0.0010030638666612501 -0.00059648473748333145 0.0075904914702761405 -0.0015898332186751875 -0.0014693404957361053 -0.0062689163553714755 -8.3721181603596737e-05 -0.00071769691803393 -0.00045615040277167642 0.00082118953454308216 0.0022238649819046256 -0.0035001016627065839 -0.0036187681960807719 -0.0036152060879554985 -9.3788340634835704e-05 -0.0019741408918919736 0.0018165410276502368 -0.00016845119334770557 0.0015890240830735169 0.003258485845189828 0.0014288762548247745 0.0011105244237696751 -0.0018518815538513338 -0.0011938660415294377 0.0010810123621380295 0.001765170844821412 -0.0023068324587815865 -0.00096051693207118653 0.0055387086847966368 0.00040537716553482262
leaf_weight=23 31 36 66 22 47 24 132 373 60 24 38 47 70 57 21 184 44 87 27 64 370 47 55 45 32 60 21 23 21 28
leaf_count=23 31 36 66 22 47 24 132 373 60 24 38 47 70 57 21 184 44 87 27 64 370 47 55 45 32 60 21 23 21 28
internal_value=-1.4762e-06 0.0010057 0.0014097 0.00526963 -0.000729036 -0.00166641 0.000934365 -0.00015787 0.00121381 -0.000520605 1.79604e-05 -0.000912472 -0.00140269 -0.00249736 -0.00284778 -0.00102431 8.93044e-05 -0.00140823 -0.000550938 0.00150299 0.00123138 -0.000261852 -0.00062681 -0.00242928 0.00258222 0.000881682 -0.000994823 0 0.0043091 0.00137563
internal_weight=2179 912 819 88 1267 477 731 790 163 627 119 492 453 93 91 362 91 271 400 497 401 234 187 92 96 135 81 47 44 88
internal_count=2179 912 819 88 1267 477 731 790 163 627 119 492 453 93 91 362 91 271 400 497 401 234 187 92 96 135 81 47 44 88
is_linear=0
shrinkage=0.03


Tree=13
num_leaves=28
num_cat=0
split_feature=15 26 20 26 19 26 16 19 15 21 19 19 16 19 14 20 17 19 20 19 25 21 16 20 25 19 20
split_gain=1.07662 0.753583 1.60822 0.568128 0.564734 0.640546 0.557099 0.381309 0.585289 0.378198 0.376773 0.278384 0.222962 0.178592 0.169559 0.161719 0.138363 0.0955337 0.07328 0.06755 0.0645443 0.0593181 0.0536348 0.0521598 0.0368211 0.0263109 0.00167306
threshold=0.024770960530374052 95.500000000000014 1.9950000000000003 94.500000000000014 101.71999740000003 87.500000000000014 38.425623931066355 92.594997405000015 0.014568890151811053 10.315000055000001 96.64500046000002 104.96500015000002 58.813057369070471 80.950000765000013 0.0095979600578330517 2.2350000000000008 -0.0050094545688978498 100.09999845000002 0.87500000000000011 108.03999710000001 1.2154406135000002 24.994999885000002 62.033377894163898 2.1450000000000005 0.53949835850000005 99.625000000000014 2.4550000000000005
decision_type=2 2 2 2 2 2 2 2 2 2 2 2 2 2 2 2 2 2 2 2 2 2 2 2 2 2 2
left_child=1 4 7 19 5 6 15 16 18 -7 -10 23 17 -11 -8 -1 -3 20 -9 21 -4 -2 -18 -5 -19 -14 -25
right_child=3 2 12 11 -6 9 14 8 10 13 -12 -13 25 -15 -16 -17 22 24 -20 -21 -22 -23 -24 26 -26 -27 -28
leaf_value=0.00087737599491020263 -0.0035109245711937545 0.003104452212108299 -0.00060373986795308966 -0.00024840765779039688 -0.0051396194653851642 0.0021237581634604547 0.0025876446833672856 0.0022734902372153901 0.0049400610498321999 -0.0030665378595391905 0.0014798175306695643 0.0014352606420434311 -0.0024701225532461762 -0.00084443281047959738 8.6738067265004827e-05 0.0042881411029848946 0.00086243075652275858 0.0012456020191983462 0.00027848364349774781 -0.002724345264136791 0.0010058974275016226 -0.0067823398347411842 -0.00070333641419268172 -0.0024713343760813587 0 -0.00081361847577084384 -0.0013652794232349031
leaf_weight=22 20 23 205 20 20 36 25 25 120 35 42 31 45 589 463 42 93 51 59 24 23 20 22 47 35 20 22
leaf_count=22 20 23 205 20 20 36 25 25 120 35 42 31 45 589 463 42 93 51 59 24 23 20 22 47 35 20 22
internal_value=-1.59653e-06 0.00019995 0.000941059 -0.00219233 -0.00025699 -0.000169775 0.000580642 0.00230805 0.00302105 -0.000801863 0.00407595 -0.000928212 -0.000438497 -0.000978577 0.000226023 0.00319338 0.00100287 -9.49749e-05 0.000927291 -0.00446565 -0.00042458 -0.00534533 0.00053355 -0.00179158 0.000739216 -0.00202593 -0.00218608
internal_weight=2179 1995 763 184 1232 1212 552 384 246 660 162 120 379 624 488 64 138 314 84 64 228 40 115 89 86 65 69
internal_count=2179 1995 763 184 1232 1212 552 384 246 660 162 120 379 624 488 64 138 314 84 64 228 40 115 89 86 65 69
is_linear=0
shrinkage=0.03


Tree=14
num_leaves=31
num_cat=0
split_feature=23 19 22 15 11 22 11 26 22 26 22 22 19 15 19 15 15 26 20 10 25 15 19 26 17 21 20 20 12 11
split_gain=1.60322 1.30357 1.50273 1.45811 0.689801 0.546886 0.515603 0.392567 0.610949 0.34656 0.262137 0.243566 0.339187 0.237632 0.216138 0.186318 0.184797 0.162321 0.148193 0.143667 0.126146 0.117412 0.0899602 0.0856229 0.0636755 0.057714 0.0382076 0.0305124 0.0268655 0.0199674
threshold=268.27500000000003 99.165000915000022 279.88200000000006 0.041624230562053957 1.0072274337351954 253.04550000000003 1.0480805443742536 72.500000000000014 237.48750000000004 96.500000000000014 253.04550000000003 240.86050000000003 92.125000000000014 0.014084565393122802 80.950000765000013 0.013879059168344752 0.018752701894558053 94.500000000000014 1.5050000000000001 0.95312673959963501 -1.6979208564999999 0.010039632970223153 91.854999540000009 95.500000000000014 -0.0039492011878709491 15.595000265000001 2.3550000000000004 2.8850000000000002 1.0042047624619401 1.0078241112256918
decision_type=2 2 2 2 2 2 2 2 2 2 2 2 2 2 2 2 2 2 2 2 2 2 2 2 2 2 2 2 2 2
left_child=4 2 6 29 7 11 19 8 26 10 14 15 -13 -10 -9 -6 -3 -14 22 -2 -17 -21 -8 -20 27 -15 -1 -11 -26 -4
right_child=1 16 3 -5 5 -7 18 9 13 24 -12 12 17 25 -16 20 -18 -19 23 21 -22 -23 -24 -25 28 -27 -28 -29 -30 -31
leaf_value=0.0027060374496504663 0.0027907646010405318 -0.00057307848695514567 0.0081646764792501925 -0.0014980205309617777 -0.0001744036337477155 -0.0059560309070348736 -0.00098714279984731391 -0.0027999629824887956 0.0026837357510230502 0.0006816744875349104 -0.0036048313692212102 0.0019644244688563047 -2.2156442123189289e-05 -4.4266551293643006e-05 -0.00046686404071214117 -0.0018331533303415336 -0.0034423499014148299 -0.0017063674832149326 -0.00053780151478540481 -0.00077987905312329529 -0.0038271296399645504 0.0013164832224534704 0.001136049020053495 -0.0024939149022102356 0.0016874837020076198 -0.001628595285663115 0.0052260971056378412 -0.00081251136097125704 0.00038032669599713954 0.0055536344234299448
leaf_weight=23 62 36 39 22 35 24 22 39 23 24 29 34 80 61 424 80 57 165 100 23 59 429 68 27 60 34 22 23 28 27
leaf_count=23 62 36 39 22 35 24 22 39 23 24 29 34 80 61 424 80 57 165 100 23 59 429 68 27 60 34 22 23 28 27
internal_value=-1.52957e-06 0.000955639 0.00134068 0.0050296 -0.000693086 -0.00159328 0.000886235 -0.000144429 0.00115737 -0.000488938 -0.000861178 -0.00134293 -0.000772489 0 -0.000675465 -0.00223081 -0.00238149 -0.00117094 -0.000327819 0.00140425 -0.00272224 0.0012017 0.000578935 -0.00099334 0.000841967 -0.000653598 0.00409011 0 0.00131422 0.00724013
internal_weight=2179 912 819 88 1267 477 731 790 163 627 492 453 279 118 463 174 93 245 217 514 139 452 90 127 135 95 45 47 88 66
internal_count=2179 912 819 88 1267 477 731 790 163 627 492 453 279 118 463 174 93 245 217 514 139 452 90 127 135 95 45 47 88 66
is_linear=0
shrinkage=0.03


Tree=15
num_leaves=31
num_cat=0
split_feature=23 19 22 14 11 22 16 23 19 19 15 21 19 19 15 19 19 15 20 20 23 23 20 14 19 14 23 14 14 20
split_gain=1.50932 1.23076 1.65649 0.961343 0.65052 0.521361 0.51305 0.334755 0.311165 0.417246 0.409112 0.31887 0.307322 0.303501 0.263893 0.213048 0.204663 0.17676 0.128286 0.185077 0.11546 0.111927 0.0812569 0.0636153 0.0460931 0.0380163 0.0334083 0.0279542 0.0244349 0.0084911
threshold=268.27500000000003 98.985000610000014 279.88200000000006 0.028266405660827353 1.0072274337351954 252.68050000000002 58.537782334935685 263.73500000000007 80.950000765000013 91.319999695000021 0.015630544509721903 14.684999945000003 97.915000915000022 96.954998015000015 0.018525881927978705 93.505001070000006 106.06999970000003 0.014986781543739952 2.3250000000000006 1.4450000000000001 314.01500000000004 292.89500000000004 2.6850000000000005 0.020280048005201303 97.42499924000002 0.014451377663535403 266.13000000000005 0.023022123422060201 0.013305345647454352 0.74500000000000011
decision_type=2 2 2 2 2 2 2 2 2 2 2 2 2 2 2 2 2 2 2 2 2 2 2 2 2 2 2 2 2 2
left_child=4 2 6 -4 8 7 18 13 -1 10 -10 12 -11 17 28 26 -13 -6 19 -2 21 -8 -20 -15 -7 -17 -9 -16 -3 -22
right_child=1 14 3 -5 5 24 20 15 9 11 -12 16 -14 23 27 25 -18 -19 22 -21 29 -23 -24 -25 -26 -27 -28 -29 -30 -31
leaf_value=-0.0027180640974082053 0.0018265597280370106 0.00041181289020460096 0.0071889180836844299 -0.00020798690031681742 -0.00070068561673822564 -0.0031457388315881997 -3.6691172155909813e-05 0.0021868588271423831 0.0045014695963689257 -7.9110160249394625e-05 -0.00010067748147147623 -0.0010838303895885251 0.002016247388624054 -0.00081307128492644003 -0.0041516771951823359 -0.0022038036659359928 0.0012430063002189067 -0.0028209500216180459 0.0030806947171114958 0.00048897736673929359 0.0014162049805098728 -0.0015980599512010537 0.0010146555140275845 0.00079284910265252817 -0.0061067917964288173 -0.00017552549947452332 0.00046236719322041605 -0.0023446134147423431 -0.00086251762059206768 0.00032685615410181604
leaf_weight=39 194 23 62 20 51 20 116 32 34 242 32 324 83 98 27 20 36 167 64 195 26 67 32 26 20 20 23 39 26 21
leaf_count=39 194 23 62 20 51 20 116 32 34 242 32 324 83 98 27 20 36 167 64 195 26 67 32 26 20 20 23 39 26 21
internal_value=-1.71621e-06 0.000926958 0.00134806 0.00536788 -0.000672756 -0.00154696 0.000875998 -0.00123092 -0.000139831 0 0.00225715 -0.000223196 0.000451353 -0.00166893 -0.00195203 0.000315596 -0.000840038 -0.00234409 0.00142952 0.00116671 -0.000279362 -0.000630223 0.0024405 -0.000448697 -0.00481227 -0.00129185 0.00154041 -0.00317957 -0.000208089 0.00100892
internal_weight=2179 912 797 82 1267 477 715 437 790 751 66 685 325 342 115 95 360 218 485 389 230 183 96 124 40 40 55 66 49 47
internal_count=2179 912 797 82 1267 477 715 437 790 751 66 685 325 342 115 95 360 218 485 389 230 183 96 124 40 40 55 66 49 47
is_linear=0
shrinkage=0.03


Tree=16
num_leaves=31
num_cat=0
split_feature=23 19 22 15 11 22 11 27 23 11 19 19 19 21 19 15 20 10 19 14 15 27 19 23 27 14 23 27 23 27
split_gain=1.42159 1.16099 1.33423 1.30506 0.613825 0.490772 0.46348 0.347346 0.318099 0.275363 0.233755 0.317037 0.339581 0.226528 0.201526 0.163658 0.134634 0.133603 0.128282 0.111177 0.1089 0.0880527 0.0810529 0.073161 0.0518684 0.0356357 0.0311938 0.0267758 0.024221 0.0229125
threshold=268.27500000000003 99.165000915000022 279.88200000000006 0.041624230562053957 1.0078241112256918 252.68050000000002 1.0480805443742536 592948.00000000012 263.73500000000007 1.077282580569878 80.950000765000013 91.319999695000021 82.810001375000013 14.375000000000002 93.505001070000006 0.018752701894558053 1.5050000000000001 0.95312673959963501 95.834999085000007 0.01218889372026285 0.010039632970223153 476516.00000000006 91.854999540000009 288.05500000000001 689441.50000000012 0.014451377663535403 266.13000000000005 273917.00000000006 252.20000000000002 546255.00000000012
decision_type=2 2 2 2 2 2 2 2 2 2 2 2 2 2 2 2 2 2 2 2 2 2 2 2 2 2 2 2 2 2
left_child=4 2 6 27 7 8 17 10 9 18 -1 12 -12 -13 26 -3 22 -2 -6 -9 -19 -7 -8 -18 28 -16 -10 -4 -21 -17
right_child=1 15 3 -5 5 21 16 19 14 -11 11 13 -14 -15 25 29 23 20 -20 24 -22 -23 -24 -25 -26 -27 -28 -29 -30 -31
leaf_value=-0.0026385606526862829 0.0026628241023226155 -0.0005411701086354819 0.0047810406679054717 -0.0014299870627810772 -0.0019368273140948028 -0.0062383184496845514 -0.00093584783081187986 0.0033906312614147148 0.0021232410661918533 -0.0032207471861575659 -0.00055753339698538188 0.00022352420838326402 0.0041513495920547129 -0.00096326513183304019 -0.0021408378300922255 -0.0039880779481027279 -9.159738274997677e-05 -0.0007762949443422258 -0.00054379332806617155 0.00056686890163525408 0.0012409391733415717 -0.0027498541208250179 0.0010771293948687937 -0.0015968758934308629 0 -0.00017051048939382391 0.00044907413267355882 0.0075380730079685114 0.0020219821733507243 -0.002140251533749203
leaf_weight=39 62 36 20 22 108 20 22 20 32 77 24 244 28 342 20 31 57 23 152 27 429 20 68 70 39 20 23 46 32 26
leaf_count=39 62 36 20 22 108 20 22 20 32 77 24 244 28 342 20 31 57 23 152 27 429 20 68 70 39 20 23 46 32 26
internal_value=-1.77746e-06 0.000899464 0.00126297 0.00473934 -0.000653064 -0.00150947 0.000834477 -0.000139582 -0.00119914 -0.00163175 -0.000405204 -0.000260072 0.0019519 -0.000464457 0.000305275 -0.00224924 -0.000316025 0.00132569 -0.00113914 0.00134976 0.00113018 -0.00467687 0.000547224 -0.00095071 0.000872907 -0.00125703 0.00149723 0.00683121 0.00142663 -0.00324837
internal_weight=2179 912 819 88 1267 472 731 795 432 337 677 638 52 586 95 93 217 514 260 118 452 40 90 127 98 40 55 66 59 57
internal_count=2179 912 819 88 1267 472 731 795 432 337 677 638 52 586 95 93 217 514 260 118 452 40 90 127 98 40 55 66 59 57
is_linear=0
shrinkage=0.03


Tree=17
num_leaves=31
num_cat=0
split_feature=23 19 22 14 11 22 16 26 22 26 23 27 11 22 22 19 19 19 20 20 23 23 27 20 17 23 27 26 14 18
split_gain=1.33778 1.09722 1.46958 0.861096 0.579418 0.463702 0.460525 0.331138 0.541285 0.30562 0.299593 0.267809 0.258928 0.247799 0.222265 0.190642 0.180092 0.120558 0.118971 0.172453 0.103838 0.100554 0.0822274 0.0770666 0.0567478 0.04576 0.0419563 0.0418996 0.0391319 0.0379656
threshold=268.27500000000003 98.985000610000014 279.88200000000006 0.028266405660827353 1.0078241112256918 252.68050000000002 58.537782334935685 72.500000000000014 237.48750000000004 96.500000000000014 263.73500000000007 595804.00000000012 1.077282580569878 253.04550000000003 257.97750000000008 93.505001070000006 80.950000765000013 95.834999085000007 2.3250000000000006 1.4450000000000001 314.01500000000004 293.67500000000001 476516.00000000006 2.6850000000000005 -0.0039492011878709491 262.21500000000009 273917.00000000006 94.500000000000014 0.013305345647454352 0.4280660632245511
decision_type=2 2 2 2 2 2 2 2 2 2 2 2 2 2 2 2 2 2 2 2 2 2 2 2 2 2 2 2 2 2
left_child=4 2 6 26 7 10 18 8 -1 13 12 25 17 16 28 -12 -9 -6 19 -2 21 -8 -7 -20 29 -10 -4 -16 -3 -11
right_child=1 14 3 -5 5 22 20 9 11 24 15 -13 -14 -15 27 -17 -18 -19 23 -21 -22 -23 -24 -25 -26 -27 -28 -29 -30 -31
leaf_value=0.0038191480357199904 0.0017329802808065255 0.00072299692992653167 0.0046444393183503827 -0.00021243373344519305 -0.0018792555683950353 -0.0060600807964801794 -0.00011205203538262393 -0.0025613828075118361 -0.00047525071567900833 0.00077329320816323164 0.0014552957506000113 0.002042187972137561 -0.0031253635036544158 -0.0034666675269603726 -0.0036485673218692948 -0.0012232074609264821 -0.00043013671933777767 -0.00052758615604469401 0.0029457147965064419 0.00044187348474109483 0.00095137040180270547 -0.0016669160320223972 -0.0026712868011423518 0.0009359495345799421 0.001244208700495793 -0.0021904511708681555 0.0075960610531443772 -0.0017164948559526738 -0.00096028675543077834 -0.00089488132693804807
leaf_weight=45 194 20 20 20 108 20 128 39 61 24 55 38 77 29 40 40 427 152 64 195 47 55 20 32 88 21 42 28 27 23
leaf_count=45 194 20 20 20 108 20 128 39 61 24 55 38 77 29 40 40 427 152 64 195 47 55 20 32 88 21 42 28 27 23
internal_value=-1.95276e-06 0.000872276 0.00127 0.00505666 -0.000633789 -0.00146586 0.000825084 -0.000134791 0.00105223 -0.000451607 -0.00116396 0 -0.00158384 -0.000799504 -0.00184547 0.000295261 -0.00062003 -0.00110559 0.00134958 0.00109625 -0.000268988 -0.000602185 -0.00454533 0.00232328 0.000798454 -0.000971753 0.00678038 -0.00293289 -0.000181356 0
internal_weight=2179 912 797 82 1267 472 715 795 165 630 432 120 337 495 115 95 466 260 485 389 230 183 40 96 135 82 62 68 47 47
internal_count=2179 912 797 82 1267 472 715 795 165 630 432 120 337 495 115 95 466 260 485 389 230 183 40 96 135 82 62 68 47 47
is_linear=0
shrinkage=0.03


Tree=18
num_leaves=31
num_cat=0
split_feature=23 19 22 15 11 22 11 27 23 11 26 22 26 23 15 26 15 10 20 19 21 26 27 19 17 19 11 18 24 11
split_gain=1.26094 1.03568 1.18564 1.17034 0.546287 0.438131 0.416617 0.314826 0.282165 0.243885 0.216069 0.556192 0.208871 0.182171 0.145934 0.125391 0.192858 0.124671 0.12239 0.118631 0.111156 0.0792941 0.0767546 0.0729399 0.0561306 0.0557135 0.048586 0.0389429 0.0309807 0.0242102
threshold=268.27500000000003 99.165000915000022 279.88200000000006 0.041624230562053957 1.0078241112256918 252.68050000000002 1.0480805443742536 592948.00000000012 263.73500000000007 1.0734319529846044 96.500000000000014 253.04550000000003 75.500000000000014 268.06000000000006 0.018752701894558053 94.500000000000014 0.015630544509721903 0.96112016152482294 1.5050000000000001 97.055000305000007 33.190000535000003 95.500000000000014 476516.00000000006 91.854999540000009 -0.004672260975132049 93.505001070000006 0.91732576789427644 0.4280660632245511 1.6971890115000001 1.0078241112256918
decision_type=2 2 2 2 2 2 2 2 2 2 2 2 2 2 2 2 2 2 2 2 2 2 2 2 2 2 2 2 2 2
left_child=4 2 6 29 7 8 17 10 9 19 11 12 -1 25 -3 16 -9 28 23 -6 -19 -20 -7 -8 27 -10 -17 -12 -2 -4
right_child=1 14 3 -5 5 22 18 15 13 -11 24 -13 -14 -15 -16 26 -18 20 21 -21 -22 -23 -24 -25 -26 -27 -28 -29 -30 -31
leaf_value=0.00070820881492813647 0.0027272344746837214 -0.00050820340092193241 0.0073285699367523199 -0.0013685657166187528 -0.0016192143661167778 -0.0058869355831827437 -0.00088572872894482043 0.0043832378759980205 0.0015997769708315339 -0.0029737676822367202 0.00081627077380174091 -0.0050165613162517558 -0.00072883018104071885 -0.001881289804279804 -0.0030708381270764971 0.0013958878267718397 0.0007097847594214337 0.0011327117699973758 -0.00047136658378922847 -0.000273835197071487 -0.0010008414042266933 -0.0023519782684743406 -0.0025949643294193915 0.001021405056655488 0.0012809113006334047 -0.00013068996543214389 -0.00030067612159182314 -0.00094181381097144397 0.0012271792244226219 0.0048551827680119982
leaf_weight=113 61 36 39 22 145 20 22 23 51 82 21 24 424 24 57 22 34 402 100 110 21 27 20 68 73 20 39 22 30 27
leaf_count=113 61 36 39 22 145 20 22 23 51 82 21 24 424 24 57 22 34 402 100 110 21 27 20 68 73 20 39 22 30 27
internal_value=-2.12148e-06 0.000846589 0.00119006 0.00446754 -0.000615584 -0.00142353 0.000785843 -0.000130941 -0.00112982 -0.00153735 -0.000383993 -0.00063066 -0.000420106 0.000285538 -0.00212672 0.00128671 0.0022938 0.00125164 -0.000304396 -0.00105391 0.0010176 -0.00090987 -0.00441756 0.000517639 0.000778493 0.00107561 0.000275458 -1.59946e-05 0.00228403 0.00644907
internal_weight=2179 912 819 88 1267 472 731 795 432 337 677 561 537 95 93 118 57 514 217 255 423 127 40 90 116 71 61 43 91 66
internal_count=2179 912 819 88 1267 472 731 795 432 337 677 561 537 95 93 118 57 514 217 255 423 127 40 90 116 71 61 43 91 66
is_linear=0
shrinkage=0.03


Tree=19
num_leaves=31
num_cat=0
split_feature=23 19 22 19 11 16 22 26 22 26 23 19 27 22 15 23 19 15 20 20 23 23 20 27 14 27 20 19 27 23
split_gain=1.18738 0.977846 1.30568 0.773505 0.515865 0.415512 0.41542 0.300739 0.498248 0.272433 0.2631 0.246838 0.241193 0.221873 0.210411 0.171645 0.169313 0.158468 0.107737 0.164183 0.0948085 0.0999246 0.072376 0.0716137 0.0581755 0.0530736 0.0498159 0.045137 0.042243 0.0410007
threshold=268.27500000000003 98.985000610000014 279.88200000000006 97.255001070000006 1.0072274337351954 58.237369815794956 252.68050000000002 72.500000000000014 237.48750000000004 96.500000000000014 263.73500000000007 96.954998015000015 595804.00000000012 253.04550000000003 0.018525881927978705 268.06000000000006 80.950000765000013 0.014986781543739952 2.3250000000000006 1.4450000000000001 314.01500000000004 288.05500000000001 2.6850000000000005 476516.00000000006 0.020280048005201303 329708.00000000006 3.0050000000000003 95.24000168000002 273917.00000000006 262.21500000000009
decision_type=2 2 2 2 2 2 2 2 2 2 2 2 2 2 2 2 2 2 2 2 2 2 2 2 2 2 2 2 2 2
left_child=4 2 5 28 7 18 10 8 -1 13 11 17 29 16 -3 25 -9 -6 19 -2 21 -7 -20 -8 -13 -12 27 -11 -4 -10
right_child=1 14 3 -5 6 20 23 9 12 26 15 24 -14 -15 -16 -17 -18 -19 22 -21 -22 -23 -24 -25 -26 -27 -28 -29 -30 -31
leaf_value=0.0036647029408942099 0.0016654274689662997 -0.00017966349436668679 0.0043270872631110254 -0.00021950963448866137 -0.00053731942953219494 0.0002209885108426119 -0.0057187374808958602 -0.0024651440875721161 -0.00046096758967196366 0 0 -0.00072909010928935562 0.0019221854356135455 -0.0032793148770928382 -0.0028402494389369198 -0.0018271086412668227 -0.00039815454388366029 -0.0025409689252680568 0.0028126026923266743 0.00039790386356035762 0.00089382907809689631 -0.0011558861511592848 0.00086521130817709491 -0.0025208225228956767 0.00080880631124212714 0.0016553398460736903 -0.00051254155327166832 0.0013685266477602583 0.007194492207190325 -0.0021011661327740342
leaf_weight=45 191 49 20 20 51 78 20 39 59 32 26 98 38 29 66 24 424 167 64 193 49 108 32 20 26 45 20 83 42 21
leaf_count=45 191 49 20 20 51 78 20 39 59 32 26 98 38 29 66 24 424 167 64 193 49 108 32 20 26 45 20 83 42 21
internal_value=-2.26177e-06 0.000821278 0.00119688 0.00476653 -0.000597601 0.000777213 -0.00137615 -0.000122577 0.00101621 -0.000424548 -0.00109308 -0.00148153 0 -0.000754971 -0.00174379 0.000274968 -0.000583667 -0.00209052 0.00128342 0.00103885 -0.000245093 -0.00056435 0.00221001 -0.00429343 -0.000378737 0.0010427 0.0007543 0.001003 0.00640051 -0.000949182
internal_weight=2179 912 797 82 1267 715 477 790 163 627 437 342 118 492 115 95 463 218 480 384 235 186 96 40 124 71 135 115 62 80
internal_count=2179 912 797 82 1267 715 477 790 163 627 437 342 118 492 115 95 463 218 480 384 235 186 96 40 124 71 135 115 62 80
is_linear=0
shrinkage=0.03


Tree=20
num_leaves=31
num_cat=0
split_feature=23 19 23 23 11 11 11 27 15 11 21 19 19 10 15 15 21 26 15 19 23 23 23 17 15 11 21 15 19 27
split_gain=1.11964 0.923464 0.788208 0.82378 0.489312 0.486455 0.314064 0.285359 0.230835 0.220293 0.195863 0.212953 0.247827 0.147094 0.14449 0.128522 0.112198 0.108263 0.180268 0.102316 0.212955 0.127847 0.0912098 0.0470399 0.0469686 0.045954 0.0398916 0.0353616 0.0345692 0.024739
threshold=268.27500000000003 99.165000915000022 280.73000000000008 277.68000000000006 1.0267795554595176 1.0078241112256918 1.0623456106342128 592948.00000000012 0.024985128024552151 1.0129403728920179 29.000000000000004 80.950000765000013 91.319999695000021 1.0571083935251895 0.010039632970223153 0.018752701894558053 36.635000225000006 94.500000000000014 0.015630544509721903 93.750000000000014 263.73500000000007 266.93500000000006 318.0800000000001 0.0096312535831941017 0.016214025475293551 0.91732576789427644 16.819999695000003 0.016061816555374451 93.334999085000007 546255.00000000012
decision_type=2 2 2 2 2 2 2 2 2 2 2 2 2 2 2 2 2 2 2 2 2 2 2 2 2 2 2 2 2 2
left_child=5 2 3 9 -5 7 14 10 13 28 11 -1 -13 19 -4 -3 -16 18 -9 20 -7 -21 27 -15 -11 -19 -10 -8 -2 -17
right_child=1 15 6 4 -6 8 22 17 26 24 -12 12 -14 23 16 29 -18 25 -20 21 -22 -23 -24 -25 -26 -27 -28 -29 -30 -31
leaf_value=-0.0023930386283944243 0.00095085212841513559 -0.00048381066080056931 -0.00098397490068931467 0.0067879556371615484 0.0020507282536525867 -0.0015073718523866879 0 0.0041823536548763508 -0.0022319422323256728 -0.00083364129270679151 -0.0032296329996648375 0.0018291451684990018 -0.00031243583935702677 -0.0032625344268356758 0.0011538151482891588 -0.0036203364296816289 -0.0010370816245142904 0.0013707675326453601 0.00063207558310989821 -0.00087509911147875424 0.0011264840087053015 -0.0028080447373481899 0.00082479425630299381 -0.0012191436057775995 0.00071455825529033869 -0.00027660536906914788 -0.0045415850058197977 -0.0014486380147947266 0.0026423578595742583 -0.0018203659655474538
leaf_weight=39 23 36 32 51 37 50 21 23 29 35 20 52 566 35 402 31 20 22 34 216 59 38 23 25 33 39 20 83 59 26
leaf_count=39 23 36 32 51 37 50 21 23 29 35 20 52 566 35 402 31 20 22 34 216 59 38 23 25 33 39 20 83 59 26
internal_value=-2.2678e-06 0.000797395 0.00112186 0.00257551 0.0048753 -0.000580414 0.000517828 -0.000122849 -0.00134287 0.00118308 -0.000363938 -0.000267368 -0.000124728 -0.00110105 0.000889533 -0.00200959 0.00104068 0.00122658 0.00216378 -0.000856311 -5.71539e-05 -0.00118592 -0.000784075 -0.00249425 -3.93639e-05 0.000281668 -0.00330663 -0.00117292 0.00222123 -0.00289656
internal_weight=2179 912 819 238 88 1267 581 795 472 150 677 657 618 423 454 93 422 118 57 363 109 254 127 60 68 61 49 104 82 57
internal_count=2179 912 819 238 88 1267 581 795 472 150 677 657 618 423 454 93 422 118 57 363 109 254 127 60 68 61 49 104 82 57
is_linear=0
shrinkage=0.03


Tree=21
num_leaves=31
num_cat=0
split_feature=23 19 22 19 10 22 26 23 26 23 19 22 10 23 22 23 19 20 23 26 19 20 20 7 27 25 26 14 20 21
split_gain=1.05456 0.871794 1.1659 0.691267 0.430893 0.315004 0.357138 0.398821 0.297681 0.43988 0.354903 0.301074 0.260566 0.198159 0.18887 0.161381 0.143263 0.126346 0.214978 0.102963 0.0904974 0.0825999 0.045764 0.0450132 0.0408769 0.0378682 0.0329466 0.0327206 0.0214874 0.0207059
threshold=268.27500000000003 98.985000610000014 279.88200000000006 97.255001070000006 1.0571083935251895 252.37150000000003 97.500000000000014 266.78000000000003 59.500000000000007 202.86000000000004 98.625000000000014 240.38350000000003 0.97789307906013534 255.52000000000001 257.97750000000008 267.52500000000003 91.319999695000021 1.4450000000000001 287.91500000000002 96.500000000000014 94.844997405000015 2.4450000000000007 3.0050000000000003 0.016939895768728706 273917.00000000006 -2.0568657829999997 94.500000000000014 0.013305345647454352 3.1950000000000007 13.465000155000002
decision_type=2 2 2 2 2 2 2 2 2 2 2 2 2 2 2 2 2 2 2 2 2 2 2 2 2 2 2 2 2 2
left_child=4 2 12 24 5 8 7 -7 9 -1 -11 13 20 -10 27 -9 -13 19 -19 -14 23 -22 -8 -2 -4 -6 28 -3 -16 -27
right_child=1 14 3 -5 25 6 22 15 11 10 -12 16 17 -15 26 -17 -18 18 -20 -21 21 -23 -24 -25 -26 29 -28 -29 -30 -31
leaf_value=0.003698896734695882 0.0037669358486714568 0.00071240204590971451 0.0040433519028925469 -0.00020409827903079399 -0.0011173167881788687 0 0.0012372861826340392 -0.0053288008809089663 -0.00076012843126806271 -0.00065329936552249517 0.003247535618738486 0.0020815815307538618 0.00039998697565846831 -0.0031548636036259786 -0.0042249843180179594 -0.0024242790568134061 1.7962036488290104e-06 0.0007980179479091683 -0.00072818983927533637 0.0017974542863334396 0.00021852075556097063 0.0022922284544578619 -0.00047672441575144026 0.0018968042919445518 0.0068145193828399791 -0.0022229488620185292 -0.0015429480956096588 -0.00083203806955134494 -0.0020643706973642109 -0.0038760213060969754
leaf_weight=39 22 20 20 20 20 45 33 29 410 107 25 32 128 34 20 68 339 164 166 83 56 27 20 69 42 39 28 27 20 27
leaf_count=39 22 20 20 20 20 45 33 29 410 107 25 32 128 34 20 68 339 164 166 83 56 27 20 69 42 39 28 27 20 27
internal_value=-2.54505e-06 0.000773487 0.00112826 0.00450179 -0.000563677 -0.000410179 -0.0015109 -0.00229506 -0.00018814 0.000940904 8.18015e-05 -0.000429571 0.00073143 -0.000956928 -0.00164792 -0.00336877 0.000194363 0.000397878 2.13452e-05 0.000969738 0.00174317 0.000948072 0.000538084 0.00241756 0.00604658 -0.00260816 -0.00264959 -0.00011118 -0.00329455 -0.00299174
internal_weight=2179 912 797 82 1267 1181 195 142 986 171 132 815 715 444 115 97 371 541 330 211 174 83 53 91 62 86 68 47 40 66
internal_count=2179 912 797 82 1267 1181 195 142 986 171 132 815 715 444 115 97 371 541 330 211 174 83 53 91 62 86 68 47 40 66
is_linear=0
shrinkage=0.03


Tree=22
num_leaves=31
num_cat=0
split_feature=23 19 22 15 11 22 11 27 23 11 19 19 15 19 22 10 20 19 22 23 15 14 27 27 14 23 15 14 27 23
split_gain=0.993954 0.82563 0.941577 0.945108 0.447672 0.356313 0.350601 0.256271 0.232053 0.204445 0.180733 0.249652 0.283685 0.15195 0.117951 0.108797 0.102944 0.0985148 0.0975436 0.0889245 0.0884672 0.0854682 0.0639465 0.0439255 0.0336596 0.0285752 0.0263857 0.0249222 0.0240526 0.0227699
threshold=268.27500000000003 99.165000915000022 279.88200000000006 0.041624230562053957 1.0078241112256918 252.68050000000002 1.0480805443742536 592948.00000000012 263.73500000000007 1.0734319529846044 80.950000765000013 91.319999695000021 0.015504679608348801 93.505001070000006 259.18850000000003 0.95312673959963501 0.92500000000000016 97.055000305000007 294.93500000000006 288.05500000000001 0.010039632970223153 0.01218889372026285 476516.00000000006 689441.50000000012 0.025682264448434602 266.13000000000005 0.016308103341938256 0.014451377663535403 273917.00000000006 252.20000000000002
decision_type=2 2 2 2 2 2 2 2 2 2 2 2 2 2 2 2 2 2 2 2 2 2 2 2 2 2 2 2 2 2
left_child=4 2 6 28 7 8 15 10 9 17 -1 12 -12 25 26 -2 -8 -6 -13 -18 -17 -9 -7 29 -16 -10 -3 -15 -4 -23
right_child=1 14 3 -5 5 22 16 21 13 -11 11 18 -14 27 24 20 19 -19 -20 -21 -22 23 -24 -25 -26 -27 -28 -29 -30 -31
leaf_value=-0.0023008084665751085 0.0023314761975669258 0 0.0039278277337018927 -0.0012536053866117627 -0.0014538640647676888 -0.0053275227887289861 0.00098887872769562284 0.0029649702181507431 0.0018986340563278646 -0.002698729406256812 0.004171843567863107 -0.00028470337740730867 -0.0001395519611891359 -0.0018266526444682052 -0.0040317856879396874 -0.00076610058266669519 7.8091268957359715e-05 -0.00022569900286711149 -0.0019189907227021952 -0.0012437515590236687 0.0010481837836610879 0.00043508663999715022 -0.002301847289582448 0 -0.0018790899243063498 0.00031291440810309729 -0.0014368771529494233 -0.00014472702581302393 0.0063939851452695555 0.0018264170190827411
leaf_weight=39 62 24 20 22 145 20 42 20 32 82 23 551 29 20 21 23 79 110 35 96 429 27 20 39 26 23 22 20 46 32
leaf_count=39 62 24 20 22 145 20 42 20 32 82 23 551 29 20 21 23 79 110 35 96 429 27 20 39 26 23 22 20 46 32
internal_value=-2.35389e-06 0.00075101 0.00105794 0.00397942 -0.000547164 -0.00127857 0.000697187 -0.000108092 -0.00101281 -0.00138258 -0.000336777 -0.000208611 0.00175354 0.000268395 -0.00190252 0.00112469 -0.000302178 -0.000938737 -0.000390528 -0.000632935 0.000947754 0.00117053 -0.0039809 0.000747764 -0.00296739 0.00130652 -0.000710694 -0.0010829 0.00576122 0.00125757
internal_weight=2179 912 819 88 1267 472 731 795 432 337 677 638 52 95 93 514 217 255 586 175 452 118 40 98 47 55 46 40 66 59
internal_count=2179 912 819 88 1267 472 731 795 432 337 677 638 52 95 93 514 217 255 586 175 452 118 40 98 47 55 46 40 66 59
is_linear=0
shrinkage=0.03


Tree=23
num_leaves=31
num_cat=0
split_feature=23 19 22 15 11 22 16 27 23 11 21 19 19 19 11 15 19 21 23 23 19 20 11 27 11 23 27 23 20 27
split_gain=0.935972 0.779682 0.887311 0.891986 0.422413 0.336692 0.332439 0.242053 0.218555 0.192317 0.172675 0.188101 0.211156 0.143807 0.113535 0.0979808 0.0934683 0.0867703 0.0761394 0.0872714 0.0670064 0.100713 0.0751383 0.0596078 0.0268749 0.0266852 0.0250436 0.0233179 0.013045 0.00998911
threshold=268.27500000000003 99.165000915000022 279.88200000000006 0.041624230562053957 1.0078241112256918 252.68050000000002 58.237369815794956 592948.00000000012 263.73500000000007 1.077282580569878 29.000000000000004 80.950000765000013 91.319999695000021 93.505001070000006 1.0129403728920179 0.010039632970223153 97.694999695000021 26.619999885000002 314.01500000000004 288.05500000000001 97.255001070000006 2.3850000000000002 0.94392395996112566 476516.00000000006 1.0078241112256918 266.13000000000005 437304.50000000006 268.06000000000006 2.2350000000000008 482646.00000000006
decision_type=2 2 2 2 2 2 2 2 2 2 2 2 2 2 2 2 2 2 2 2 2 2 2 2 2 2 2 2 2 2
left_child=4 2 6 24 7 8 15 10 9 16 11 -1 -13 25 26 -2 -6 -17 19 -8 22 -22 -9 -7 -4 -10 -3 -15 -11 -20
right_child=1 14 3 -5 5 23 18 20 13 28 -12 12 -14 27 -16 17 -18 -19 29 -21 21 -23 -24 -25 -26 -27 -28 -29 -30 -31
leaf_value=-0.0022335098303854464 -0.0007686353308910673 -0.0012989832042949274 0.0064195440664887426 -0.0012176323671136862 -0.0013235056602712905 -0.0051753078528812948 0.00019454831663373272 0.0014427381676842311 0.0018434010390827261 -0.003632338868535083 -0.0030176436317020227 0.0017015193637003594 -0.00027539387264654842 -0.00014059196222972656 -0.0028491301403939726 0.0013874989050914278 -7.1968489024330605e-05 0.00019487359467893839 0.0001124376953071491 -0.0010729621307269017 0.0033089500253017132 0.00031877365251156415 -0.00042948636137104287 -0.0022360802436513557 0.0041085545614893944 0.0003039181192871183 0 -0.0017744625487497872 -0.0021773787961740579 0.0011730147963389754
leaf_weight=39 21 23 39 22 175 20 82 37 32 22 20 52 566 20 49 400 85 71 21 108 25 21 35 20 27 23 21 20 55 28
leaf_count=39 21 23 39 22 175 20 82 37 32 22 20 52 566 20 49 400 85 71 21 108 25 21 35 20 27 23 21 20 55 28
internal_value=-2.51221e-06 0.000728506 0.00102684 0.0038631 -0.000531232 -0.00124172 0.000676494 -0.000104611 -0.000983125 -0.00134202 -0.00032696 -0.000236031 -0.000101725 0.00025948 -0.00184982 0.00112273 -0.000927687 0.00121487 -0.000230476 -0.00051207 0.00113788 0.00204353 0.000498117 -0.00386925 0.00559435 0.00127011 -0.000631706 -0.00105405 -0.00267278 0.000789821
internal_weight=2179 912 819 88 1267 472 731 795 432 337 677 657 618 95 93 492 260 471 239 190 118 46 72 40 66 55 44 40 77 49
internal_count=2179 912 819 88 1267 472 731 795 432 337 677 657 618 95 93 492 260 471 239 190 118 46 72 40 66 55 44 40 77 49
is_linear=0
shrinkage=0.03


Tree=24
num_leaves=31
num_cat=0
split_feature=23 19 22 15 11 22 11 26 22 26 23 19 22 27 15 19 19 22 10 20 21 26 19 27 15 20 11 15 27 20
split_gain=0.882207 0.734855 0.836216 0.841935 0.398827 0.319238 0.314852 0.234668 0.417192 0.24435 0.204171 0.197374 0.19203 0.187323 0.141135 0.136114 0.129824 0.107436 0.100877 0.094661 0.0918703 0.074291 0.0557103 0.0555342 0.0459434 0.0430294 0.0414259 0.0374497 0.0323541 0.0296377
threshold=268.27500000000003 99.165000915000022 279.88200000000006 0.041624230562053957 1.0072274337351954 252.68050000000002 1.0480805443742536 72.500000000000014 237.48750000000004 96.500000000000014 263.73500000000007 96.954998015000015 253.04550000000003 595804.00000000012 0.014986781543739952 93.505001070000006 80.950000765000013 259.18850000000003 0.95312673959963501 1.5050000000000001 33.190000535000003 95.500000000000014 91.854999540000009 476516.00000000006 0.016978670312381056 3.0050000000000003 0.98800441124948335 0.018752701894558053 546255.00000000012 2.4150000000000005
decision_type=2 2 2 2 2 2 2 2 2 2 2 2 2 2 2 2 2 2 2 2 2 2 2 2 2 2 2 2 2 2
left_child=4 2 6 -4 7 10 18 8 29 12 11 14 16 27 -6 -12 -9 -3 -2 22 -20 -21 -8 -7 -13 26 -11 -10 -19 -1
right_child=1 17 3 -5 5 23 19 9 13 25 15 24 -14 -15 -16 -17 -18 28 20 21 -22 -23 -24 -25 -26 -27 -28 -29 -30 -31
leaf_value=0.0021645494572073219 0.0022239495389651327 -0.00065558760181475581 0.0054325744761015054 -0.0011826916096640914 -0.00037568813665375976 -0.0050274418847901479 -0.00078890924245301303 -0.0021681796246091835 -0.0013809499297414581 0.0012872654811673177 0.0012347660621869309 -0.00086944090024066649 -0.0030271408395841719 0.0016707749489085889 -0.0022622137226280758 -0.001026027140917438 -0.00035498443652834638 -0.0037571680005639785 0.0009915695244577668 -0.00039905084075605302 -0.00089994279720375064 -0.0022158929615148475 0.00087350637190367856 -0.0021721922521080288 0.00025168066871825791 -0.00041594440330352102 0 0 -0.0016725643041729926 0.0043698000911284573
leaf_weight=24 62 46 66 22 51 20 22 39 48 89 55 64 29 38 167 40 424 23 430 100 22 27 68 20 60 20 26 32 24 21
leaf_count=24 62 46 66 22 51 20 22 39 48 89 55 64 29 38 167 40 424 23 430 100 22 27 68 20 60 20 26 32 24 21
internal_value=-2.62175e-06 0.00070705 0.00099675 0.00375034 -0.000515971 -0.00120055 0.000656495 -9.78387e-05 0.000907606 -0.000365028 -0.000951299 -0.00129373 -0.000678316 -1.17808e-05 -0.0018383 0.000250831 -0.000518525 -0.00179573 0.0010617 -0.00029001 0.000891099 -0.00082304 0.000429967 -0.00376079 -0.000305289 0.000751265 0.000981955 -0.000858792 -0.00281221 0.00333151
internal_weight=2179 912 819 88 1267 477 731 790 163 627 437 342 492 118 218 95 463 93 514 217 452 127 90 40 124 135 115 80 47 45
internal_count=2179 912 819 88 1267 477 731 790 163 627 437 342 492 118 218 95 463 93 514 217 452 127 90 40 124 135 115 80 47 45
is_linear=0
shrinkage=0.03


Tree=25
num_leaves=31
num_cat=0
split_feature=23 11 22 20 11 22 11 23 22 22 23 21 26 21 23 20 16 22 23 23 14 20 26 14 20 5 21 22 12 18
split_gain=0.830082 0.669464 0.622783 0.52564 0.37636 0.278602 0.371783 0.378142 0.230915 0.223954 0.295629 0.182838 0.158218 0.150394 0.134042 0.102852 0.101917 0.0930441 0.0851414 0.0800776 0.0924139 0.0689964 0.0661502 0.0443736 0.0321491 0.0283963 0.0254195 0.0163642 0.0115703 0.00961526
threshold=268.27500000000003 1.0400064486982552 279.88200000000006 1.9650000000000001 1.077282580569878 252.37150000000003 0.93597718018346721 266.78000000000003 288.11750000000001 241.45850000000004 255.52000000000001 36.635000225000006 82.500000000000014 12.345000265000001 267.18000000000001 2.3150000000000004 38.425623931066355 250.90500000000003 314.01500000000004 280.73000000000008 0.018327456061708606 1.3900000000000001 92.500000000000014 0.019424493662493204 2.8850000000000002 -0.010071756092082549 19.765000345000004 294.93500000000006 1.0264385035019037 0.52619328357379291
decision_type=2 2 2 2 2 2 2 2 2 2 2 2 2 2 2 2 2 2 2 2 2 2 2 2 2 2 2 2 2 2
left_child=4 2 11 25 5 9 27 -8 18 10 12 16 -1 15 -9 -11 26 -15 19 20 -3 -18 -21 -6 29 -4 -2 -7 -20 -25
right_child=1 8 3 -5 23 6 7 14 -10 13 -12 -13 -14 17 -16 -17 21 -19 28 22 -22 -23 -24 24 -26 -27 -28 -29 -30 -31
leaf_value=0.00061910285369649496 0.0024930541399866345 -0.00049437433367420448 0.0037293407265096899 -0.000130141395875918 -0.0009613871984183788 0.0012586802806601755 1.9552257180254417e-05 -0.0049565707719884814 -0.0029690514083566336 -0.00098918661071309942 -0.0029885682474549225 -0.0010922420782641178 -0.00061229963667738807 0.0015360242104834776 -0.0023165307387032295 0.00033292448569368889 0.0013893230738595593 0 0.0012114228195687 9.2951370156644023e-05 0.0016368912250036372 0.00054394401429409096 -0.0011554620536618917 -0.0022683393802493809 -0.0012725058771403772 0.0062828965769572689 0.00087710623177034521 6.0721732676029192e-05 0.00011146442113178116 -0.0039035516399145123
leaf_weight=119 54 39 21 20 26 26 45 31 28 77 40 36 406 118 65 161 149 54 36 50 31 259 117 29 20 32 20 26 20 24
leaf_count=119 54 39 21 20 26 26 45 31 28 77 40 36 406 118 65 161 149 54 36 50 31 259 117 29 20 32 20 26 20 24
internal_value=-3.06595e-06 0.000685278 0.00128479 0.00387362 -0.000501059 -0.00034647 -0.00138648 -0.00218734 -0.000409744 -0.000136317 -0.000525521 0.000907415 -0.000326832 0.0003927 -0.00324228 -8.46142e-05 0.00106493 0.00106718 -0.000145697 -0.000403355 0.00041698 0.00086265 -0.0007655 -0.00227319 -0.00268056 0.00541446 0.00211383 0.000728752 0.00088006 -0.00312294
internal_weight=2179 912 591 73 1267 1168 193 141 321 975 565 518 525 410 96 238 482 172 293 237 70 408 167 99 73 53 74 52 56 53
internal_count=2179 912 591 73 1267 1168 193 141 321 975 565 518 525 410 96 238 482 172 293 237 70 408 167 99 73 53 74 52 56 53
is_linear=0
shrinkage=0.03


Tree=26
num_leaves=31
num_cat=0
split_feature=23 19 22 11 11 11 22 27 23 11 19 19 15 21 22 23 20 20 20 19 14 19 23 19 27 27 11 14 14 20
split_gain=0.782781 0.669161 0.87475 0.535363 0.369054 0.29843 0.285428 0.214823 0.188378 0.162769 0.150012 0.20974 0.25583 0.174854 0.14972 0.124766 0.087379 0.0870491 0.136088 0.0814426 0.0728842 0.0668004 0.0625423 0.052114 0.0495289 0.0431251 0.0416164 0.0286498 0.0227772 0.0166973
threshold=268.27500000000003 98.985000610000014 279.88200000000006 1.0267795554595176 1.0078241112256918 1.0431108799649811 252.68050000000002 592948.00000000012 263.73500000000007 1.0734319529846044 80.950000765000013 91.319999695000021 0.015504679608348801 14.375000000000002 257.97750000000008 268.06000000000006 1.5050000000000001 2.3250000000000006 1.5550000000000004 95.834999085000007 0.01218889372026285 93.264999390000014 288.89000000000004 91.854999540000009 476516.00000000006 329708.00000000006 0.96348682353617543 0.013305345647454352 0.023467644066640456 2.2950000000000004
decision_type=2 2 2 2 2 2 2 2 2 2 2 2 2 2 2 2 2 2 2 2 2 2 2 2 2 2 2 2 2 2
left_child=4 2 5 -4 7 17 8 10 9 19 -1 12 -12 -13 27 25 23 18 -2 -6 -9 -19 -18 -7 -8 -10 -22 -3 -16 -11
right_child=1 14 3 -5 6 16 24 20 15 29 11 13 -14 -15 28 -17 22 21 -20 -21 26 -23 -24 -25 -26 -27 -28 -29 -30 -31
leaf_value=-0.0020868506217200772 0.001283623091472833 0.00068753778748214243 0.0058186893393011654 0.00072487450340254743 -0.0014938397716361819 -0.00072703364214976324 -0.0047760806147541315 0.0027437654268661778 0 -0.0030513541764722995 0.0039160738578066234 0.00025655860210126212 -0.00017466634684242308 -0.00078618181171031458 -0.0030904962052372862 -0.0015454878929257391 -0.00013061330188626806 0.0005925119588261142 7.6504505473692428e-05 -0.00036729848526868445 0.0011866752168163655 0.0023886034040478993 -0.0014600295178331748 0.00082844999210479164 -0.0020550919730449092 0.0014515449110337573 0 -0.00075980508255763977 -0.0015792154325111032 -0.0017556951602300008
leaf_weight=39 230 20 50 32 105 23 20 20 26 38 23 244 29 342 31 24 82 33 141 150 59 71 58 77 20 45 39 27 37 44
leaf_count=39 230 20 50 32 105 23 20 20 26 38 23 244 29 342 31 24 82 33 141 150 59 71 58 77 20 45 39 27 37 44
internal_value=-2.87874e-06 0.000665525 0.00097665 0.00389969 -0.000486515 0.000632253 -0.00115059 -8.75287e-05 -0.000911716 -0.00124502 -0.000297244 -0.000180059 0.00161784 -0.000347195 -0.00145468 0.000240055 -0.000219138 0.00106829 0.000834356 -0.00084691 0.00108285 0.00185833 -0.000709097 0.00043733 -0.00357206 0.000898367 0.000689291 -7.99218e-05 -0.00234646 -0.0024218
internal_weight=2179 912 797 82 1267 715 472 795 432 337 677 638 52 586 115 95 240 475 371 255 118 104 140 100 40 71 98 47 68 82
internal_count=2179 912 797 82 1267 715 472 795 432 337 677 638 52 586 115 95 240 475 371 255 118 104 140 100 40 71 98 47 68 82
is_linear=0
shrinkage=0.03


Tree=27
num_leaves=31
num_cat=0
split_feature=23 11 22 22 11 22 23 21 21 23 23 23 11 11 22 22 21 20 22 23 20 23 11 21 23 22 20 18 24 11
split_gain=0.737651 0.603298 0.692748 0.396016 0.348729 0.271002 0.25609 0.180536 0.17466 0.184212 0.164304 0.205445 0.155123 0.14926 0.217045 0.139149 0.102098 0.0897869 0.125914 0.0745886 0.0612457 0.0578609 0.0562426 0.0512172 0.0488264 0.0185515 0.0152889 0.0143467 0.00974727 0.00731056
threshold=268.27500000000003 1.0078241112256918 279.88200000000006 288.11750000000001 1.0072274337351954 252.37150000000003 263.73500000000007 24.380000115000005 29.000000000000004 191.06500000000003 197.46000000000004 196.19000000000003 1.0734319529846044 1.0960540083264991 279.88200000000006 241.45850000000004 37.674999235000008 1.4350000000000003 258.87850000000009 314.01500000000004 1.7550000000000001 255.52000000000001 1.0361872759334079 19.574999810000005 266.13000000000005 286.08700000000005 2.2950000000000004 0.90831512283240745 1.4418155920000002 0.97262143496611564
decision_type=2 2 2 2 2 2 2 2 2 2 2 2 2 2 2 2 2 2 2 2 2 2 2 2 2 2 2 2 2 2
left_child=4 2 7 13 8 6 12 17 9 27 11 -11 21 14 16 -12 -3 -2 -19 29 -4 -6 -7 -15 28 -25 -14 -1 -8 -9
right_child=1 3 20 -5 5 22 24 19 -10 10 15 -13 26 23 -16 -17 -18 18 -20 -21 -22 -23 -24 25 -26 -27 -28 -29 -30 -31
leaf_value=-0.0025661531754515386 0.0027040878558764235 0.00042239865530889644 0.0065785512030124664 -0.0029221477366518228 -0.00050916016329032802 -0.0020614414615024411 0.00061032503919506613 -0.0010040391981407687 -0.0027810017177169874 2.4409572084276178e-05 -0.0005333316859253448 0.0029871028291159553 -0.0029621607554861555 -0.001431090200966638 0.0031491978326095983 0.00035264234228354104 -0.0016661662586372006 0.0017117350060641507 0.00010955062570299137 0.0011363652431373964 0.0034768160863034425 -0.0015506382877812593 -0.0044664458121088414 0.00043183555844838599 -5.0672193290665739e-05 -0.00073932911781594162 -0.0017041947805012264 -0.0010291902099270375 0.0019001729787666011 -0.00013620132421609014
leaf_weight=21 47 344 20 38 187 34 21 35 20 52 298 37 38 53 25 339 21 134 72 28 24 73 21 27 38 20 44 23 21 24
leaf_count=21 47 344 20 38 187 34 21 35 20 52 298 37 38 53 25 339 21 134 72 28 24 73 21 27 38 20 44 23 21 24
internal_value=-2.99789e-06 0.000645811 0.00154897 -7.04372e-06 -0.000472524 -0.00111264 -0.000840254 0.00107121 -8.13162e-05 -3.78742e-06 0.000107615 0.00130893 -0.00120024 0.000218407 0.000488366 -5.73163e-05 0.000289814 0.0014759 0.00116948 -7.49529e-05 0.00506822 -0.00081789 -0.00309665 -0.000799142 0.000657466 -9.05241e-06 -0.00235196 -0.00187013 0.00135421 -0.000709174
internal_weight=2179 912 384 528 1267 477 422 340 790 770 726 89 342 490 390 637 365 253 206 87 44 260 55 100 80 47 82 44 42 59
internal_count=2179 912 384 528 1267 477 422 340 790 770 726 89 342 490 390 637 365 253 206 87 44 260 55 100 80 47 82 44 42 59
is_linear=0
shrinkage=0.03


Tree=28
num_leaves=31
num_cat=0
split_feature=23 19 11 23 11 23 23 19 19 19 11 21 20 23 14 11 20 23 20 15 23 23 21 17 19 17 21 10 15 21
split_gain=0.695696 0.600938 0.533331 0.476124 0.330001 0.324833 0.172133 0.22195 0.275619 0.252996 0.155439 0.237043 0.238133 0.149546 0.142412 0.140456 0.13119 0.111186 0.106503 0.0890595 0.0809089 0.0778613 0.106196 0.0656647 0.0647228 0.0616058 0.0559334 0.0409457 0.0310541 0.0305834
threshold=268.27500000000003 99.165000915000022 1.0297098980881365 284.31000000000006 1.0440071894079612 277.68000000000006 253.49500000000003 82.014999390000014 87.14500046000002 95.005001070000006 0.88535725732309656 24.710000035000004 2.3150000000000004 282.36500000000007 0.019275425824168652 0.96096676483123 1.5050000000000001 288.89000000000004 2.9350000000000005 0.018525881927978705 265.39500000000004 302.7050000000001 24.055000305000004 0.00026966733075630003 90.885002135000022 -0.0038257607226360496 14.589999675000001 1.0609585960772803 0.016365898133315303 17.000000000000004
decision_type=2 2 2 2 2 2 2 2 2 2 2 2 2 2 2 2 2 2 2 2 2 2 2 2 2 2 2 2 2 2
left_child=4 2 3 5 6 26 7 28 15 -10 -8 12 -12 -7 20 -9 24 25 29 -3 -6 22 -5 -23 -4 -18 -2 -26 -1 -16
right_child=1 19 16 21 14 13 10 8 9 -11 11 -13 -14 -15 18 -17 17 -19 -20 -21 -22 23 -24 -25 27 -27 -28 -29 -30 -31
leaf_value=-0.0023878230430185794 0.0022335789761023729 -0.00029511977354330677 -0.00044719016361200522 0.0006851543623656891 -0.0011205829367467422 0.0051040449775755408 0.00092143276886781666 0.0042319535772231487 -0.001208529035302086 0.00043841141116168476 -0.0017156225420826637 -0.002960003055695614 -7.1827885032583084e-05 0.0017582503459839657 -0.0022552018195907725 0.00089103473191789811 -0.0013307421160861847 -0.0013884516308542898 -0.00050372779937461016 -0.002339769262281334 0.00082979426439851514 0.0020171993835349841 -0.001419611743884161 0.00024239177104424346 0.0013738790906417894 0.00033958611234536279 0.00065627887587373459 0 -0.00073572728367008529 -0.0039825596906568686
leaf_weight=29 55 34 30 170 75 56 47 21 107 373 117 43 255 21 67 31 23 75 29 59 23 67 23 32 84 112 44 27 28 22
leaf_count=29 55 34 30 170 75 56 47 21 107 373 117 43 255 21 67 31 23 75 29 59 23 67 23 32 84 112 44 27 28 22
internal_value=-3.02517e-06 0.000627022 0.000889252 0.00155114 -0.000459043 0.00278658 -0.000235506 0.000100153 0.000296549 6.32947e-05 -0.000669207 -0.000858345 -0.000600084 0.00426426 -0.00152679 0.00235125 0 -0.000469606 -0.00223584 -0.00163527 -0.00062878 0.000789281 0.000412839 0.00148168 0.000709785 2.52604e-05 0.00157613 0.00105047 -0.00165467 -0.00275503
internal_weight=2179 912 819 468 1267 176 1051 589 532 480 462 415 372 77 216 52 351 210 118 93 98 292 193 99 141 135 99 111 57 89
internal_count=2179 912 819 468 1267 176 1051 589 532 480 462 415 372 77 216 52 351 210 118 93 98 292 193 99 141 135 99 111 57 89
is_linear=0
shrinkage=0.03


Tree=29
num_leaves=28
num_cat=0
split_feature=23 22 22 10 16 22 22 23 16 23 22 21 15 20 22 23 15 20 14 27 27 25 16 9 21 23 14
split_gain=0.655792 0.541393 1.26358 0.294355 0.233224 0.228527 0.225094 0.233754 0.159271 0.201023 0.240004 0.128035 0.131748 0.119371 0.243483 0.10861 0.0903996 0.0655194 0.0579563 0.0492481 0.0465968 0.0342972 0.0288401 0.0189535 0.0186207 0.00778927 0.00299933
threshold=268.27500000000003 286.08700000000005 279.88200000000006 1.0571083935251895 61.780290950853448 252.37150000000003 241.45850000000004 255.52000000000001 37.456402833492298 266.78000000000003 295.02700000000004 12.345000265000001 0.015714022597156301 2.3250000000000006 256.03400000000005 191.06500000000003 0.011910453880113152 2.6850000000000005 0.027095826238810055 273917.00000000006 441607.50000000006 -2.0568657829999997 66.088023318651835 1.0094845316794625 13.465000155000002 286.82500000000005 0.0139517151851753
decision_type=2 2 2 2 2 2 2 2 2 2 2 2 2 2 2 2 2 2 2 2 2 2 2 2 2 2 2
left_child=3 2 4 5 13 6 7 15 -7 26 -11 16 -13 14 -2 -1 -8 -15 -3 -4 25 -5 -22 -20 -23 -6 -10
right_child=1 18 19 21 20 8 11 -9 9 10 -12 12 -14 17 -16 -17 -18 -19 23 -21 22 24 -24 -25 -26 -27 -28
leaf_value=-0.001764902995340526 -0.0010225593877397478 -0.0032523707505315537 0.0029574959746428895 -0.00075942029790686705 -0.0004532898802572163 0.00053182367895330705 0.0010138381182526548 -0.0027432117473334076 -0.00014495960910426221 -0.003002732203582362 0.00019281379907177043 0.0024216797206550833 0.00049907452162828436 0.0022032063949542742 0.00081445541001690851 -0.0002071772141374597 -0.00037749172401785352 0.00050791034176826981 -0.00034459649536596691 0.0055450401713450746 0.00054247901681810616 -0.0017893662481190402 -0.00058301284310873598 -0.0018366691914852708 -0.0032976263285215408 -0.0012936423841702679 0.00031623939869248051
leaf_weight=44 74 23 20 20 31 34 53 39 23 92 25 44 137 71 438 484 185 37 22 44 41 39 39 21 27 51 21
leaf_count=44 74 23 20 20 31 34 53 39 23 92 25 44 137 71 438 484 185 37 22 44 41 39 39 21 27 51 21
internal_value=-2.99726e-06 0.000608674 0.000815949 -0.000445783 0.000476979 -0.000318441 -0.000128924 -0.000520475 -0.00125586 -0.00165286 -0.00229865 0.000393766 0.00099367 0.000743616 0.000541626 -0.00034575 -5.21598e-05 0.00165992 -0.00197596 0.00484053 -0.000523381 -0.00213628 0 -0.00116665 -0.00249117 -0.00102138 1.06275e-05
internal_weight=2179 912 846 1267 782 1181 986 567 195 161 117 419 181 620 512 528 238 108 66 64 162 86 80 43 66 82 44
internal_count=2179 912 846 1267 782 1181 986 567 195 161 117 419 181 620 512 528 238 108 66 64 162 86 80 43 66 82 44
is_linear=0
shrinkage=0.03


end of trees

feature_importances:
USDA_WASDE_Stocks=149
USD_Index=129
CPI_Inflation=98
US_10Y_Yield=91
Rolling_Std_20=68
Close_to_MA_50=66
Planting_Progress_Pct=50
Export_Sales=46
VIX=42
Rolling_Std_10=34
RSI_14=27
Close_to_MA_20=22
MACD_Pct=12
Close_to_EMA_20=8
Volume_to_MA_10=8
Temperature_Anomaly_KeyRegions=7
Close_to_EMA_10=3
Precipitation_KeyRegions=3
Ret_Lag_5=1
Daily_Range_Pct=1
Close_to_MA_10=1

parameters:
[boosting: gbdt]
[objective: regression]
[metric: l2]
[tree_learner: serial]
[device_type: cpu]
[data_sample_strategy: bagging]
[data: ]
[valid: ]
[num_iterations: 200]
[learning_rate: 0.03]
[num_leaves: 31]
[num_threads: 20]
[seed: 42]
[deterministic: 0]
[force_col_wise: 0]
[force_row_wise: 0]
[histogram_pool_size: -1]
[max_depth: 6]
[min_data_in_leaf: 20]
[min_sum_hessian_in_leaf: 0.001]
[bagging_fraction: 0.8]
[pos_bagging_fraction: 1]
[neg_bagging_fraction: 1]
[bagging_freq: 0]
[bagging_seed: 400]
[bagging_by_query: 0]
[feature_fraction: 0.8]
[feature_fraction_bynode: 1]
[feature_fraction_seed: 30056]
[extra_trees: 0]
[extra_seed: 12879]
[early_stopping_round: 0]
[early_stopping_min_delta: 0]
[first_metric_only: 0]
[max_delta_step: 0]
[lambda_l1: 0.1]
[lambda_l2: 1]
[linear_lambda: 0]
[min_gain_to_split: 0]
[drop_rate: 0.1]
[max_drop: 50]
[skip_drop: 0.5]
[xgboost_dart_mode: 0]
[uniform_drop: 0]
[drop_seed: 17869]
[top_rate: 0.2]
[other_rate: 0.1]
[min_data_per_group: 100]
[max_cat_threshold: 32]
[cat_l2: 10]
[cat_smooth: 10]
[max_cat_to_onehot: 4]
[top_k: 20]
[monotone_constraints: ]
[monotone_constraints_method: basic]
[monotone_penalty: 0]
[feature_contri: ]
[forcedsplits_filename: ]
[refit_decay_rate: 0.9]
[cegb_tradeoff: 1]
[cegb_penalty_split: 0]
[cegb_penalty_feature_lazy: ]
[cegb_penalty_feature_coupled: ]
[path_smooth: 0]
[interaction_constraints: ]
[verbosity: -1]
[saved_feature_importance_type: 0]
[use_quantized_grad: 0]
[num_grad_quant_bins: 4]
[quant_train_renew_leaf: 0]
[stochastic_rounding: 1]
[linear_tree: 0]
[max_bin: 255]
[max_bin_by_feature: ]
[min_data_in_bin: 3]
[bin_construct_sample_cnt: 200000]
[data_random_seed: 175]
[is_enable_sparse: 1]
[enable_bundle: 1]
[use_missing: 1]
[zero_as_missing: 0]
[feature_pre_filter: 1]
[pre_partition: 0]
[two_round: 0]
[header: 0]
[label_column: ]
[weight_column: ]
[group_column: ]
[ignore_column: ]
[categorical_feature: ]
[forcedbins_filename: ]
[precise_float_parser: 0]
[parser_config_file: ]
[objective_seed: 16083]
[num_class: 1]
[is_unbalance: 0]
[scale_pos_weight: 1]
[sigmoid: 1]
[boost_from_average: 1]
[reg_sqrt: 0]
[alpha: 0.9]
[fair_c: 1]
[poisson_max_delta_step: 0.7]
[tweedie_variance_power: 1.5]
[lambdarank_truncation_level: 30]
[lambdarank_norm: 1]
[label_gain: ]
[lambdarank_position_bias_regularization: 0]
[eval_at: ]
[multi_error_top_k: 1]
[auc_mu_weights: ]
[num_machines: 1]
[local_listen_port: 12400]
[time_out: 120]
[machine_list_filename: ]
[machines: ]
[gpu_platform_id: -1]
[gpu_device_id: -1]
[gpu_device_id_list: ]
[gpu_use_dp: 0]
[num_gpu: 1]

end of parameters

pandas_categorical:[]
