tree
version=v4
num_class=1
num_tree_per_iteration=1
label_index=0
max_feature_idx=27
objective=regression
feature_names=Return Log_Return Ret_Lag_1 Ret_Lag_2 Ret_Lag_3 Ret_Lag_5 Ret_Lag_10 Daily_Range_Pct Close_to_MA_5 Close_to_MA_10 Close_to_MA_20 Close_to_MA_50 Close_to_EMA_10 Close_to_EMA_20 Rolling_Std_10 Rolling_Std_20 RSI_14 MACD_Pct Volume_to_MA_10 USD_Index US_10Y_Yield VIX CPI_Inflation USDA_WASDE_Stocks Precipitation_KeyRegions Temperature_Anomaly_KeyRegions Planting_Progress_Pct Export_Sales
feature_infos=[-0.1068233643220487:0.21776098252243731] [-0.1129709173542847:0.19701391236426749] [-0.1068233643220487:0.21776098252243731] [-0.1068233643220487:0.21776098252243731] [-0.1068233643220487:0.21776098252243731] [-0.1068233643220487:0.21776098252243731] [-0.1068233643220487:0.21776098252243731] [0:0.1318851823118696] [0.84955297096289262:1.2587276011913482] [0.89015151515151514:1.3770631910688531] [0.81774046076777451:1.5471457454170454] [0.74836538144242415:1.7154945173986833] [0.89585158866229841:1.3148350932670614] [0.83851220122397296:1.4389864811421575] [0.0046694959248203003:0.1066195432533204] [0.0065568448117416999:0.079455399387556899] [18.985032428732001:87.668664699449806] [-0.026393370433859701:0.044132612988063702] [0:9.9206634602396004] [79.77999878:114.11000060000001] [0.52000000000000002:4.25] [9.1400003430000005:82.690002440000001] [234.74700000000001:298.786] [188.61000000000001:321.44999999999999] [0.17253421199999999:4.7756856670000003] [-6.4705817689999998:4.357689594] [1:98] [0:2540376]
tree_sizes=2070 2718 2894 2712

Tree=0
num_leaves=22
num_cat=0
split_feature=15 22 20 15 20 16 18 19 19 18 22 22 16 27 15 20 25 15 25 22 25
split_gain=0.432029 0.389555 1.39504 0.179441 0.178009 0.173665 0.203127 0.171998 0.237933 0.123939 0.12113 0.114462 0.0982508 0.0717059 0.0831059 0.0546261 0.0508752 0.0333413 0.0159321 0.00715655 0.00195464
threshold=0.025378103242489753 283.52150000000006 2.7950000000000004 0.015785911485069703 3.2750000000000004 43.924014592662523 0.10755450006741556 84.27000046000002 92.220001220000015 0.40688034561116343 240.86050000000003 240.16150000000002 66.088023318651835 615095.00000000012 0.031208611576712852 2.3150000000000004 0.092191817000000009 0.026389598560960154 1.1585597940000003 240.38350000000003 0.51268794300000009
decision_type=2 2 2 2 2 2 2 2 2 2 2 2 2 2 2 2 2 2 2 2 2
left_child=1 3 -3 7 20 6 19 -1 18 -10 11 -7 -12 14 17 -8 -16 -2 -9 -5 -4
right_child=13 2 4 5 -6 10 15 8 9 -11 12 -13 -14 -15 16 -17 -18 -19 -20 -21 -22
leaf_value=0.0023591262559286325 0.0027946920547342949 0.012845467424345208 0.0054859949058245119 0.0050371776156861031 0.0018698450372744667 0.0032091925327375061 0.0036236347512864468 0.005928722627918155 0.0050373646283121036 0.0040611470626060802 0.0039266579271388545 0.00082097129118415251 0.0027088943883336958 0.0040261069526154863 0.0025047234949242035 0.0047773663890132998 0.0041200883774609749 0.0011835450154157497 0.0047137543829935393 0.0061040890759437062 0.004554890455604004
leaf_weight=35 28 20 20 26 23 166 135 93 147 595 557 21 67 23 36 49 27 54 22 48 20
leaf_count=35 28 20 20 26 23 166 135 93 147 595 557 21 67 23 36 49 27 54 22 48 20
internal_value=0.00402611 0.00414658 0.00614775 0.00405931 0.00396379 0.00379895 0.00446992 0.0043746 0.00446225 0.00425969 0.00358152 0.00290942 0.00378921 0.00256833 0.0023226 0.00394949 0.00323455 0.00167608 0.00573009 0.00578771 0.00511787
internal_weight=2212 2044 83 1961 63 1069 258 892 857 742 811 187 624 168 145 184 63 82 115 74 40
internal_count=2212 2044 83 1961 63 1069 258 892 857 742 811 187 624 168 145 184 63 82 115 74 40
is_linear=0
shrinkage=1


Tree=1
num_leaves=29
num_cat=0
split_feature=11 23 22 19 22 23 15 23 18 15 20 11 19 19 23 11 11 15 25 11 25 23 12 17 15 18 25 23
split_gain=0.471113 0.466796 0.961188 0.574491 0.325682 0.217007 0.184066 0.125632 0.114833 0.142436 0.190136 0.11141 0.133562 0.0997168 0.0771828 0.0730577 0.0635487 0.0627192 0.0605699 0.0361014 0.0429137 0.0354909 0.0236648 0.0219457 0.0137986 0.00675556 0.00447865 0.0261279
threshold=1.0901257908998276 268.27500000000003 283.52150000000006 98.625000000000014 253.04550000000003 266.93500000000006 0.017882067259059102 267.52500000000003 0.10755450006741556 0.015785911485069703 2.3650000000000007 0.95087471732024065 94.985000610000014 84.27000046000002 316.29500000000002 0.93814681122858035 0.97248499149821088 0.025789531722020854 -1.4061154519999997 1.1130883053044724 -0.47858949549999991 202.86000000000004 1.0337252597718027 -0.0053733326355165489 0.019451679956951701 0.61378373776226092 0.050500348000000007 280.73000000000008
decision_type=2 2 2 2 2 2 2 2 2 2 2 2 2 2 2 2 2 2 2 2 2 2 2 2 2 2 2 2
left_child=1 4 6 -4 8 -6 11 17 16 13 -11 25 -13 -10 15 -8 21 -7 -2 22 -21 -1 -20 -9 -18 -3 -22 -28
right_child=18 2 3 -5 5 7 14 23 9 10 -12 12 -14 -15 -16 -17 24 -19 19 20 26 -23 -24 -25 -26 -27 27 -29
leaf_value=0 -0.0026050758562438806 0.0023362906632062633 0.0085400068781205582 0.0018616929157142293 -0.004312984517734984 0.00092781778145581482 0.00098631890034002641 -0.0010009620795026423 -0.0015882722610034618 -0.0010111796978353384 0.00020178768289908866 0.0011585451949485627 4.6871656638727156e-05 0.00031343671836869022 0.0015307087884949785 -0.0005447395717515925 -0.00044860831322148442 -0.00095115755572915074 -0.00091401723307790229 -8.5621879436075679e-05 -0.0024999002379608218 0.0014055987216549061 0.00021581754348564731 -0.0026558950641615824 0.0004643877582705539 0.0012615862611462087 -0.0021466238647200432 -0.00058955982387331985
leaf_weight=20 35 37 20 31 22 28 30 21 25 298 184 187 214 422 20 221 37 34 39 20 22 82 22 32 22 33 27 27
leaf_count=20 35 37 20 31 22 28 30 21 25 298 184 187 214 422 20 221 37 34 39 20 22 82 22 32 22 33 27 27
internal_value=0 0.00013535 0.000703098 0.0046522 -0.000229411 -0.00160325 0.00042173 -0.00102629 -5.26757e-05 -0.000183574 -0.000542468 0.000780841 0.000574338 0.000197073 -0.000191954 -0.000346652 0.000680582 -5.37111e-05 -0.001416 -0.00111713 -0.00149391 0.00113224 -0.00046124 -0.0020864 -5.61033e-05 0.0018968 -0.00181962 -0.00144751
internal_weight=2212 2020 793 51 1227 137 742 115 1090 929 482 471 401 447 271 251 161 62 192 157 96 102 61 53 59 70 76 54
internal_count=2212 2020 793 51 1227 137 742 115 1090 929 482 471 401 447 271 251 161 62 192 157 96 102 61 53 59 70 76 54
is_linear=0
shrinkage=0.03


Tree=2
num_leaves=31
num_cat=0
split_feature=11 23 15 20 21 21 18 17 26 21 11 20 19 23 11 23 23 25 23 15 23 20 20 11 25 23 19 19 25 23
split_gain=0.44534 0.440804 0.293851 0.253787 0.831307 0.17579 0.142964 0.142752 0.101728 0.16116 0.137886 0.0943646 0.112667 0.0867187 0.0744363 0.0592095 0.057801 0.056625 0.0562122 0.0524824 0.0476216 0.0468736 0.0455191 0.0341984 0.0403161 0.0229591 0.0216592 0.0128702 0.00383213 0.0243669
threshold=1.0901257908998276 268.27500000000003 0.024381237349598853 1.9150000000000003 23.875000000000004 14.715000155000002 0.10755450006741556 0.0017939018148632002 41.000000000000007 30.744999885000002 0.95087471732024065 2.1250000000000004 84.27000046000002 257.59000000000003 0.95131455301382617 267.43000000000001 295.24000000000007 -1.4061154519999997 277.68000000000006 0.015919692904401952 286.48500000000007 2.4150000000000005 2.5350000000000006 1.1130883053044724 -0.47858949549999991 292.89500000000004 102.00500105000002 96.39500046000002 0.050500348000000007 280.73000000000008
decision_type=2 2 2 2 2 2 2 2 2 2 2 2 2 2 2 2 2 2 2 2 2 2 2 2 2 2 2 2 2 2
left_child=1 2 6 8 5 14 19 15 9 16 20 13 -13 -8 -5 26 -3 -2 -12 21 -10 -1 -7 25 -25 -19 -4 -21 -26 -30
right_child=17 3 7 4 -6 22 11 -9 10 -11 18 12 -14 -15 -16 -17 -18 23 -20 27 -22 -23 -24 24 28 -27 -28 -29 29 -31
leaf_value=0.00078309163541853189 -0.0025290944931039118 0.00100524291585801 -0.0020935003975302807 0.0011375322506987843 0.006229776832601056 0.002732098629698157 -0.00051444727985383294 -6.8416698513409254e-05 1.316671907393769e-05 -0.0008625108106485145 0.0012328869798569938 -0.001363433117387243 9.0189137765692598e-05 -0.0025763656486357958 -0.00068177174849149119 -0.0011323990125449432 0.0029916507205502551 -0.00090708155648854471 -0.00011221037763848777 0.0014426775670250537 0.0018503000950570113 -0.00072444114910767351 0.0010741476275003515 -8.3175535180738988e-05 -0.0024281639468289261 0.00019609398569446056 -0.0040618005821650678 0.00053147111284370351 -0.0020845250825067131 -0.00057250469550490372
leaf_weight=39 35 35 26 28 29 32 257 38 21 21 29 51 611 20 64 30 32 38 400 65 53 33 49 20 22 23 21 36 27 27
leaf_count=39 35 35 26 28 29 32 257 38 21 21 29 51 611 20 64 30 32 38 400 65 53 33 49 20 22 23 21 36 27 27
internal_value=0 0.000131594 -0.000222815 0.000683334 0.00160312 0.000778965 -7.0045e-05 -0.00166083 0.000361713 0.00130267 0.000188881 -0.000218653 -1.91595e-05 -0.000682846 -8.95347e-05 -0.00239729 0.00202814 -0.00137673 -1.16506e-05 0.000715941 0.00137608 5.05845e-05 0.00179106 -0.00108646 -0.00145352 -0.000446289 -0.00310175 0.0011557 -0.00176941 -0.00140722
internal_weight=2212 2020 1227 793 202 173 1112 115 591 88 503 939 662 277 92 77 67 192 429 173 74 72 81 157 96 61 47 101 76 54
internal_count=2212 2020 1227 793 202 173 1112 115 591 88 503 939 662 277 92 77 67 192 429 173 74 72 81 157 96 61 47 101 76 54
is_linear=0
shrinkage=0.03


Tree=3
num_leaves=30
num_cat=0
split_feature=23 22 19 22 16 23 16 13 19 19 18 23 19 16 23 20 14 14 24 14 20 18 16 17 22 23 17 18 9
split_gain=0.341809 0.357428 1.27664 0.314684 0.192321 0.173529 0.150233 0.108906 0.099204 0.171243 0.187438 0.0990157 0.0907495 0.126806 0.0652912 0.132495 0.062551 0.0582968 0.0474443 0.0465164 0.042591 0.0292855 0.023677 0.0215099 0.0207124 0.0412859 0.0112599 0.0105535 0.0038507
threshold=268.27500000000003 283.52150000000006 97.384998320000008 253.04550000000003 38.237529576681389 266.93500000000006 53.156035395877062 1.0418033074313422 84.27000046000002 89.889999390000014 0.44993774052011287 267.52500000000003 94.67499924000002 66.088023318651835 286.48500000000007 2.1150000000000007 0.016972199929608956 0.025513457865258254 1.0714918310000001 0.023401654110627754 2.8250000000000006 0.35755242515331637 44.395737729961162 -0.0052993446818663491 237.69500000000002 260.74000000000007 0.0047415721228999006 0.84705189364288824 1.0404203862156851
decision_type=2 2 2 2 2 2 2 2 2 2 2 2 2 2 2 2 2 2 2 2 2 2 2 2 2 2 2 2 2
left_child=3 4 -3 7 21 -5 -4 8 16 26 -11 17 13 18 22 -16 27 -7 -6 24 -8 -2 -14 -13 -9 -26 -10 -1 -15
right_child=1 2 6 5 12 11 20 19 9 10 -12 23 14 28 15 -17 -18 -19 -20 -21 -22 -23 -24 -25 25 -27 -28 -29 -30
leaf_value=-0.0022441388496330806 0.0021855934943834487 0.0087244403742785959 0.0020051366835116191 -0.0040806475787059119 0.0012029463234852918 0.00068065440051000693 -0.0018407675565353459 0 0.0017658570240600964 0.00076257440380463851 -0.00030116843256224268 -0.00099342081525727452 0 -0.0015246668133352482 -0.00020031854272165215 0.0021027707806974649 0 -0.0010661422119905741 0.00037263443138821188 -0.0020962919916116423 0 0.00087764992385709769 -0.0010602997492916964 -0.0025819080940758187 -0.0018327504426706581 0 0.00062974262244824787 -0.00087103617856545111 -0.00052938969311830798
leaf_weight=27 43 20 25 22 93 28 20 25 47 186 724 22 29 20 219 24 27 38 242 30 21 44 90 35 23 23 23 20 22
leaf_count=27 43 20 25 22 93 28 20 25 47 186 724 22 29 20 219 24 27 38 242 30 21 44 90 35 23 23 23 20 22
internal_value=0 0.000444931 0.00227835 -0.000312299 0.00024789 -0.00162666 0.000179154 -0.000143433 -4.98132e-05 2.76547e-05 -7.98526e-05 -0.00113418 8.56009e-05 0.000413844 -0.000248178 2.25377e-05 -0.00110243 -0.000281203 0.000614962 -0.00108094 -0.000884053 0.00157569 -0.000821564 -0.00204823 -0.000587093 -0.000961582 0.00144894 -0.00175266 -0.00109753
internal_weight=2212 912 86 1300 826 145 66 1155 1054 980 910 123 739 377 362 243 74 66 335 101 41 87 119 57 71 46 70 47 42
internal_count=2212 912 86 1300 826 145 66 1155 1054 980 910 123 739 377 362 243 74 66 335 101 41 87 119 57 71 46 70 47 42
is_linear=0
shrinkage=0.03


end of trees

feature_importances:
USDA_WASDE_Stocks=19
USD_Index=12
Rolling_Std_20=10
US_10Y_Yield=10
Close_to_MA_50=9
CPI_Inflation=9
Temperature_Anomaly_KeyRegions=9
Volume_to_MA_10=8
RSI_14=6
MACD_Pct=4
Rolling_Std_10=3
VIX=3
Close_to_MA_10=1
Close_to_EMA_10=1
Close_to_EMA_20=1
Precipitation_KeyRegions=1
Planting_Progress_Pct=1
Export_Sales=1

parameters:
[boosting: gbdt]
[objective: regression]
[metric: l2]
[tree_learner: serial]
[device_type: cpu]
[data_sample_strategy: bagging]
[data: ]
[valid: ]
[num_iterations: 200]
[learning_rate: 0.03]
[num_leaves: 31]
[num_threads: 20]
[seed: 42]
[deterministic: 0]
[force_col_wise: 0]
[force_row_wise: 0]
[histogram_pool_size: -1]
[max_depth: 6]
[min_data_in_leaf: 20]
[min_sum_hessian_in_leaf: 0.001]
[bagging_fraction: 0.8]
[pos_bagging_fraction: 1]
[neg_bagging_fraction: 1]
[bagging_freq: 0]
[bagging_seed: 400]
[bagging_by_query: 0]
[feature_fraction: 0.8]
[feature_fraction_bynode: 1]
[feature_fraction_seed: 30056]
[extra_trees: 0]
[extra_seed: 12879]
[early_stopping_round: 0]
[early_stopping_min_delta: 0]
[first_metric_only: 0]
[max_delta_step: 0]
[lambda_l1: 0.1]
[lambda_l2: 1]
[linear_lambda: 0]
[min_gain_to_split: 0]
[drop_rate: 0.1]
[max_drop: 50]
[skip_drop: 0.5]
[xgboost_dart_mode: 0]
[uniform_drop: 0]
[drop_seed: 17869]
[top_rate: 0.2]
[other_rate: 0.1]
[min_data_per_group: 100]
[max_cat_threshold: 32]
[cat_l2: 10]
[cat_smooth: 10]
[max_cat_to_onehot: 4]
[top_k: 20]
[monotone_constraints: ]
[monotone_constraints_method: basic]
[monotone_penalty: 0]
[feature_contri: ]
[forcedsplits_filename: ]
[refit_decay_rate: 0.9]
[cegb_tradeoff: 1]
[cegb_penalty_split: 0]
[cegb_penalty_feature_lazy: ]
[cegb_penalty_feature_coupled: ]
[path_smooth: 0]
[interaction_constraints: ]
[verbosity: -1]
[saved_feature_importance_type: 0]
[use_quantized_grad: 0]
[num_grad_quant_bins: 4]
[quant_train_renew_leaf: 0]
[stochastic_rounding: 1]
[linear_tree: 0]
[max_bin: 255]
[max_bin_by_feature: ]
[min_data_in_bin: 3]
[bin_construct_sample_cnt: 200000]
[data_random_seed: 175]
[is_enable_sparse: 1]
[enable_bundle: 1]
[use_missing: 1]
[zero_as_missing: 0]
[feature_pre_filter: 1]
[pre_partition: 0]
[two_round: 0]
[header: 0]
[label_column: ]
[weight_column: ]
[group_column: ]
[ignore_column: ]
[categorical_feature: ]
[forcedbins_filename: ]
[precise_float_parser: 0]
[parser_config_file: ]
[objective_seed: 16083]
[num_class: 1]
[is_unbalance: 0]
[scale_pos_weight: 1]
[sigmoid: 1]
[boost_from_average: 1]
[reg_sqrt: 0]
[alpha: 0.9]
[fair_c: 1]
[poisson_max_delta_step: 0.7]
[tweedie_variance_power: 1.5]
[lambdarank_truncation_level: 30]
[lambdarank_norm: 1]
[label_gain: ]
[lambdarank_position_bias_regularization: 0]
[eval_at: ]
[multi_error_top_k: 1]
[auc_mu_weights: ]
[num_machines: 1]
[local_listen_port: 12400]
[time_out: 120]
[machine_list_filename: ]
[machines: ]
[gpu_platform_id: -1]
[gpu_device_id: -1]
[gpu_device_id_list: ]
[gpu_use_dp: 0]
[num_gpu: 1]

end of parameters

pandas_categorical:[]
